Packets
-------

JUMP:

Position:-677 , 1 , 163 

ClientRequest
02 04 01 00 2d 01 29 80 c2 00 00 00 60 4b 8c f0 c0 00 00 00 00 00 c0 57 40 00 00 00 40 a7 dd cf 
40 4f 03 15 00 04 00 00 00 87 43 00 75 24 c0 04

Answer 1
82 5c 5c 85 47 03 02 00 03 09 08 00 67 62 84 c7 95 8b 57 43 e2 ec 7e 46 8d e1 11 04 ff 01 64 01 
00 00 00 00 00 00 00 00 00 00 00 08 41 6e 64 65 72 73 6f 6e 06 54 68 6f 6d 61 73 ff 00 00 23 1a 
e9 90 80 b0 04 02 02 8e 00 00 00 01 00 00 00 00 00 00 00 00 00 00 00 00 00 00 ff 28 0a 32 00 00 
87 43 00 00 9a e4 11 04 00 00 00 60 4b 8c f0 c0 00 00 00 00 00 c0 57 40 00 00 00 40 a7 dd cf 40 
00 ff 00 00 00 00 00 f7 00 00 00 f7 00 00 00 00 00 28 0a ff 00 31 5e 00 00 00 00 00 00 00 00 00 
00 00 00 00 00 00 00 ff 00 00 00 00 00 00 00 00 00 00 00 00 80 3f 11 00 00 00 4b b1 00 00 71 02 
00 00 3f 00 00 00 01 22 00 00 00 00 00 00 00 00 00

Answer 2
02 03 02 00 03 08 73 62 84 c7 bd 59 96 43 8a ec 7e 46 eb e1 11 04 ff 01 64 01 00 00 00 00 00 00 
00 00 00 00 00 08 41 6e 64 65 72 73 6f 6e 06 54 68 6f 6d 61 73 ff 00 00 23 1a e9 90 80 b0 04 02 
02 8e 00 00 00 01 00 00 00 00 00 00 00 00 00 00 00 00 00 00 ff 28 0a 32 00 00 87 43 00 00 9a e4 
11 04 00 00 00 60 4b 8c f0 c0 00 00 00 00 00 c0 57 40 00 00 00 40 a7 dd cf 40 00 ff 00 00 00 00 
00 f7 00 00 00 f7 00 00 00 00 00 28 0a ff 00 31 5e 00 00 00 00 00 00 00 00 00 00 00 00 00 00 00 
00 ff 00 00 00 00 00 00 00 00 00 00 00 00 80 3f 11 00 00 00 4b b1 00 00 71 02 00 00 3f 00 00 00 
01 22 00 00 00 00 00 00 00 00 00 

Answer 3
02 03 02 00 03 08 7f 62 84 c7 6c 32 ae 43 37 ec 7e 46 68 e2 11 04 ff 01 64 01 00 00 00 00 00 00 
00 00 00 00 00 08 41 6e 64 65 72 73 6f 6e 06 54 68 6f 6d 61 73 ff 00 00 23 1a e9 90 80 b0 04 02 
02 8e 00 00 00 01 00 00 00 00 00 00 00 00 00 00 00 00 00 00 ff 28 0a 32 00 00 87 43 00 00 9a e4 
11 04 00 00 00 60 4b 8c f0 c0 00 00 00 00 00 c0 57 40 00 00 00 40 a7 dd cf 40 00 ff 00 00 00 00 
00 f7 00 00 00 f7 00 00 00 00 00 28 0a ff 00 31 5e 00 00 00 00 00 00 00 00 00 00 00 00 00 00 00 
00 ff 00 00 00 00 00 00 00 00 00 00 00 00 80 3f 11 00 00 00 4b b1 00 00 71 02 00 00 3f 00 00 00 
01 22 00 00 00 00 00 00 00 00 00 

Answer 4
02 03 02 00 03 08 8b 62 84 c7 ca 7d b6 43 df eb 7e 46 e5 e2 11 04 ff 01 64 01 00 00 00 00 00 00 
00 00 00 00 00 08 41 6e 64 65 72 73 6f 6e 06 54 68 6f 6d 61 73 ff 00 00 23 1a e9 90 80 b0 04 02 
02 8e 00 00 00 01 00 00 00 00 00 00 00 00 00 00 00 00 00 00 ff 28 0a 32 00 00 87 43 00 00 9a e4 
11 04 00 00 00 60 4b 8c f0 c0 00 00 00 00 00 c0 57 40 00 00 00 40 a7 dd cf 40 00 ff 00 00 00 00 
00 f7 00 00 00 f7 00 00 00 00 00 28 0a ff 00 31 5e 00 00 00 00 00 00 00 00 00 00 00 00 00 00 00 
00 ff 00 00 00 00 00 00 00 00 00 00 00 00 80 3f 11 00 00 00 4b b1 00 00 71 02 00 00 3f 00 00 00 
01 22 00 00 00 00 00 00 00 00 00 

Answer 5
02 03 02 00 03 08 96 62 84 c7 6c 32 ae 43 8d eb 7e 46 42 e3 11 04 ff 01 64 01 00 00 00 00 00 00 
00 00 00 00 00 08 41 6e 64 65 72 73 6f 6e 06 54 68 6f 6d 61 73 ff 00 00 23 1a e9 90 80 b0 04 02 
02 8e 00 00 00 01 00 00 00 00 00 00 00 00 00 00 00 00 00 00 ff 28 0a 32 00 00 87 43 00 00 9a e4 
11 04 00 00 00 60 4b 8c f0 c0 00 00 00 00 00 c0 57 40 00 00 00 40 a7 dd cf 40 00 ff 00 00 00 00 
00 f7 00 00 00 f7 00 00 00 00 00 28 0a ff 00 31 5e 00 00 00 00 00 00 00 00 00 00 00 00 00 00 00 
00 ff 00 00 00 00 00 00 00 00 00 00 00 00 80 3f 11 00 00 00 4b b1 00 00 71 02 00 00 3f 00 00 00 
01 22 00 00 00 00 00 00 00 00 00 

Answer 6
02 03 02 00 03 08 a2 62 84 c7 35 35 94 43 35 eb 7e 46 c0 e3 11 04 ff 01 64 01 00 00 00 00 00 00 
00 00 00 00 00 08 41 6e 64 65 72 73 6f 6e 06 54 68 6f 6d 61 73 ff 00 00 23 1a e9 90 80 b0 04 02 
02 8e 00 00 00 01 00 00 00 00 00 00 00 00 00 00 00 00 00 00 ff 28 0a 32 00 00 87 43 00 00 9a e4 
11 04 00 00 00 60 4b 8c f0 c0 00 00 00 00 00 c0 57 40 00 00 00 40 a7 dd cf 40 00 ff 00 00 00 00 
00 f7 00 00 00 f7 00 00 00 00 00 28 0a ff 00 31 5e 00 00 00 00 00 00 00 00 00 00 00 00 00 00 00 
00 ff 00 00 00 00 00 00 00 00 00 00 00 00 80 3f 11 00 00 00 4b b1 00 00 71 02 00 00 3f 00 00 00 
01 22 00 00 00 00 00 00 00 00 00

Answer 7
02 03 02 00 03 08 ae 62 84 c7 4a 0c 51 43 dd ea 7e 46 3d e4 11 04 ff 01 64 01 00 00 00 00 00 00 
00 00 00 00 00 08 41 6e 64 65 72 73 6f 6e 06 54 68 6f 6d 61 73 ff 00 00 23 1a e9 90 80 b0 04 02 
02 8e 00 00 00 01 00 00 00 00 00 00 00 00 00 00 00 00 00 00 ff 28 0a 32 00 00 87 43 00 00 9a e4 
11 04 00 00 00 60 4b 8c f0 c0 00 00 00 00 00 c0 57 40 00 00 00 40 a7 dd cf 40 00 ff 00 00 00 00 
00 f7 00 00 00 f7 00 00 00 00 00 28 0a ff 00 31 5e 00 00 00 00 00 00 00 00 00 00 00 00 00 00 00 
00 ff 00 00 00 00 00 00 00 00 00 00 00 00 80 3f 11 00 00 00 4b b1 00 00 71 02 00 00 3f 00 00 00 
01 22 00 00 00 00 00 00 00 00 00 

Answer 8
02 03 02 00 03 09 00 00 5b 62 84 c7 00 00 be 42 3a ed 7e 46 9a e4 11 04 ff 01 64 01 00 00 00 00 
00 00 00 00 00 00 00 08 41 6e 64 65 72 73 6f 6e 06 54 68 6f 6d 61 73 ff 00 00 23 1a e9 90 80 b0 
04 02 02 8e 00 00 00 01 00 00 00 00 00 00 00 00 00 00 00 00 00 00 ff 28 0a 32 00 00 87 43 00 00 
9a e4 11 04 00 00 00 60 4b 8c f0 c0 00 00 00 00 00 c0 57 40 00 00 00 40 a7 dd cf 40 00 ff 00 00 
00 00 00 f7 00 00 00 f7 00 00 00 00 00 28 0a ff 00 31 5e 00 00 00 00 00 00 00 00 00 00 00 00 00 
00 00 00 ff 00 00 00 00 00 00 00 00 00 00 00 00 80 3f 11 00 00 00 4b b1 00 00 71 02 00 00 3f 00 
00 00 01 22 00 00 00 00 00 00 00 00 00 

Answer 9
02 03 02 00 03 09 00 00 5b 62 84 c7 00 00 be 42 3a ed 7e 46 17 e5 11 04 ff 01 64 01 00 00 00 00 
00 00 00 00 00 00 00 08 41 6e 64 65 72 73 6f 6e 06 54 68 6f 6d 61 73 ff 00 00 23 1a e9 90 80 b0 
04 02 02 8e 00 00 00 01 00 00 00 00 00 00 00 00 00 00 00 00 00 00 ff 28 0a 32 00 00 87 43 00 00 
9a e4 11 04 00 00 00 60 4b 8c f0 c0 00 00 00 00 00 c0 57 40 00 00 00 40 a7 dd cf 40 00 ff 00 00 
00 00 00 f7 00 00 00 f7 00 00 00 00 00 28 0a ff 00 31 5e 00 00 00 00 00 00 00 00 00 00 00 00 00 
00 00 00 ff 00 00 00 00 00 00 00 00 00 00 00 00 80 3f 11 00 00 00 4b b1 00 00 71 02 00 00 3f 00 
00 00 01 22 00 00 00 00 00 00 00 00 00 

