Client->GAME [08:27:36 07/24/09] packet size: 48 CRYPTED, Flags: 7f ServerSeq: 0 ClientSeq: 157
02 04 01 00 2e 01 29 80 c2 00 00 00 60 4b 8c f0 c0 00 00 00 00 00 c0 57 40 00 00 00 40 a7 dd cf 
40 4f 03 15 00 04 00 00 00 87 43 00 53 f4 c1 04 
......).....`K.........W@...@...@O........C.S...

GAME->Client [08:27:36 07/24/09] packet size: 29 CRYPTED, Flags: 7f ServerSeq: 113 ClientSeq: 13
02 03 02 00 03 01 08 00 80 80 10 78 b4 13 04 00 00 04 01 01 2a 01 06 80 c3 53 f4 c1 04 
...........x........*....S...

Client->GAME [08:27:36 07/24/09] packet size: 1 CRYPTED, Flags: 7f ServerSeq: 1 ClientSeq: 158
02 
.

GAME->Client [08:27:36 07/24/09] packet size: 209 CRYPTED, Flags: 7f ServerSeq: 114 ClientSeq: 13
82 b8 97 85 47 03 02 00 03 09 08 00 67 62 84 c7 95 8b 57 43 e2 ec 7e 46 4b b1 13 04 ff 01 64 01 
00 00 00 00 00 00 00 00 00 00 00 08 41 6e 64 65 72 73 6f 6e 06 54 68 6f 6d 61 73 ff 00 00 23 1a 
e9 90 80 b0 04 02 02 8e 00 00 00 01 00 00 00 00 00 00 00 00 00 00 00 00 00 00 ff 28 0a 32 00 00 
87 43 00 00 78 b4 13 04 00 00 00 60 4b 8c f0 c0 00 00 00 00 00 c0 57 40 00 00 00 40 a7 dd cf 40 
00 ff 00 00 00 00 00 f7 00 00 00 f7 00 00 00 00 00 28 0a ff 00 31 5e 00 00 00 00 00 00 00 00 00 
00 00 00 00 00 00 00 ff 00 00 00 00 00 00 00 00 00 00 00 00 80 3f 11 00 00 00 4b b1 00 00 71 02 
00 00 3f 00 00 00 01 22 00 00 00 00 00 00 00 00 00 
....G.......gb....WC..~FK.....d.............Anderson.Thomas...#............................(.2..
.C..x......`K.........W@...@...@.................(...1^..............................?....K...q.
..?....".........

Client->GAME [08:27:36 07/24/09] packet size: 1 CRYPTED, Flags: 7f ServerSeq: 2 ClientSeq: 159
02 
.

GAME->Client [08:27:37 07/24/09] packet size: 203 CRYPTED, Flags: 7f ServerSeq: 115 ClientSeq: 14
02 03 02 00 03 08 73 62 84 c7 34 35 94 43 8f ec 7e 46 c8 b1 13 04 ff 01 64 01 00 00 00 00 00 00 
00 00 00 00 00 08 41 6e 64 65 72 73 6f 6e 06 54 68 6f 6d 61 73 ff 00 00 23 1a e9 90 80 b0 04 02 
02 8e 00 00 00 01 00 00 00 00 00 00 00 00 00 00 00 00 00 00 ff 28 0a 32 00 00 87 43 00 00 78 b4 
13 04 00 00 00 60 4b 8c f0 c0 00 00 00 00 00 c0 57 40 00 00 00 40 a7 dd cf 40 00 ff 00 00 00 00 
00 f7 00 00 00 f7 00 00 00 00 00 28 0a ff 00 31 5e 00 00 00 00 00 00 00 00 00 00 00 00 00 00 00 
00 ff 00 00 00 00 00 00 00 00 00 00 00 00 80 3f 11 00 00 00 4b b1 00 00 71 02 00 00 3f 00 00 00 
01 22 00 00 00 00 00 00 00 00 00 
......sb..45.C..~F......d.............Anderson.Thomas...#............................(.2...C..x.
.....`K.........W@...@...@.................(...1^..............................?....K...q...?...
.".........

Client->GAME [08:27:37 07/24/09] packet size: 1 CRYPTED, Flags: 7f ServerSeq: 3 ClientSeq: 160
02 
.

GAME->Client [08:27:37 07/24/09] packet size: 203 CRYPTED, Flags: 7f ServerSeq: 116 ClientSeq: 15
02 03 02 00 03 08 7f 62 84 c7 6c 32 ae 43 37 ec 7e 46 45 b2 13 04 ff 01 64 01 00 00 00 00 00 00 
00 00 00 00 00 08 41 6e 64 65 72 73 6f 6e 06 54 68 6f 6d 61 73 ff 00 00 23 1a e9 90 80 b0 04 02 
02 8e 00 00 00 01 00 00 00 00 00 00 00 00 00 00 00 00 00 00 ff 28 0a 32 00 00 87 43 00 00 78 b4 
13 04 00 00 00 60 4b 8c f0 c0 00 00 00 00 00 c0 57 40 00 00 00 40 a7 dd cf 40 00 ff 00 00 00 00 
00 f7 00 00 00 f7 00 00 00 00 00 28 0a ff 00 31 5e 00 00 00 00 00 00 00 00 00 00 00 00 00 00 00 
00 ff 00 00 00 00 00 00 00 00 00 00 00 00 80 3f 11 00 00 00 4b b1 00 00 71 02 00 00 3f 00 00 00 
01 22 00 00 00 00 00 00 00 00 00 
.......b..l2.C7.~FE.....d.............Anderson.Thomas...#............................(.2...C..x.
.....`K.........W@...@...@.................(...1^..............................?....K...q...?...
.".........

Client->GAME [08:27:37 07/24/09] packet size: 1 CRYPTED, Flags: 7f ServerSeq: 4 ClientSeq: 161
02 
.

GAME->Client [08:27:37 07/24/09] packet size: 203 CRYPTED, Flags: 7f ServerSeq: 117 ClientSeq: 0
02 03 02 00 03 08 8a 62 84 c7 ca 7d b6 43 e5 eb 7e 46 c3 b2 13 04 ff 01 64 01 00 00 00 00 00 00 
00 00 00 00 00 08 41 6e 64 65 72 73 6f 6e 06 54 68 6f 6d 61 73 ff 00 00 23 1a e9 90 80 b0 04 02 
02 8e 00 00 00 01 00 00 00 00 00 00 00 00 00 00 00 00 00 00 ff 28 0a 32 00 00 87 43 00 00 78 b4 
13 04 00 00 00 60 4b 8c f0 c0 00 00 00 00 00 c0 57 40 00 00 00 40 a7 dd cf 40 00 ff 00 00 00 00 
00 f7 00 00 00 f7 00 00 00 00 00 28 0a ff 00 31 5e 00 00 00 00 00 00 00 00 00 00 00 00 00 00 00 
00 ff 00 00 00 00 00 00 00 00 00 00 00 00 80 3f 11 00 00 00 4b b1 00 00 71 02 00 00 3f 00 00 00 
01 22 00 00 00 00 00 00 00 00 00 
.......b...}.C..~F......d.............Anderson.Thomas...#............................(.2...C..x.
.....`K.........W@...@...@.................(...1^..............................?....K...q...?...
.".........

Client->GAME [08:27:37 07/24/09] packet size: 1 CRYPTED, Flags: 7f ServerSeq: 5 ClientSeq: 162
02 
.

GAME->Client [08:27:37 07/24/09] packet size: 203 CRYPTED, Flags: 7f ServerSeq: 118 ClientSeq: 1
02 03 02 00 03 08 96 62 84 c7 6c 32 ae 43 8d eb 7e 46 3f b3 13 04 ff 01 64 01 00 00 00 00 00 00 
00 00 00 00 00 08 41 6e 64 65 72 73 6f 6e 06 54 68 6f 6d 61 73 ff 00 00 23 1a e9 90 80 b0 04 02 
02 8e 00 00 00 01 00 00 00 00 00 00 00 00 00 00 00 00 00 00 ff 28 0a 32 00 00 87 43 00 00 78 b4 
13 04 00 00 00 60 4b 8c f0 c0 00 00 00 00 00 c0 57 40 00 00 00 40 a7 dd cf 40 00 ff 00 00 00 00 
00 f7 00 00 00 f7 00 00 00 00 00 28 0a ff 00 31 5e 00 00 00 00 00 00 00 00 00 00 00 00 00 00 00 
00 ff 00 00 00 00 00 00 00 00 00 00 00 00 80 3f 11 00 00 00 4b b1 00 00 71 02 00 00 3f 00 00 00 
01 22 00 00 00 00 00 00 00 00 00 
.......b..l2.C..~F?.....d.............Anderson.Thomas...#............................(.2...C..x.
.....`K.........W@...@...@.................(...1^..............................?....K...q...?...
.".........

Client->GAME [08:27:37 07/24/09] packet size: 1 CRYPTED, Flags: 7f ServerSeq: 6 ClientSeq: 163
02 
.

GAME->Client [08:27:37 07/24/09] packet size: 203 CRYPTED, Flags: 7f ServerSeq: 119 ClientSeq: 2
02 03 02 00 03 08 a2 62 84 c7 35 35 94 43 35 eb 7e 46 bc b3 13 04 ff 01 64 01 00 00 00 00 00 00 
00 00 00 00 00 08 41 6e 64 65 72 73 6f 6e 06 54 68 6f 6d 61 73 ff 00 00 23 1a e9 90 80 b0 04 02 
02 8e 00 00 00 01 00 00 00 00 00 00 00 00 00 00 00 00 00 00 ff 28 0a 32 00 00 87 43 00 00 78 b4 
13 04 00 00 00 60 4b 8c f0 c0 00 00 00 00 00 c0 57 40 00 00 00 40 a7 dd cf 40 00 ff 00 00 00 00 
00 f7 00 00 00 f7 00 00 00 00 00 28 0a ff 00 31 5e 00 00 00 00 00 00 00 00 00 00 00 00 00 00 00 
00 ff 00 00 00 00 00 00 00 00 00 00 00 00 80 3f 11 00 00 00 4b b1 00 00 71 02 00 00 3f 00 00 00 
01 22 00 00 00 00 00 00 00 00 00 
.......b..55.C5.~F......d.............Anderson.Thomas...#............................(.2...C..x.
.....`K.........W@...@...@.................(...1^..............................?....K...q...?...
.".........

Client->GAME [08:27:37 07/24/09] packet size: 1 CRYPTED, Flags: 7f ServerSeq: 7 ClientSeq: 164
02 
.

GAME->Client [08:27:37 07/24/09] packet size: 203 CRYPTED, Flags: 7f ServerSeq: 120 ClientSeq: 3
02 03 02 00 03 08 ae 62 84 c7 99 8b 57 43 e2 ea 7e 46 39 b4 13 04 ff 01 64 01 00 00 00 00 00 00 
00 00 00 00 00 08 41 6e 64 65 72 73 6f 6e 06 54 68 6f 6d 61 73 ff 00 00 23 1a e9 90 80 b0 04 02 
02 8e 00 00 00 01 00 00 00 00 00 00 00 00 00 00 00 00 00 00 ff 28 0a 32 00 00 87 43 00 00 78 b4 
13 04 00 00 00 60 4b 8c f0 c0 00 00 00 00 00 c0 57 40 00 00 00 40 a7 dd cf 40 00 ff 00 00 00 00 
00 f7 00 00 00 f7 00 00 00 00 00 28 0a ff 00 31 5e 00 00 00 00 00 00 00 00 00 00 00 00 00 00 00 
00 ff 00 00 00 00 00 00 00 00 00 00 00 00 80 3f 11 00 00 00 4b b1 00 00 71 02 00 00 3f 00 00 00 
01 22 00 00 00 00 00 00 00 00 00 
.......b....WC..~F9.....d.............Anderson.Thomas...#............................(.2...C..x.
.....`K.........W@...@...@.................(...1^..............................?....K...q...?...
.".........

Client->GAME [08:27:37 07/24/09] packet size: 1 CRYPTED, Flags: 7f ServerSeq: 8 ClientSeq: 165
02 
.

GAME->Client [08:27:37 07/24/09] packet size: 205 CRYPTED, Flags: 7f ServerSeq: 121 ClientSeq: 4
02 03 02 00 03 09 00 00 5b 62 84 c7 00 00 be 42 3a ed 7e 46 97 b4 13 04 ff 01 64 01 00 00 00 00 
00 00 00 00 00 00 00 08 41 6e 64 65 72 73 6f 6e 06 54 68 6f 6d 61 73 ff 00 00 23 1a e9 90 80 b0 
04 02 02 8e 00 00 00 01 00 00 00 00 00 00 00 00 00 00 00 00 00 00 ff 28 0a 32 00 00 87 43 00 00 
78 b4 13 04 00 00 00 60 4b 8c f0 c0 00 00 00 00 00 c0 57 40 00 00 00 40 a7 dd cf 40 00 ff 00 00 
00 00 00 f7 00 00 00 f7 00 00 00 00 00 28 0a ff 00 31 5e 00 00 00 00 00 00 00 00 00 00 00 00 00 
00 00 00 ff 00 00 00 00 00 00 00 00 00 00 00 00 80 3f 11 00 00 00 4b b1 00 00 71 02 00 00 3f 00 
00 00 01 22 00 00 00 00 00 00 00 00 00 
........[b.....B:.~F......d.............Anderson.Thomas...#............................(.2...C..
x......`K.........W@...@...@.................(...1^..............................?....K...q...?.
...".........

Client->GAME [08:27:37 07/24/09] packet size: 20 CRYPTED, Flags: 7f ServerSeq: 8 ClientSeq: 166
02 03 02 00 01 08 5b 62 84 c7 00 00 be 42 3a ed 7e 46 00 00 
......[b.....B:.~F..

Client->GAME [08:27:37 07/24/09] packet size: 1 CRYPTED, Flags: 7f ServerSeq: 9 ClientSeq: 167
02 
.

GAME->Client [08:27:37 07/24/09] packet size: 205 CRYPTED, Flags: 7f ServerSeq: 122 ClientSeq: 5
02 03 02 00 03 09 00 00 5b 62 84 c7 00 00 be 42 3a ed 7e 46 14 b5 13 04 ff 01 64 01 00 00 00 00 
00 00 00 00 00 00 00 08 41 6e 64 65 72 73 6f 6e 06 54 68 6f 6d 61 73 ff 00 00 23 1a e9 90 80 b0 
04 02 02 8e 00 00 00 01 00 00 00 00 00 00 00 00 00 00 00 00 00 00 ff 28 0a 32 00 00 87 43 00 00 
78 b4 13 04 00 00 00 60 4b 8c f0 c0 00 00 00 00 00 c0 57 40 00 00 00 40 a7 dd cf 40 00 ff 00 00 
00 00 00 f7 00 00 00 f7 00 00 00 00 00 28 0a ff 00 31 5e 00 00 00 00 00 00 00 00 00 00 00 00 00 
00 00 00 ff 00 00 00 00 00 00 00 00 00 00 00 00 80 3f 11 00 00 00 4b b1 00 00 71 02 00 00 3f 00 
00 00 01 22 00 00 00 00 00 00 00 00 00 
........[b.....B:.~F......d.............Anderson.Thomas...#............................(.2...C..
x......`K.........W@...@...@.................(...1^..............................?....K...q...?.
...".........

Client->GAME [08:27:37 07/24/09] packet size: 1 CRYPTED, Flags: 7f ServerSeq: 10 ClientSeq: 168
02 
.

GAME->Client [08:27:37 07/24/09] packet size: 205 CRYPTED, Flags: 7f ServerSeq: 123 ClientSeq: 6
02 03 02 00 03 09 00 00 5b 62 84 c7 00 00 be 42 3a ed 7e 46 91 b5 13 04 ff 01 64 01 00 00 00 00 
00 00 00 00 00 00 00 08 41 6e 64 65 72 73 6f 6e 06 54 68 6f 6d 61 73 ff 00 00 23 1a e9 90 80 b0 
04 02 02 8e 00 00 00 01 00 00 00 00 00 00 00 00 00 00 00 00 00 00 ff 28 0a 32 00 00 87 43 00 00 
78 b4 13 04 00 00 00 60 4b 8c f0 c0 00 00 00 00 00 c0 57 40 00 00 00 40 a7 dd cf 40 00 ff 00 00 
00 00 00 f7 00 00 00 f7 00 00 00 00 00 28 0a ff 00 31 5e 00 00 00 00 00 00 00 00 00 00 00 00 00 
00 00 00 ff 00 00 00 00 00 00 00 00 00 00 00 00 80 3f 11 00 00 00 4b b1 00 00 71 02 00 00 3f 00 
00 00 01 22 00 00 00 00 00 00 00 00 00 
........[b.....B:.~F......d.............Anderson.Thomas...#............................(.2...C..
x......`K.........W@...@...@.................(...1^..............................?....K...q...?.
...".........

Client->GAME [08:27:38 07/24/09] packet size: 1 CRYPTED, Flags: 7f ServerSeq: 11 ClientSeq: 169
02 
.

GAME->Client [08:27:38 07/24/09] packet size: 213 CRYPTED, Flags: 7f ServerSeq: 124 ClientSeq: 8
82 60 98 85 47 03 02 00 03 28 01 c0 00 74 00 10 5b 62 84 c7 00 00 be 42 3a ed 7e 46 6c b6 13 04 
ff 01 64 01 00 00 00 00 00 00 00 00 00 00 00 08 41 6e 64 65 72 73 6f 6e 06 54 68 6f 6d 61 73 ff 
00 00 23 1a e9 90 80 b0 04 02 02 8e 00 00 00 01 00 00 00 00 00 00 00 00 00 00 00 00 00 00 ff 28 
0a 32 00 00 87 43 00 00 78 b4 13 04 00 00 00 60 4b 8c f0 c0 00 00 00 00 00 c0 57 40 00 00 00 40 
a7 dd cf 40 00 ff 00 00 00 00 00 f7 00 00 00 f7 00 00 00 00 00 28 0a ff 00 31 5e 00 00 00 00 00 
00 00 00 00 00 00 00 00 00 00 00 ff 00 00 00 00 00 00 00 00 00 00 00 00 80 3f 11 00 00 00 4b b1 
00 00 71 02 00 00 3f 00 00 00 01 22 00 00 00 00 00 00 00 00 00 
.`..G....(...t..[b.....B:.~Fl.....d.............Anderson.Thomas...#............................(
.2...C..x......`K.........W@...@...@.................(...1^..............................?....K.
..q...?....".........

Client->GAME [08:27:38 07/24/09] packet size: 1 CRYPTED, Flags: 7f ServerSeq: 12 ClientSeq: 170
02 
.

GAME->Client [08:27:38 07/24/09] packet size: 203 CRYPTED, Flags: 7f ServerSeq: 125 ClientSeq: 9
02 03 02 00 03 08 5b 62 84 c7 00 00 be 42 3a ed 7e 46 e9 b6 13 04 ff 01 64 01 00 00 00 00 00 00 
00 00 00 00 00 08 41 6e 64 65 72 73 6f 6e 06 54 68 6f 6d 61 73 ff 00 00 23 1a e9 90 80 b0 04 02 
02 8e 00 00 00 01 00 00 00 00 00 00 00 00 00 00 00 00 00 00 ff 28 0a 32 00 00 87 43 00 00 78 b4 
13 04 00 00 00 60 4b 8c f0 c0 00 00 00 00 00 c0 57 40 00 00 00 40 a7 dd cf 40 00 ff 00 00 00 00 
00 f7 00 00 00 f7 00 00 00 00 00 28 0a ff 00 31 5e 00 00 00 00 00 00 00 00 00 00 00 00 00 00 00 
00 ff 00 00 00 00 00 00 00 00 00 00 00 00 80 3f 11 00 00 00 4b b1 00 00 71 02 00 00 3f 00 00 00 
01 22 00 00 00 00 00 00 00 00 00 
......[b.....B:.~F......d.............Anderson.Thomas...#............................(.2...C..x.
.....`K.........W@...@...@.................(...1^..............................?....K...q...?...
.".........

Client->GAME [08:27:38 07/24/09] packet size: 1 CRYPTED, Flags: 7f ServerSeq: 13 ClientSeq: 171
02 
.

