GAME->Client [15:12:22 07/22/09] packet size: 1323 CRYPTED, Flags: 0 ServerSeq: 1 ClientSeq: 0
82 0e 2d fe 48 04 01 00 00 3d 6e 06 0e 00 01 00 00 00 0e 2d fe 48 01 44 00 34 00 72 65 73 6f 75 
72 63 65 2f 77 6f 72 6c 64 73 2f 66 69 6e 61 6c 5f 77 6f 72 6c 64 2f 73 6c 75 6d 73 5f 62 61 72 
72 65 6e 73 5f 66 75 6c 6c 2e 6d 65 74 72 00 28 00 48 61 6c 6c 6f 77 65 65 6e 5f 45 76 65 6e 74 
2c 57 69 6e 74 65 72 33 48 61 6c 6c 6f 77 65 65 6e 46 6c 79 54 53 45 43 00 0a 80 e5 e7 cb c0 12 
00 00 00 00 0a 80 e4 8b 38 da 00 00 00 00 00 08 80 b2 4e 00 08 00 08 02 08 80 b2 52 00 1e 00 08 
02 08 80 b2 54 00 0d 00 08 02 08 80 b2 4f 00 08 00 08 02 08 80 b2 51 00 1e 00 08 02 08 80 b2 11 
00 32 00 08 02 16 80 bc 45 03 11 00 00 02 00 00 00 11 00 32 00 00 00 00 00 00 00 00 16 80 bc 45 
00 02 00 00 02 00 00 00 cc 00 0c 00 00 00 00 00 00 00 00 16 80 bc 45 00 03 00 00 0b 00 00 00 37 
02 96 00 00 00 00 00 00 00 00 16 80 bc 45 00 04 00 00 2d 00 00 00 23 04 0a 00 00 00 00 00 00 00 
00 16 80 bc 45 00 05 00 00 2d 00 00 00 20 04 0a 00 00 00 00 00 00 00 00 16 80 bc 45 00 06 00 00 
2d 00 00 00 19 04 05 00 00 00 00 00 00 00 00 16 80 bc 45 00 07 00 00 2d 00 00 00 42 04 05 00 00 
00 00 00 00 00 00 16 80 bc 45 00 08 00 00 34 00 00 00 83 02 c8 00 00 00 00 00 00 00 00 08 80 b2 
3d 04 00 00 08 02 16 80 bc 45 03 3d 04 00 43 00 00 00 3d 04 00 00 00 00 00 00 00 00 00 16 80 bc 
45 00 09 00 00 4b 00 00 00 1f 04 19 00 00 00 00 00 00 00 00 16 80 bc 45 00 0a 00 00 5f 00 00 00 
7c 04 0f 00 00 00 00 00 00 00 00 16 80 bc 45 00 0b 00 00 5f 00 00 00 07 04 0f 00 00 00 00 00 00 
00 00 16 80 bc 45 00 0c 00 00 62 00 00 00 06 04 01 00 00 00 00 00 00 00 00 08 80 b2 35 04 00 00 
08 02 16 80 bc 45 03 35 04 00 62 00 00 00 35 04 00 00 00 00 00 00 00 00 00 16 80 bc 45 00 0d 00 
00 62 00 00 00 15 04 01 00 00 00 00 00 00 00 00 16 80 bc 45 00 0e 00 00 a5 00 00 00 c0 02 05 00 
00 00 00 00 00 00 00 16 80 bc 45 00 0f 00 00 d7 00 00 00 bf 02 05 00 00 00 00 00 00 00 00 16 80 
bc 45 00 10 00 00 2a 01 00 00 7e 02 04 00 00 00 00 00 00 00 00 16 80 bc 45 00 11 00 00 2a 01 00 
00 cc 00 00 00 00 00 00 00 00 00 00 08 80 b2 3e 04 00 00 08 02 16 80 bc 45 03 3e 04 00 4f 01 00 
00 3e 04 00 00 00 00 00 00 00 00 00 16 80 bc 45 00 12 00 00 5a 01 00 00 07 04 05 00 00 00 00 00 
00 00 00 16 80 bc 45 00 13 00 00 5a 01 00 00 1d 04 0f 00 00 00 00 00 00 00 00 08 80 b2 3f 04 00 
00 08 02 16 80 bc 45 03 3f 04 00 64 01 00 00 3f 04 00 00 00 00 00 00 00 00 00 16 80 bc 45 00 14 
00 00 64 01 00 00 1f 04 05 00 00 00 00 00 00 00 00 16 80 bc 45 00 15 00 00 66 01 00 00 7b 04 05 
00 00 00 00 00 00 00 00 16 80 bc 45 00 16 00 00 66 01 00 00 12 04 0a 00 00 00 00 00 00 00 00 16 
80 bc 45 00 17 00 00 66 01 00 00 06 04 0b 00 00 00 00 00 00 00 00 16 80 bc 45 00 18 00 00 8e 01 
00 00 03 04 05 00 00 00 00 00 00 00 00 16 80 bc 45 00 19 00 00 8e 01 00 00 12 04 0f 00 00 00 00 
00 00 00 00 16 80 bc 45 00 1a 00 00 8e 01 00 00 77 04 05 00 00 00 00 00 00 00 00 16 80 bc 45 00 
1b 00 00 cd 01 00 00 e5 03 05 00 00 00 00 00 00 00 00 16 80 bc 45 00 1c 00 00 cd 01 00 00 73 04 
05 00 00 00 00 00 00 00 00 16 80 bc 45 00 1d 00 00 cd 01 00 00 e3 03 0f 00 00 00 00 00 00 00 00 
08 80 b2 40 04 00 00 08 02 16 80 bc 45 03 40 04 00 d5 01 00 00 40 04 00 00 00 00 00 00 00 00 00 
16 80 bc 45 00 1e 00 00 d5 01 00 00 e3 03 05 00 00 00 00 00 00 00 00 16 80 bc 45 00 1f 00 00 36 
02 00 00 37 02 0a 00 00 00 00 00 00 00 00 16 80 bc 45 00 20 00 00 74 02 00 00 34 02 1e 00 00 00 
00 00 00 00 00 16 80 bc 56 00 21 00 00 c5 a7 00 00 7e 02 16 00 00 00 00 00 00 00 00 16 80 bc 56 
00 22 00 00 c5 a7 00 00 cc 00 19 00 00 00 00 00 00 00 00 16 80 bc 56 00 23 00 00 c5 a7 00 00 41 
02 28 00 00 00 00 00 00 00 00 16 80 bc 56 00 24 00 00 c5 a7 00 00 09 04 16 00 00 00 00 00 00 00 
00 16 80 bc 56 00 25 00 00 c5 a7 00 00 16 04 01 00 00 00 00 00 00 00 00 16 80 bc 56 00 26 00 00 
95 b7 00 00 b4 00 16 00 00 00 00 00 00 00 00 16 80 bc 56 00 27 00 00 95 b7 00 00 09 04 16 00 00 
00 00 00 00 00 00 16 80 bc 56 00 28 00 00 95 b7 00 00 9d 00 16 00 00 00 00 00 00 00 00 16 80 bc 
56 00 29 00 00 95 b7 00 00 b5 00 16 00 00 00 00 00 00 00 00 16 80 bc 56 00 2a 00 00 24 b3 00 00 
89 02 02 00 00 00 00 00 00 00 00 
..-.H....=n........-.H.D.4.resource/worlds/final_world/slums_barrens_full.metr.(.Halloween_Event
,Winter3HalloweenFlyTSEC................8.........N........R........T........O........Q.........
.2......E..........2...........E......................E........7.............E....-...#.........
....E....-... .............E....-.................E....-...B.............E....4.................
=........E.=..C...=.............E....K.................E...._...|.............E...._............
.....E....b.................5........E.5..b...5.............E....b.................E............
..........E......................E....*...~.............E....*.................>........E.>..O..
.>.............E....Z.................E....Z.................?........E.?..d...?.............E..
..d.................E....f...{.............E....f.................E....f.................E......
................E......................E........w.............E......................E........s.
............E......................@........E.@......@.............E......................E....6
...7.............E. ..t...4.............V.!......~.............V."....................V.#......A
.(...........V.$....................V.%....................V.&....................V.'...........
.........V.(....................V.)....................V.*..$..............

MRGN->Client [15:12:22 07/22/09] packet size: 6
aa aa 8c 1b 10 ee 
......

Client->GAME [15:12:23 07/22/09] packet size: 6 CRYPTED, Flags: 1 ServerSeq: 1 ClientSeq: 1
02 05 02 0c 00 00 
......

GAME->Client [15:12:23 07/22/09] packet size: 861 CRYPTED, Flags: 0 ServerSeq: 2 ClientSeq: 0
02 04 03 00 3d 07 16 80 bc 56 00 2b 00 00 24 b3 00 00 1a 04 01 00 00 00 00 00 00 00 00 16 80 bc 
56 00 2c 00 00 24 b3 00 00 b4 00 21 00 00 00 00 00 00 00 00 16 80 bc 56 00 2d 00 00 24 b3 00 00 
09 04 21 00 00 00 00 00 00 00 00 16 80 bc 56 00 2e 00 00 24 b3 00 00 15 04 02 00 00 00 00 00 00 
00 00 16 80 bc 56 00 2f 00 00 24 b3 00 00 b5 00 21 00 00 00 00 00 00 00 00 16 80 bc 56 00 30 00 
00 95 a7 00 00 b4 00 12 00 00 00 00 00 00 00 00 16 80 bc 56 00 31 00 00 95 a7 00 00 b5 00 12 00 
00 00 00 00 00 00 00 00 44 16 16 80 bc 56 00 32 00 00 95 a7 00 00 09 04 12 00 00 00 00 00 00 00 
00 16 80 bc 56 00 33 00 00 95 a7 00 00 70 00 0f 00 00 00 00 00 00 00 00 16 80 bc 56 00 34 00 00 
2c b3 00 00 17 04 01 00 00 00 00 00 00 00 00 16 80 bc 56 00 35 00 00 2c b3 00 00 b4 00 21 00 00 
00 00 00 00 00 00 16 80 bc 56 00 36 00 00 2c b3 00 00 09 04 21 00 00 00 00 00 00 00 00 16 80 bc 
56 00 37 00 00 2c b3 00 00 12 04 02 00 00 00 00 00 00 00 00 16 80 bc 56 00 38 00 00 2c b3 00 00 
07 04 02 00 00 00 00 00 00 00 00 16 80 bc 56 00 39 00 00 2c b3 00 00 b5 00 21 00 00 00 00 00 00 
00 00 16 80 bc 56 00 3a 00 00 c3 b2 00 00 89 02 02 00 00 00 00 00 00 00 00 16 80 bc 56 00 3b 00 
00 c3 b2 00 00 21 04 02 00 00 00 00 00 00 00 00 16 80 bc 56 00 3c 00 00 c3 b2 00 00 b4 00 1f 00 
00 00 00 00 00 00 00 16 80 bc 56 00 3d 00 00 c3 b2 00 00 09 04 1f 00 00 00 00 00 00 00 00 16 80 
bc 56 00 3e 00 00 c3 b2 00 00 1e 04 01 00 00 00 00 00 00 00 00 16 80 bc 56 00 3f 00 00 c3 b2 00 
00 9d 00 1f 00 00 00 00 00 00 00 00 16 80 bc 15 00 40 00 00 f7 03 00 00 08 02 00 00 00 00 00 00 
00 00 00 16 80 bc 15 00 41 00 00 f7 03 00 00 07 02 ec ff ff ff 00 00 00 00 00 16 80 bc 15 00 42 
00 00 f7 03 00 00 50 04 00 00 00 00 00 00 00 00 00 16 80 bc 15 00 43 00 00 f7 03 00 00 f4 03 00 
00 00 00 00 00 00 00 00 16 80 bc 15 00 44 00 00 f7 03 00 00 51 04 f6 ff ff ff 00 00 00 00 00 16 
80 bc 15 00 45 00 00 f7 03 00 00 52 04 0f 00 00 00 00 00 00 00 00 2f 47 00 00 04 01 00 00 00 00 
00 00 00 00 00 00 00 00 00 00 00 1a 00 06 00 00 00 01 00 00 00 00 01 01 00 00 00 00 00 80 00 00 
00 00 00 00 00 00 24 2e 07 00 00 00 00 00 00 00 00 00 00 00 59 00 00 2e 00 00 00 00 00 00 00 00 
00 00 00 00 00 00 00 00 00 00 00 00 5a 02 48 81 a9 00 00 07 00 05 3f 00 68 74 74 70 3a 2f 2f 74 
68 65 6d 61 74 72 69 78 6f 6e 6c 69 6e 65 2e 73 74 61 74 69 6f 6e 2e 73 6f 6e 79 2e 63 6f 6d 2f 
70 72 6f 63 65 73 73 46 6c 61 73 68 54 72 61 66 66 69 63 2e 76 6d 00 45 7c 75 d4 01 00 31 5e 00 
00 01 00 00 01 0f 00 34 00 01 54 68 65 20 44 75 61 6c 69 74 79 00 79 61 72 64 00 04 00 69 6e 74 
00 00 00 00 38 15 0e 1e 01 00 00 00 00 00 00 00 00 00 00 00 02 2f d8 01 00 66 a9 56 03 
....=....V.+..$.................V.,..$.....!...........V.-..$.....!...........V....$............
.....V./..$.....!...........V.0....................V.1..................D....V.2................
....V.3......p.............V.4..,.................V.5..,.....!...........V.6..,.....!...........
V.7..,.................V.8..,.................V.9..,.....!...........V.:....................V.;.
.....!.............V.<....................V.=....................V.>....................V.?.....
.................@......................A......................B......P...............C.........
.............D......Q...............E......R........../G........................................
......$.............Y.......................Z.H.......?.http://thematrixonline.station.sony.com/
processFlashTraffic.vm.E|u...1^........4..The Duality.yard...int....8................/...f.V.

GAME->Client [15:12:23 07/22/09] packet size: 876 CRYPTED, Flags: 1 ServerSeq: 3 ClientSeq: 1
02 04 01 00 5c 02 82 48 7c 75 d4 01 00 31 5e 00 00 02 00 01 02 0f 00 37 02 4b b1 00 00 52 65 73 
65 72 76 6f 69 72 20 44 6f 67 73 00 00 69 6e 74 00 00 00 00 38 15 0e 1e 01 00 00 00 00 00 00 00 
00 00 00 00 93 f5 01 00 54 68 65 41 76 65 6e 4e 69 67 65 72 61 00 00 00 00 00 8c f9 00 00 00 00 
00 00 ec 03 00 00 01 00 00 02 13 71 00 00 44 75 61 6c 69 74 79 00 00 00 00 e5 da d5 47 00 e0 99 
02 00 53 65 76 61 6e 6e 61 00 00 00 00 00 00 00 00 00 00 00 00 25 2f 01 00 4d 65 64 61 6e 69 61 
00 00 aa ac 36 4a 00 2a 10 03 00 54 33 68 47 72 65 79 46 6f 78 00 00 00 00 00 02 46 71 00 00 48 
69 67 68 73 70 65 65 64 00 00 00 e1 30 c3 47 00 2c 72 02 00 57 68 69 74 65 51 75 65 65 6e 58 58 
58 00 00 00 00 00 66 ec 01 00 53 6f 6e 67 61 00 00 00 00 00 9f 60 e7 47 00 de 39 00 00 45 71 75 
69 6e 6f 72 69 6f 78 00 00 00 00 02 35 72 00 00 52 65 76 6f 6c 75 74 69 6f 6e 00 00 00 4b 7a 17 
4a 00 5b 4b 02 00 48 61 63 68 69 6d 61 6e 74 61 72 6f 00 00 00 00 00 bc d2 01 00 43 65 72 69 6f 
6e 65 00 00 00 00 d8 61 ed 47 00 9e e5 04 00 50 68 6c 69 72 74 00 00 00 00 00 00 00 03 c6 72 00 
00 4b 69 6e 64 65 72 20 64 65 73 20 5a 6f 72 6e 73 00 4a 00 00 00 00 00 00 00 00 00 00 00 00 00 
00 00 00 00 00 00 00 00 6b db 01 00 50 61 72 74 79 61 6e 69 6d 61 6c 00 00 00 00 00 00 00 00 00 
00 00 00 00 00 00 00 00 00 00 00 00 00 03 2d 74 00 00 7a 69 6f 6e 73 20 74 61 63 20 6f 70 73 00 
00 00 00 00 00 00 00 00 00 00 00 00 00 00 00 00 00 00 00 00 00 00 00 00 00 2f d8 01 00 65 6e 74 
69 6c 73 61 72 00 00 00 00 00 00 00 00 00 00 00 00 00 00 00 00 00 00 00 00 00 00 00 00 00 01 02 
a4 00 00 47 65 72 6d 61 6e 53 6f 6c 64 69 65 72 73 00 00 00 00 00 00 00 00 00 00 00 00 00 00 00 
00 00 00 00 00 00 00 00 00 00 86 4c 02 00 53 79 6d 62 69 00 00 00 00 00 00 00 00 00 00 00 00 00 
00 00 00 00 00 00 00 00 00 00 00 00 00 00 00 03 81 1a 80 86 75 d4 01 00 4b b1 00 00 01 21 00 93 
f5 01 00 75 d4 01 00 00 00 00 00 32 00 14 02 00 00 18 01 0f 00 52 65 73 65 72 76 6f 69 72 20 44 
6f 67 73 00 06 00 00 75 d4 01 00 41 66 74 65 72 57 68 6f 72 75 4e 65 6f 00 00 00 00 00 00 00 00 
00 00 00 00 00 00 00 00 00 00 00 01 00 99 10 01 00 43 68 65 72 62 65 72 75 73 00 00 00 00 00 00 
00 00 00 00 00 00 00 00 00 00 00 00 00 00 00 00 00 00 00 93 f5 01 00 54 68 65 41 76 65 6e 4e 69 
67 65 72 61 00 00 00 00 00 00 00 00 00 00 00 00 00 00 00 00 00 00 00 00 00 ee 55 02 00 4c 31 7a 
5a 00 00 00 00 00 00 00 00 00 00 00 00 00 00 00 00 00 00 00 00 00 00 00 00 00 00 00 00 00 00 c2 
98 02 00 4b 61 72 74 68 6f 73 00 00 00 00 00 00 00 00 00 00 00 00 00 00 00 00 00 00 00 00 00 00 
00 00 00 00 00 62 f9 02 00 54 68 65 57 68 6f 72 75 4e 65 6f 00 00 00 00 00 00 00 00 00 00 00 00 
00 00 00 00 00 00 00 00 00 00 00 00 
....\..H|u...1^........7.K...Reservoir Dogs..int....8...................TheAvenNigera...........
...........q..Duality.......G.....Sevanna............%/..Medania....6J.*...T3hGreyFox......Fq..H
ighspeed....0.G.,r..WhiteQueenXXX.....f...Songa......`.G..9..Equinoriox.....5r..Revolution...Kz.
J.[K..Hachimantaro.........Cerione.....a.G.....Phlirt.........r..Kinder des Zorns.J.............
........k...Partyanimal.......................-t..zions tac ops........................../...ent
ilsar..............................GermanSoldiers..........................L..Symbi.............
....................u...K....!.....u.......2.........Reservoir Dogs....u...AfterWhoruNeo........
.................Cherberus.............................TheAvenNigera......................U..L1z
Z..................................Karthos...........................b...TheWhoruNeo............
............

GAME->Client [15:12:23 07/22/09] packet size: 1349 CRYPTED, Flags: 1 ServerSeq: 4 ClientSeq: 1
02 04 02 00 5e 12 2d 80 d7 08 00 3c 00 00 8e 23 00 53 4f 45 2b 4d 58 4f 2b 56 65 63 74 6f 72 2d 
48 6f 73 74 69 6c 65 2b 61 6e 74 69 65 74 61 6d 33 30 35 00 2b 80 d7 08 00 3c 00 00 8e 21 00 53 
4f 45 2b 4d 58 4f 2b 56 65 63 74 6f 72 2d 48 6f 73 74 69 6c 65 2b 53 74 61 72 6c 61 69 6e 65 00 
28 80 d7 08 00 3c 00 00 8e 1e 00 53 4f 45 2b 4d 58 4f 2b 56 65 63 74 6f 72 2d 48 6f 73 74 69 6c 
65 2b 53 6f 73 75 6b 65 00 28 80 d7 08 00 3c 00 00 8e 1e 00 53 4f 45 2b 4d 58 4f 2b 56 65 63 74 
6f 72 2d 48 6f 73 74 69 6c 65 2b 63 59 70 6e 69 73 00 2c 80 d7 08 00 3c 00 00 8e 22 00 53 4f 45 
2b 4d 58 4f 2b 56 65 63 74 6f 72 2d 48 6f 73 74 69 6c 65 2b 44 65 76 69 49 42 49 61 64 65 00 28 
80 d7 08 00 3c 00 00 8e 1e 00 53 4f 45 2b 4d 58 4f 2b 56 65 63 74 6f 72 2d 48 6f 73 74 69 6c 65 
2b 73 65 65 65 6b 79 00 2a 80 d7 08 00 3c 00 00 8e 20 00 53 4f 45 2b 4d 58 4f 2b 56 65 63 74 6f 
72 2d 48 6f 73 74 69 6c 65 2b 4c 75 78 50 69 6e 67 75 00 2a 80 d7 08 00 3c 00 00 8e 20 00 53 4f 
45 2b 4d 58 4f 2b 56 65 63 74 6f 72 2d 48 6f 73 74 69 6c 65 2b 43 68 69 6d 61 65 72 65 00 27 80 
d7 08 00 3c 00 00 8e 1d 00 53 4f 45 2b 4d 58 4f 2b 56 65 63 74 6f 72 2d 48 6f 73 74 69 6c 65 2b 
50 73 75 64 61 00 2f 80 d7 08 00 3c 00 00 8e 25 00 53 4f 45 2b 4d 58 4f 2b 56 65 63 74 6f 72 2d 
48 6f 73 74 69 6c 65 2b 54 68 65 41 76 65 6e 4e 69 67 65 72 61 00 26 80 d7 08 00 3c 00 00 8e 1c 
00 53 4f 45 2b 4d 58 4f 2b 56 65 63 74 6f 72 2d 48 6f 73 74 69 6c 65 2b 4c 30 34 44 00 29 80 d7 
08 00 3c 00 00 8e 1f 00 53 4f 45 2b 4d 58 4f 2b 56 65 63 74 6f 72 2d 48 6f 73 74 69 6c 65 2b 52 
61 73 68 61 68 64 00 2c 80 d7 08 00 3c 00 00 8e 22 00 53 4f 45 2b 4d 58 4f 2b 56 65 63 74 6f 72 
2d 48 6f 73 74 69 6c 65 2b 48 75 74 63 68 69 65 4a 52 32 00 2a 80 d7 08 00 3c 00 00 8e 20 00 53 
4f 45 2b 4d 58 4f 2b 56 65 63 74 6f 72 2d 48 6f 73 74 69 6c 65 2b 48 75 6e 6b 41 6b 34 37 00 2b 
80 d7 08 00 3c 00 00 8e 21 00 53 4f 45 2b 4d 58 4f 2b 56 65 63 74 6f 72 2d 48 6f 73 74 69 6c 65 
2b 41 72 6d 69 6e 61 74 6f 72 00 2a 80 d7 08 00 3c 00 00 8e 20 00 53 4f 45 2b 4d 58 4f 2b 56 65 
63 74 6f 72 2d 48 6f 73 74 69 6c 65 2b 65 6e 74 69 6c 73 61 72 00 2b 80 d7 08 00 3c 00 00 8e 21 
00 53 4f 45 2b 4d 58 4f 2b 56 65 63 74 6f 72 2d 48 6f 73 74 69 6c 65 2b 46 72 65 69 47 65 69 73 
74 00 29 80 d7 08 00 3c 00 00 8e 1f 00 53 4f 45 2b 4d 58 4f 2b 56 65 63 74 6f 72 2d 48 6f 73 74 
69 6c 65 2b 62 6d 61 39 39 39 39 00 00 70 0d 27 80 d7 08 00 3c 00 00 8e 1d 00 53 4f 45 2b 4d 58 
4f 2b 56 65 63 74 6f 72 2d 48 6f 73 74 69 6c 65 2b 46 6f 6e 64 6f 00 29 80 d7 08 00 3c 00 00 8e 
1f 00 53 4f 45 2b 4d 58 4f 2b 56 65 63 74 6f 72 2d 48 6f 73 74 69 6c 65 2b 4b 68 69 72 61 4c 69 
00 2d 80 d7 08 00 3c 00 00 8e 23 00 53 4f 45 2b 4d 58 4f 2b 56 65 63 74 6f 72 2d 48 6f 73 74 69 
6c 65 2b 47 65 6c 62 65 67 65 66 61 68 72 00 30 80 d7 08 00 3c 00 00 8e 26 00 53 4f 45 2b 4d 58 
4f 2b 56 65 63 74 6f 72 2d 48 6f 73 74 69 6c 65 2b 52 75 6e 6e 69 6e 67 57 69 6c 64 33 30 35 00 
28 80 d7 08 00 3c 00 00 8e 1e 00 53 4f 45 2b 4d 58 4f 2b 56 65 63 74 6f 72 2d 48 6f 73 74 69 6c 
65 2b 54 61 75 72 6f 6e 00 27 80 d7 08 00 3c 00 00 8e 1d 00 53 4f 45 2b 4d 58 4f 2b 56 65 63 74 
6f 72 2d 48 6f 73 74 69 6c 65 2b 43 65 4a 61 79 00 2d 80 d7 08 00 3c 00 00 8e 23 00 53 4f 45 2b 
4d 58 4f 2b 56 65 63 74 6f 72 2d 48 6f 73 74 69 6c 65 2b 52 75 6e 6e 69 6e 67 77 69 6c 64 00 29 
80 d7 08 00 3c 00 00 8e 1f 00 53 4f 45 2b 4d 58 4f 2b 56 65 63 74 6f 72 2d 48 6f 73 74 69 6c 65 
2b 4d 65 64 61 6e 6f 6e 00 29 80 d7 08 00 3c 00 00 8e 1f 00 53 4f 45 2b 4d 58 4f 2b 56 65 63 74 
6f 72 2d 48 6f 73 74 69 6c 65 2b 4d 65 64 61 6e 69 61 00 2f 80 d7 08 00 3c 00 00 8e 25 00 53 4f 
45 2b 4d 58 4f 2b 56 65 63 74 6f 72 2d 48 6f 73 74 69 6c 65 2b 54 68 65 53 6f 6c 69 64 53 6e 61 
6b 65 00 2c 80 d7 08 00 3c 00 00 8e 22 00 53 4f 45 2b 4d 58 4f 2b 56 65 63 74 6f 72 2d 48 6f 73 
74 69 6c 65 2b 53 79 6e 61 70 7a 65 37 37 37 00 2b 80 d7 08 00 3c 00 00 8e 21 00 53 4f 45 2b 4d 
58 4f 2b 56 65 63 74 6f 72 2d 48 6f 73 74 69 6c 65 2b 41 6c 6b 79 6f 6e 65 75 73 00 28 80 d7 08 
00 3c 00 00 8e 1e 00 53 4f 45 2b 4d 58 4f 2b 56 65 63 74 6f 72 2d 48 6f 73 74 69 6c 65 2b 53 74 
65 76 65 42 00 
....^.-....<...#.SOE+MXO+Vector-Hostile+antietam305.+....<...!.SOE+MXO+Vector-Hostile+Starlaine.
(....<.....SOE+MXO+Vector-Hostile+Sosuke.(....<.....SOE+MXO+Vector-Hostile+cYpnis.,....<...".SOE
+MXO+Vector-Hostile+DeviIBIade.(....<.....SOE+MXO+Vector-Hostile+seeeky.*....<... .SOE+MXO+Vecto
r-Hostile+LuxPingu.*....<... .SOE+MXO+Vector-Hostile+Chimaere.'....<.....SOE+MXO+Vector-Hostile+
Psuda./....<...%.SOE+MXO+Vector-Hostile+TheAvenNigera.&....<.....SOE+MXO+Vector-Hostile+L04D.)..
..<.....SOE+MXO+Vector-Hostile+Rashahd.,....<...".SOE+MXO+Vector-Hostile+HutchieJR2.*....<... .S
OE+MXO+Vector-Hostile+HunkAk47.+....<...!.SOE+MXO+Vector-Hostile+Arminator.*....<... .SOE+MXO+Ve
ctor-Hostile+entilsar.+....<...!.SOE+MXO+Vector-Hostile+FreiGeist.)....<.....SOE+MXO+Vector-Host
ile+bma9999..p.'....<.....SOE+MXO+Vector-Hostile+Fondo.)....<.....SOE+MXO+Vector-Hostile+KhiraLi
.-....<...#.SOE+MXO+Vector-Hostile+Gelbegefahr.0....<...&.SOE+MXO+Vector-Hostile+RunningWild305.
(....<.....SOE+MXO+Vector-Hostile+Tauron.'....<.....SOE+MXO+Vector-Hostile+CeJay.-....<...#.SOE+
MXO+Vector-Hostile+Runningwild.)....<.....SOE+MXO+Vector-Hostile+Medanon.)....<.....SOE+MXO+Vect
or-Hostile+Medania./....<...%.SOE+MXO+Vector-Hostile+TheSolidSnake.,....<...".SOE+MXO+Vector-Hos
tile+Synapze777.+....<...!.SOE+MXO+Vector-Hostile+Alkyoneus.(....<.....SOE+MXO+Vector-Hostile+St
eveB.

GAME->Client [15:12:24 07/22/09] packet size: 519 CRYPTED, Flags: 1 ServerSeq: 5 ClientSeq: 1
82 42 2d fe 48 04 01 00 7d 0c 2c 80 d7 08 00 3c 00 00 8e 22 00 53 4f 45 2b 4d 58 4f 2b 56 65 63 
74 6f 72 2d 48 6f 73 74 69 6c 65 2b 41 68 70 68 72 6f 64 69 74 65 00 27 80 d7 08 00 3c 00 00 8e 
1d 00 53 4f 45 2b 4d 58 4f 2b 56 65 63 74 6f 72 2d 48 6f 73 74 69 6c 65 2b 34 49 52 4f 57 00 29 
80 d7 08 00 3c 00 00 8e 1f 00 53 4f 45 2b 4d 58 4f 2b 56 65 63 74 6f 72 2d 48 6f 73 74 69 6c 65 
2b 41 6e 64 69 32 36 32 00 2a 80 d7 08 00 3c 00 00 8e 20 00 53 4f 45 2b 4d 58 4f 2b 56 65 63 74 
6f 72 2d 48 6f 73 74 69 6c 65 2b 68 41 6e 66 73 41 41 74 00 28 80 d7 08 00 3c 00 00 8e 1e 00 53 
4f 45 2b 4d 58 4f 2b 56 65 63 74 6f 72 2d 48 6f 73 74 69 6c 65 2b 72 59 75 67 65 6e 00 27 80 d7 
08 00 3c 00 00 8e 1d 00 53 4f 45 2b 4d 58 4f 2b 56 65 63 74 6f 72 2d 48 6f 73 74 69 6c 65 2b 53 
79 6d 62 69 00 2d 80 d7 08 00 3c 00 00 8e 23 00 53 4f 45 2b 4d 58 4f 2b 56 65 63 74 6f 72 2d 48 
6f 73 74 69 6c 65 2b 57 69 74 63 68 62 75 72 6e 65 72 00 2c 80 d7 08 00 3c 00 00 8e 22 00 53 4f 
45 2b 4d 58 4f 2b 56 65 63 74 6f 72 2d 48 6f 73 74 69 6c 65 2b 50 6f 72 70 68 79 72 69 6f 6e 00 
29 80 d7 08 00 3c 00 00 8e 1f 00 53 4f 45 2b 4d 58 4f 2b 56 65 63 74 6f 72 2d 48 6f 73 74 69 6c 
65 2b 43 65 63 69 6c 69 61 00 2c 80 d7 08 00 3c 00 00 8e 22 00 53 4f 45 2b 4d 58 4f 2b 56 65 63 
74 6f 72 2d 48 6f 73 74 69 6c 65 2b 43 61 6e 64 79 53 61 6e 64 79 00 27 80 d7 08 00 3c 00 00 8e 
1d 00 53 4f 45 2b 4d 58 4f 2b 56 65 63 74 6f 72 2d 48 6f 73 74 69 6c 65 2b 56 61 6e 69 6e 00 27 
80 d7 08 00 3c 00 00 8e 1d 00 53 4f 45 2b 4d 58 4f 2b 56 65 63 74 6f 72 2d 48 6f 73 74 69 6c 65 
2b 43 68 72 79 6c 00 
.B-.H...}.,....<...".SOE+MXO+Vector-Hostile+Ahphrodite.'....<.....SOE+MXO+Vector-Hostile+4IROW.)
....<.....SOE+MXO+Vector-Hostile+Andi262.*....<... .SOE+MXO+Vector-Hostile+hAnfsAAt.(....<.....S
OE+MXO+Vector-Hostile+rYugen.'....<.....SOE+MXO+Vector-Hostile+Symbi.-....<...#.SOE+MXO+Vector-H
ostile+Witchburner.,....<...".SOE+MXO+Vector-Hostile+Porphyrion.)....<.....SOE+MXO+Vector-Hostil
e+Cecilia.,....<...".SOE+MXO+Vector-Hostile+CandySandy.'....<.....SOE+MXO+Vector-Hostile+Vanin.'
....<.....SOE+MXO+Vector-Hostile+Chryl.

GAME->Client [15:12:24 07/22/09] packet size: 861 CRYPTED, Flags: 1 ServerSeq: 6 ClientSeq: 1
02 04 03 00 3d 07 16 80 bc 56 00 2b 00 00 24 b3 00 00 1a 04 01 00 00 00 00 00 00 00 00 16 80 bc 
56 00 2c 00 00 24 b3 00 00 b4 00 21 00 00 00 00 00 00 00 00 16 80 bc 56 00 2d 00 00 24 b3 00 00 
09 04 21 00 00 00 00 00 00 00 00 16 80 bc 56 00 2e 00 00 24 b3 00 00 15 04 02 00 00 00 00 00 00 
00 00 16 80 bc 56 00 2f 00 00 24 b3 00 00 b5 00 21 00 00 00 00 00 00 00 00 16 80 bc 56 00 30 00 
00 95 a7 00 00 b4 00 12 00 00 00 00 00 00 00 00 16 80 bc 56 00 31 00 00 95 a7 00 00 b5 00 12 00 
00 00 00 00 00 00 00 00 44 16 16 80 bc 56 00 32 00 00 95 a7 00 00 09 04 12 00 00 00 00 00 00 00 
00 16 80 bc 56 00 33 00 00 95 a7 00 00 70 00 0f 00 00 00 00 00 00 00 00 16 80 bc 56 00 34 00 00 
2c b3 00 00 17 04 01 00 00 00 00 00 00 00 00 16 80 bc 56 00 35 00 00 2c b3 00 00 b4 00 21 00 00 
00 00 00 00 00 00 16 80 bc 56 00 36 00 00 2c b3 00 00 09 04 21 00 00 00 00 00 00 00 00 16 80 bc 
56 00 37 00 00 2c b3 00 00 12 04 02 00 00 00 00 00 00 00 00 16 80 bc 56 00 38 00 00 2c b3 00 00 
07 04 02 00 00 00 00 00 00 00 00 16 80 bc 56 00 39 00 00 2c b3 00 00 b5 00 21 00 00 00 00 00 00 
00 00 16 80 bc 56 00 3a 00 00 c3 b2 00 00 89 02 02 00 00 00 00 00 00 00 00 16 80 bc 56 00 3b 00 
00 c3 b2 00 00 21 04 02 00 00 00 00 00 00 00 00 16 80 bc 56 00 3c 00 00 c3 b2 00 00 b4 00 1f 00 
00 00 00 00 00 00 00 16 80 bc 56 00 3d 00 00 c3 b2 00 00 09 04 1f 00 00 00 00 00 00 00 00 16 80 
bc 56 00 3e 00 00 c3 b2 00 00 1e 04 01 00 00 00 00 00 00 00 00 16 80 bc 56 00 3f 00 00 c3 b2 00 
00 9d 00 1f 00 00 00 00 00 00 00 00 16 80 bc 15 00 40 00 00 f7 03 00 00 08 02 00 00 00 00 00 00 
00 00 00 16 80 bc 15 00 41 00 00 f7 03 00 00 07 02 ec ff ff ff 00 00 00 00 00 16 80 bc 15 00 42 
00 00 f7 03 00 00 50 04 00 00 00 00 00 00 00 00 00 16 80 bc 15 00 43 00 00 f7 03 00 00 f4 03 00 
00 00 00 00 00 00 00 00 16 80 bc 15 00 44 00 00 f7 03 00 00 51 04 f6 ff ff ff 00 00 00 00 00 16 
80 bc 15 00 45 00 00 f7 03 00 00 52 04 0f 00 00 00 00 00 00 00 00 2f 47 00 00 04 01 00 00 00 00 
00 00 00 00 00 00 00 00 00 00 00 1a 00 06 00 00 00 01 00 00 00 00 01 01 00 00 00 00 00 80 00 00 
00 00 00 00 00 00 24 2e 07 00 00 00 00 00 00 00 00 00 00 00 59 00 00 2e 00 00 00 00 00 00 00 00 
00 00 00 00 00 00 00 00 00 00 00 00 5a 02 48 81 a9 00 00 07 00 05 3f 00 68 74 74 70 3a 2f 2f 74 
68 65 6d 61 74 72 69 78 6f 6e 6c 69 6e 65 2e 73 74 61 74 69 6f 6e 2e 73 6f 6e 79 2e 63 6f 6d 2f 
70 72 6f 63 65 73 73 46 6c 61 73 68 54 72 61 66 66 69 63 2e 76 6d 00 45 7c 75 d4 01 00 31 5e 00 
00 01 00 00 01 0f 00 34 00 01 54 68 65 20 44 75 61 6c 69 74 79 00 79 61 72 64 00 04 00 69 6e 74 
00 00 00 00 38 15 0e 1e 01 00 00 00 00 00 00 00 00 00 00 00 02 2f d8 01 00 66 a9 56 03 
....=....V.+..$.................V.,..$.....!...........V.-..$.....!...........V....$............
.....V./..$.....!...........V.0....................V.1..................D....V.2................
....V.3......p.............V.4..,.................V.5..,.....!...........V.6..,.....!...........
V.7..,.................V.8..,.................V.9..,.....!...........V.:....................V.;.
.....!.............V.<....................V.=....................V.>....................V.?.....
.................@......................A......................B......P...............C.........
.............D......Q...............E......R........../G........................................
......$.............Y.......................Z.H.......?.http://thematrixonline.station.sony.com/
processFlashTraffic.vm.E|u...1^........4..The Duality.yard...int....8................/...f.V.

GAME->Client [15:12:25 07/22/09] packet size: 876 CRYPTED, Flags: 1 ServerSeq: 7 ClientSeq: 1
02 04 01 00 5c 02 82 48 7c 75 d4 01 00 31 5e 00 00 02 00 01 02 0f 00 37 02 4b b1 00 00 52 65 73 
65 72 76 6f 69 72 20 44 6f 67 73 00 00 69 6e 74 00 00 00 00 38 15 0e 1e 01 00 00 00 00 00 00 00 
00 00 00 00 93 f5 01 00 54 68 65 41 76 65 6e 4e 69 67 65 72 61 00 00 00 00 00 8c f9 00 00 00 00 
00 00 ec 03 00 00 01 00 00 02 13 71 00 00 44 75 61 6c 69 74 79 00 00 00 00 e5 da d5 47 00 e0 99 
02 00 53 65 76 61 6e 6e 61 00 00 00 00 00 00 00 00 00 00 00 00 25 2f 01 00 4d 65 64 61 6e 69 61 
00 00 aa ac 36 4a 00 2a 10 03 00 54 33 68 47 72 65 79 46 6f 78 00 00 00 00 00 02 46 71 00 00 48 
69 67 68 73 70 65 65 64 00 00 00 e1 30 c3 47 00 2c 72 02 00 57 68 69 74 65 51 75 65 65 6e 58 58 
58 00 00 00 00 00 66 ec 01 00 53 6f 6e 67 61 00 00 00 00 00 9f 60 e7 47 00 de 39 00 00 45 71 75 
69 6e 6f 72 69 6f 78 00 00 00 00 02 35 72 00 00 52 65 76 6f 6c 75 74 69 6f 6e 00 00 00 4b 7a 17 
4a 00 5b 4b 02 00 48 61 63 68 69 6d 61 6e 74 61 72 6f 00 00 00 00 00 bc d2 01 00 43 65 72 69 6f 
6e 65 00 00 00 00 d8 61 ed 47 00 9e e5 04 00 50 68 6c 69 72 74 00 00 00 00 00 00 00 03 c6 72 00 
00 4b 69 6e 64 65 72 20 64 65 73 20 5a 6f 72 6e 73 00 4a 00 00 00 00 00 00 00 00 00 00 00 00 00 
00 00 00 00 00 00 00 00 6b db 01 00 50 61 72 74 79 61 6e 69 6d 61 6c 00 00 00 00 00 00 00 00 00 
00 00 00 00 00 00 00 00 00 00 00 00 00 03 2d 74 00 00 7a 69 6f 6e 73 20 74 61 63 20 6f 70 73 00 
00 00 00 00 00 00 00 00 00 00 00 00 00 00 00 00 00 00 00 00 00 00 00 00 00 2f d8 01 00 65 6e 74 
69 6c 73 61 72 00 00 00 00 00 00 00 00 00 00 00 00 00 00 00 00 00 00 00 00 00 00 00 00 00 01 02 
a4 00 00 47 65 72 6d 61 6e 53 6f 6c 64 69 65 72 73 00 00 00 00 00 00 00 00 00 00 00 00 00 00 00 
00 00 00 00 00 00 00 00 00 00 86 4c 02 00 53 79 6d 62 69 00 00 00 00 00 00 00 00 00 00 00 00 00 
00 00 00 00 00 00 00 00 00 00 00 00 00 00 00 03 81 1a 80 86 75 d4 01 00 4b b1 00 00 01 21 00 93 
f5 01 00 75 d4 01 00 00 00 00 00 32 00 14 02 00 00 18 01 0f 00 52 65 73 65 72 76 6f 69 72 20 44 
6f 67 73 00 06 00 00 75 d4 01 00 41 66 74 65 72 57 68 6f 72 75 4e 65 6f 00 00 00 00 00 00 00 00 
00 00 00 00 00 00 00 00 00 00 00 01 00 99 10 01 00 43 68 65 72 62 65 72 75 73 00 00 00 00 00 00 
00 00 00 00 00 00 00 00 00 00 00 00 00 00 00 00 00 00 00 93 f5 01 00 54 68 65 41 76 65 6e 4e 69 
67 65 72 61 00 00 00 00 00 00 00 00 00 00 00 00 00 00 00 00 00 00 00 00 00 ee 55 02 00 4c 31 7a 
5a 00 00 00 00 00 00 00 00 00 00 00 00 00 00 00 00 00 00 00 00 00 00 00 00 00 00 00 00 00 00 c2 
98 02 00 4b 61 72 74 68 6f 73 00 00 00 00 00 00 00 00 00 00 00 00 00 00 00 00 00 00 00 00 00 00 
00 00 00 00 00 62 f9 02 00 54 68 65 57 68 6f 72 75 4e 65 6f 00 00 00 00 00 00 00 00 00 00 00 00 
00 00 00 00 00 00 00 00 00 00 00 00 
....\..H|u...1^........7.K...Reservoir Dogs..int....8...................TheAvenNigera...........
...........q..Duality.......G.....Sevanna............%/..Medania....6J.*...T3hGreyFox......Fq..H
ighspeed....0.G.,r..WhiteQueenXXX.....f...Songa......`.G..9..Equinoriox.....5r..Revolution...Kz.
J.[K..Hachimantaro.........Cerione.....a.G.....Phlirt.........r..Kinder des Zorns.J.............
........k...Partyanimal.......................-t..zions tac ops........................../...ent
ilsar..............................GermanSoldiers..........................L..Symbi.............
....................u...K....!.....u.......2.........Reservoir Dogs....u...AfterWhoruNeo........
.................Cherberus.............................TheAvenNigera......................U..L1z
Z..................................Karthos...........................b...TheWhoruNeo............
............

GAME->Client [15:12:25 07/22/09] packet size: 607 CRYPTED, Flags: 1 ServerSeq: 8 ClientSeq: 1
02 04 01 00 5e 0e 2d 80 d7 08 00 3c 00 00 8e 23 00 53 4f 45 2b 4d 58 4f 2b 56 65 63 74 6f 72 2d 
48 6f 73 74 69 6c 65 2b 61 6e 74 69 65 74 61 6d 33 30 35 00 2b 80 d7 08 00 3c 00 00 8e 21 00 53 
4f 45 2b 4d 58 4f 2b 56 65 63 74 6f 72 2d 48 6f 73 74 69 6c 65 2b 53 74 61 72 6c 61 69 6e 65 00 
28 80 d7 08 00 3c 00 00 8e 1e 00 53 4f 45 2b 4d 58 4f 2b 56 65 63 74 6f 72 2d 48 6f 73 74 69 6c 
65 2b 53 6f 73 75 6b 65 00 28 80 d7 08 00 3c 00 00 8e 1e 00 53 4f 45 2b 4d 58 4f 2b 56 65 63 74 
6f 72 2d 48 6f 73 74 69 6c 65 2b 63 59 70 6e 69 73 00 2c 80 d7 08 00 3c 00 00 8e 22 00 53 4f 45 
2b 4d 58 4f 2b 56 65 63 74 6f 72 2d 48 6f 73 74 69 6c 65 2b 44 65 76 69 49 42 49 61 64 65 00 28 
80 d7 08 00 3c 00 00 8e 1e 00 53 4f 45 2b 4d 58 4f 2b 56 65 63 74 6f 72 2d 48 6f 73 74 69 6c 65 
2b 73 65 65 65 6b 79 00 2a 80 d7 08 00 3c 00 00 8e 20 00 53 4f 45 2b 4d 58 4f 2b 56 65 63 74 6f 
72 2d 48 6f 73 74 69 6c 65 2b 4c 75 78 50 69 6e 67 75 00 2a 80 d7 08 00 3c 00 00 8e 20 00 53 4f 
45 2b 4d 58 4f 2b 56 65 63 74 6f 72 2d 48 6f 73 74 69 6c 65 2b 43 68 69 6d 61 65 72 65 00 27 80 
d7 08 00 3c 00 00 8e 1d 00 53 4f 45 2b 4d 58 4f 2b 56 65 63 74 6f 72 2d 48 6f 73 74 69 6c 65 2b 
50 73 75 64 61 00 2f 80 d7 08 00 3c 00 00 8e 25 00 53 4f 45 2b 4d 58 4f 2b 56 65 63 74 6f 72 2d 
48 6f 73 74 69 6c 65 2b 54 68 65 41 76 65 6e 4e 69 67 65 72 61 00 26 80 d7 08 00 3c 00 00 8e 1c 
00 53 4f 45 2b 4d 58 4f 2b 56 65 63 74 6f 72 2d 48 6f 73 74 69 6c 65 2b 4c 30 34 44 00 29 80 d7 
08 00 3c 00 00 8e 1f 00 53 4f 45 2b 4d 58 4f 2b 56 65 63 74 6f 72 2d 48 6f 73 74 69 6c 65 2b 52 
61 73 68 61 68 64 00 2c 80 d7 08 00 3c 00 00 8e 22 00 53 4f 45 2b 4d 58 4f 2b 56 65 63 74 6f 72 
2d 48 6f 73 74 69 6c 65 2b 48 75 74 63 68 69 65 4a 52 32 00 2a 80 d7 08 00 3c 00 00 8e 20 00 53 
4f 45 2b 4d 58 4f 2b 56 65 63 74 6f 72 2d 48 6f 73 74 69 6c 65 2b 48 75 6e 6b 41 6b 34 37 00 
....^.-....<...#.SOE+MXO+Vector-Hostile+antietam305.+....<...!.SOE+MXO+Vector-Hostile+Starlaine.
(....<.....SOE+MXO+Vector-Hostile+Sosuke.(....<.....SOE+MXO+Vector-Hostile+cYpnis.,....<...".SOE
+MXO+Vector-Hostile+DeviIBIade.(....<.....SOE+MXO+Vector-Hostile+seeeky.*....<... .SOE+MXO+Vecto
r-Hostile+LuxPingu.*....<... .SOE+MXO+Vector-Hostile+Chimaere.'....<.....SOE+MXO+Vector-Hostile+
Psuda./....<...%.SOE+MXO+Vector-Hostile+TheAvenNigera.&....<.....SOE+MXO+Vector-Hostile+L04D.)..
..<.....SOE+MXO+Vector-Hostile+Rashahd.,....<...".SOE+MXO+Vector-Hostile+HutchieJR2.*....<... .S
OE+MXO+Vector-Hostile+HunkAk47.

GAME->Client [15:12:26 07/22/09] packet size: 141 CRYPTED, Flags: 1 ServerSeq: 9 ClientSeq: 1
82 76 2d fe 48 04 01 00 6c 03 2b 80 d7 08 00 3c 00 00 8e 21 00 53 4f 45 2b 4d 58 4f 2b 56 65 63 
74 6f 72 2d 48 6f 73 74 69 6c 65 2b 41 72 6d 69 6e 61 74 6f 72 00 2a 80 d7 08 00 3c 00 00 8e 20 
00 53 4f 45 2b 4d 58 4f 2b 56 65 63 74 6f 72 2d 48 6f 73 74 69 6c 65 2b 65 6e 74 69 6c 73 61 72 
00 2b 80 d7 08 00 3c 00 00 8e 21 00 53 4f 45 2b 4d 58 4f 2b 56 65 63 74 6f 72 2d 48 6f 73 74 69 
6c 65 2b 46 72 65 69 47 65 69 73 74 00 
.v-.H...l.+....<...!.SOE+MXO+Vector-Hostile+Arminator.*....<... .SOE+MXO+Vector-Hostile+entilsar
.+....<...!.SOE+MXO+Vector-Hostile+FreiGeist.

Client->GAME [15:12:26 07/22/09] packet size: 8 CRYPTED, Flags: 1 ServerSeq: 1 ClientSeq: 2
02 04 01 00 00 01 01 05 
........

Client->GAME [15:12:26 07/22/09] packet size: 1 CRYPTED, Flags: 7f ServerSeq: 9 ClientSeq: 3
02 
.

GAME->Client [15:12:26 07/22/09] packet size: 258 CRYPTED, Flags: 7 ServerSeq: 10 ClientSeq: 3
02 03 01 00 0c 0c 00 c6 cd ab 1a 8b 81 ff 71 02 00 00 41 6e 64 65 72 73 6f 6e 00 00 00 00 00 00 
00 00 00 00 00 00 00 00 00 00 00 00 00 00 00 00 00 00 90 54 68 6f 6d 61 73 00 00 00 00 00 00 00 
00 00 00 00 00 00 00 00 00 00 00 00 00 00 00 00 00 00 00 80 98 28 0a 25 8e 81 ff f7 00 31 5e 00 
00 c6 67 00 41 66 74 65 72 57 68 6f 72 75 4e 65 6f 00 00 00 00 00 00 00 00 00 00 00 00 00 00 00 
00 00 00 00 28 0a fd 64 01 00 00 67 00 75 d4 01 00 4b b1 00 00 00 00 23 1a e9 90 80 b0 04 02 02 
8e 00 00 00 f7 00 9d 00 00 00 a0 f9 b4 ec c0 00 00 00 00 00 c0 57 40 00 00 00 60 e6 5f ce 40 81 
ff 32 22 80 88 bd 1c 01 00 10 00 00 67 00 02 00 00 00 00 04 01 00 6f 01 29 80 d7 08 00 3c 00 00 
8e 1f 00 53 4f 45 2b 4d 58 4f 2b 56 65 63 74 6f 72 2d 48 6f 73 74 69 6c 65 2b 62 6d 61 39 39 39 
39 00 
..............q...Anderson.........................Thomas............................(.%.....1^.
..g.AfterWhoruNeo...................(..d...g.u...K.....#.............................W@...`._.@.
.2".........g.........o.)....<.....SOE+MXO+Vector-Hostile+bma9999.

GAME->Client [15:12:26 07/22/09] packet size: 134 CRYPTED, Flags: 7 ServerSeq: 11 ClientSeq: 3
02 04 01 00 70 03 27 80 d7 08 00 3c 00 00 8e 1d 00 53 4f 45 2b 4d 58 4f 2b 56 65 63 74 6f 72 2d 
48 6f 73 74 69 6c 65 2b 46 6f 6e 64 6f 00 29 80 d7 08 00 3c 00 00 8e 1f 00 53 4f 45 2b 4d 58 4f 
2b 56 65 63 74 6f 72 2d 48 6f 73 74 69 6c 65 2b 4b 68 69 72 61 4c 69 00 2d 80 d7 08 00 3c 00 00 
8e 23 00 53 4f 45 2b 4d 58 4f 2b 56 65 63 74 6f 72 2d 48 6f 73 74 69 6c 65 2b 47 65 6c 62 65 67 
65 66 61 68 72 00 
....p.'....<.....SOE+MXO+Vector-Hostile+Fondo.)....<.....SOE+MXO+Vector-Hostile+KhiraLi.-....<..
.#.SOE+MXO+Vector-Hostile+Gelbegefahr.

GAME->Client [15:12:27 07/22/09] packet size: 136 CRYPTED, Flags: 7 ServerSeq: 12 ClientSeq: 3
02 04 01 00 73 03 30 80 d7 08 00 3c 00 00 8e 26 00 53 4f 45 2b 4d 58 4f 2b 56 65 63 74 6f 72 2d 
48 6f 73 74 69 6c 65 2b 52 75 6e 6e 69 6e 67 57 69 6c 64 33 30 35 00 28 80 d7 08 00 3c 00 00 8e 
1e 00 53 4f 45 2b 4d 58 4f 2b 56 65 63 74 6f 72 2d 48 6f 73 74 69 6c 65 2b 54 61 75 72 6f 6e 00 
27 80 d7 08 00 3c 00 00 8e 1d 00 53 4f 45 2b 4d 58 4f 2b 56 65 63 74 6f 72 2d 48 6f 73 74 69 6c 
65 2b 43 65 4a 61 79 00 
....s.0....<...&.SOE+MXO+Vector-Hostile+RunningWild305.(....<.....SOE+MXO+Vector-Hostile+Tauron.
'....<.....SOE+MXO+Vector-Hostile+CeJay.

GAME->Client [15:12:27 07/22/09] packet size: 140 CRYPTED, Flags: 7 ServerSeq: 13 ClientSeq: 3
82 aa 2d fe 48 04 01 00 76 03 2d 80 d7 08 00 3c 00 00 8e 23 00 53 4f 45 2b 4d 58 4f 2b 56 65 63 
74 6f 72 2d 48 6f 73 74 69 6c 65 2b 52 75 6e 6e 69 6e 67 77 69 6c 64 00 29 80 d7 08 00 3c 00 00 
8e 1f 00 53 4f 45 2b 4d 58 4f 2b 56 65 63 74 6f 72 2d 48 6f 73 74 69 6c 65 2b 4d 65 64 61 6e 6f 
6e 00 29 80 d7 08 00 3c 00 00 8e 1f 00 53 4f 45 2b 4d 58 4f 2b 56 65 63 74 6f 72 2d 48 6f 73 74 
69 6c 65 2b 4d 65 64 61 6e 69 61 00 
..-.H...v.-....<...#.SOE+MXO+Vector-Hostile+Runningwild.)....<.....SOE+MXO+Vector-Hostile+Medano
n.)....<.....SOE+MXO+Vector-Hostile+Medania.

GAME->Client [15:12:28 07/22/09] packet size: 143 CRYPTED, Flags: 7 ServerSeq: 14 ClientSeq: 3
02 04 01 00 79 03 2f 80 d7 08 00 3c 00 00 8e 25 00 53 4f 45 2b 4d 58 4f 2b 56 65 63 74 6f 72 2d 
48 6f 73 74 69 6c 65 2b 54 68 65 53 6f 6c 69 64 53 6e 61 6b 65 00 2c 80 d7 08 00 3c 00 00 8e 22 
00 53 4f 45 2b 4d 58 4f 2b 56 65 63 74 6f 72 2d 48 6f 73 74 69 6c 65 2b 53 79 6e 61 70 7a 65 37 
37 37 00 2b 80 d7 08 00 3c 00 00 8e 21 00 53 4f 45 2b 4d 58 4f 2b 56 65 63 74 6f 72 2d 48 6f 73 
74 69 6c 65 2b 41 6c 6b 79 6f 6e 65 75 73 00 
....y./....<...%.SOE+MXO+Vector-Hostile+TheSolidSnake.,....<...".SOE+MXO+Vector-Hostile+Synapze7
77.+....<...!.SOE+MXO+Vector-Hostile+Alkyoneus.

GAME->Client [15:12:28 07/22/09] packet size: 257 CRYPTED, Flags: 7 ServerSeq: 15 ClientSeq: 3
02 03 01 00 0c 0c 00 c6 cd ab 1a 8b 81 ff 71 02 00 00 41 6e 64 65 72 73 6f 6e 00 00 00 00 00 00 
00 00 00 00 00 00 00 00 00 00 00 00 00 00 00 00 00 00 90 54 68 6f 6d 61 73 00 00 00 00 00 00 00 
00 00 00 00 00 00 00 00 00 00 00 00 00 00 00 00 00 00 00 80 98 28 0a 25 8e 81 ff f7 00 31 5e 00 
00 c6 67 00 41 66 74 65 72 57 68 6f 72 75 4e 65 6f 00 00 00 00 00 00 00 00 00 00 00 00 00 00 00 
00 00 00 00 28 0a fd 64 01 00 00 67 00 75 d4 01 00 4b b1 00 00 00 00 23 1a e9 90 80 b0 04 02 02 
8e 00 00 00 f7 00 9d 00 00 00 a0 f9 b4 ec c0 00 00 00 00 00 c0 57 40 00 00 00 60 e6 5f ce 40 81 
ff 32 22 80 88 bd 1c 01 00 10 00 00 67 00 02 00 00 00 00 04 01 00 7c 01 28 80 d7 08 00 3c 00 00 
8e 1e 00 53 4f 45 2b 4d 58 4f 2b 56 65 63 74 6f 72 2d 48 6f 73 74 69 6c 65 2b 53 74 65 76 65 42 
00 
..............q...Anderson.........................Thomas............................(.%.....1^.
..g.AfterWhoruNeo...................(..d...g.u...K.....#.............................W@...`._.@.
.2".........g.........|.(....<.....SOE+MXO+Vector-Hostile+SteveB.

GAME->Client [15:12:28 07/22/09] packet size: 176 CRYPTED, Flags: 7 ServerSeq: 16 ClientSeq: 3
02 04 01 00 7d 04 2c 80 d7 08 00 3c 00 00 8e 22 00 53 4f 45 2b 4d 58 4f 2b 56 65 63 74 6f 72 2d 
48 6f 73 74 69 6c 65 2b 41 68 70 68 72 6f 64 69 74 65 00 27 80 d7 08 00 3c 00 00 8e 1d 00 53 4f 
45 2b 4d 58 4f 2b 56 65 63 74 6f 72 2d 48 6f 73 74 69 6c 65 2b 34 49 52 4f 57 00 29 80 d7 08 00 
3c 00 00 8e 1f 00 53 4f 45 2b 4d 58 4f 2b 56 65 63 74 6f 72 2d 48 6f 73 74 69 6c 65 2b 41 6e 64 
69 32 36 32 00 2a 80 d7 08 00 3c 00 00 8e 20 00 53 4f 45 2b 4d 58 4f 2b 56 65 63 74 6f 72 2d 48 
6f 73 74 69 6c 65 2b 68 41 6e 66 73 41 41 74 00 
....}.,....<...".SOE+MXO+Vector-Hostile+Ahphrodite.'....<.....SOE+MXO+Vector-Hostile+4IROW.)....
<.....SOE+MXO+Vector-Hostile+Andi262.*....<... .SOE+MXO+Vector-Hostile+hAnfsAAt.

GAME->Client [15:12:29 07/22/09] packet size: 137 CRYPTED, Flags: 7 ServerSeq: 17 ClientSeq: 3
82 de 2d fe 48 04 01 00 81 03 28 80 d7 08 00 3c 00 00 8e 1e 00 53 4f 45 2b 4d 58 4f 2b 56 65 63 
74 6f 72 2d 48 6f 73 74 69 6c 65 2b 72 59 75 67 65 6e 00 27 80 d7 08 00 3c 00 00 8e 1d 00 53 4f 
45 2b 4d 58 4f 2b 56 65 63 74 6f 72 2d 48 6f 73 74 69 6c 65 2b 53 79 6d 62 69 00 2d 80 d7 08 00 
3c 00 00 8e 23 00 53 4f 45 2b 4d 58 4f 2b 56 65 63 74 6f 72 2d 48 6f 73 74 69 6c 65 2b 57 69 74 
63 68 62 75 72 6e 65 72 00 
..-.H.....(....<.....SOE+MXO+Vector-Hostile+rYugen.'....<.....SOE+MXO+Vector-Hostile+Symbi.-....
<...#.SOE+MXO+Vector-Hostile+Witchburner.

Client->GAME [15:12:29 07/22/09] packet size: 112 CRYPTED, Flags: 7f ServerSeq: 10 ClientSeq: 4
02 03 02 00 02 60 08 41 6e 64 65 72 73 6f 6e 06 54 68 6f 6d 61 73 00 00 04 01 00 01 08 12 80 c9 
07 00 c0 37 00 f8 27 c7 00 00 20 41 00 e0 2b 46 12 80 c9 07 00 70 4b 00 68 3f c7 00 00 cd 43 00 
70 94 46 12 80 c9 0e 00 70 4b 00 08 4f c7 00 00 20 41 00 50 c3 46 02 80 be 07 3f 6b 00 00 00 00 
00 08 3e 6b 00 10 00 00 00 00 02 81 48 02 0c 01 
.....`.Anderson.Thomas.............7..'... A..+F.....pK.h?....C.p.F.....pK..O... A.P.F....?k....
..>k........H...

Client->GAME [15:12:29 07/22/09] packet size: 1 CRYPTED, Flags: 7f ServerSeq: 1 ClientSeq: 5
02 
.

Client->GAME [15:12:29 07/22/09] packet size: 134 CRYPTED, Flags: 7f ServerSeq: 1 ClientSeq: 6
02 03 02 00 02 60 08 41 6e 64 65 72 73 6f 6e 06 54 68 6f 6d 61 73 00 00 04 02 00 01 08 12 80 c9 
07 00 c0 37 00 f8 27 c7 00 00 20 41 00 e0 2b 46 12 80 c9 07 00 70 4b 00 68 3f c7 00 00 cd 43 00 
70 94 46 12 80 c9 0e 00 70 4b 00 08 4f c7 00 00 20 41 00 50 c3 46 02 80 be 07 3f 6b 00 00 00 00 
00 08 3e 6b 00 10 00 00 00 00 02 81 48 02 0c 01 00 09 01 12 80 c9 ab 03 70 2f 00 bc 63 c7 00 00 
be 42 00 a0 70 46 
.....`.Anderson.Thomas.............7..'... A..+F.....pK.h?....C.p.F.....pK..O... A.P.F....?k....
..>k........H...........p/..c....B..pF

GAME->Client [15:12:29 07/22/09] packet size: 705 CRYPTED, Flags: 1f ServerSeq: 18 ClientSeq: 5
02 03 02 00 02 80 80 80 80 80 90 11 00 00 00 01 00 00 00 01 00 00 04 03 00 84 05 2c 80 d7 08 00 
3c 00 00 8e 22 00 53 4f 45 2b 4d 58 4f 2b 56 65 63 74 6f 72 2d 48 6f 73 74 69 6c 65 2b 50 6f 72 
70 68 79 72 69 6f 6e 00 29 80 d7 08 00 3c 00 00 8e 1f 00 53 4f 45 2b 4d 58 4f 2b 56 65 63 74 6f 
72 2d 48 6f 73 74 69 6c 65 2b 43 65 63 69 6c 69 61 00 2c 80 d7 08 00 3c 00 00 8e 22 00 53 4f 45 
2b 4d 58 4f 2b 56 65 63 74 6f 72 2d 48 6f 73 74 69 6c 65 2b 43 61 6e 64 79 53 61 6e 64 79 00 27 
80 d7 08 00 3c 00 00 8e 1d 00 53 4f 45 2b 4d 58 4f 2b 56 65 63 74 6f 72 2d 48 6f 73 74 69 6c 65 
2b 56 61 6e 69 6e 00 27 80 d7 08 00 3c 00 00 8e 1d 00 53 4f 45 2b 4d 58 4f 2b 56 65 63 74 6f 72 
2d 48 6f 73 74 69 6c 65 2b 43 68 72 79 6c 00 00 3d 07 16 80 bc 56 00 2b 00 00 24 b3 00 00 1a 04 
01 00 00 00 00 00 00 00 00 16 80 bc 56 00 2c 00 00 24 b3 00 00 b4 00 21 00 00 00 00 00 00 00 00 
16 80 bc 56 00 2d 00 00 24 b3 00 00 09 04 21 00 00 00 00 00 00 00 00 16 80 bc 56 00 2e 00 00 24 
b3 00 00 15 04 02 00 00 00 00 00 00 00 00 16 80 bc 56 00 2f 00 00 24 b3 00 00 b5 00 21 00 00 00 
00 00 00 00 00 16 80 bc 56 00 30 00 00 95 a7 00 00 b4 00 12 00 00 00 00 00 00 00 00 16 80 bc 56 
00 31 00 00 95 a7 00 00 b5 00 12 00 00 00 00 00 00 00 00 00 44 0d 16 80 bc 56 00 32 00 00 95 a7 
00 00 09 04 12 00 00 00 00 00 00 00 00 16 80 bc 56 00 33 00 00 95 a7 00 00 70 00 0f 00 00 00 00 
00 00 00 00 16 80 bc 56 00 34 00 00 2c b3 00 00 17 04 01 00 00 00 00 00 00 00 00 16 80 bc 56 00 
35 00 00 2c b3 00 00 b4 00 21 00 00 00 00 00 00 00 00 16 80 bc 56 00 36 00 00 2c b3 00 00 09 04 
21 00 00 00 00 00 00 00 00 16 80 bc 56 00 37 00 00 2c b3 00 00 12 04 02 00 00 00 00 00 00 00 00 
16 80 bc 56 00 38 00 00 2c b3 00 00 07 04 02 00 00 00 00 00 00 00 00 16 80 bc 56 00 39 00 00 2c 
b3 00 00 b5 00 21 00 00 00 00 00 00 00 00 16 80 bc 56 00 3a 00 00 c3 b2 00 00 89 02 02 00 00 00 
00 00 00 00 00 16 80 bc 56 00 3b 00 00 c3 b2 00 00 21 04 02 00 00 00 00 00 00 00 00 16 80 bc 56 
00 3c 00 00 c3 b2 00 00 b4 00 1f 00 00 00 00 00 00 00 00 16 80 bc 56 00 3d 00 00 c3 b2 00 00 09 
04 1f 00 00 00 00 00 00 00 00 16 80 bc 56 00 3e 00 00 c3 b2 00 00 1e 04 01 00 00 00 00 00 00 00 
00 
...........................,....<...".SOE+MXO+Vector-Hostile+Porphyrion.)....<.....SOE+MXO+Vecto
r-Hostile+Cecilia.,....<...".SOE+MXO+Vector-Hostile+CandySandy.'....<.....SOE+MXO+Vector-Hostile
+Vanin.'....<.....SOE+MXO+Vector-Hostile+Chryl..=....V.+..$.................V.,..$.....!........
...V.-..$.....!...........V....$.................V./..$.....!...........V.0....................V
.1..................D....V.2....................V.3......p.............V.4..,.................V.
5..,.....!...........V.6..,.....!...........V.7..,.................V.8..,.................V.9..,
.....!...........V.:....................V.;......!.............V.<....................V.=.......
.............V.>.................

GAME->Client [15:12:29 07/22/09] packet size: 707 CRYPTED, Flags: 1f ServerSeq: 19 ClientSeq: 5
02 04 05 00 51 09 16 80 bc 56 00 3f 00 00 c3 b2 00 00 9d 00 1f 00 00 00 00 00 00 00 00 16 80 bc 
15 00 40 00 00 f7 03 00 00 08 02 00 00 00 00 00 00 00 00 00 16 80 bc 15 00 41 00 00 f7 03 00 00 
07 02 ec ff ff ff 00 00 00 00 00 16 80 bc 15 00 42 00 00 f7 03 00 00 50 04 00 00 00 00 00 00 00 
00 00 16 80 bc 15 00 43 00 00 f7 03 00 00 f4 03 00 00 00 00 00 00 00 00 00 16 80 bc 15 00 44 00 
00 f7 03 00 00 51 04 f6 ff ff ff 00 00 00 00 00 16 80 bc 15 00 45 00 00 f7 03 00 00 52 04 0f 00 
00 00 00 00 00 00 00 2f 47 00 00 04 01 00 00 00 00 00 00 00 00 00 00 00 00 00 00 00 1a 00 06 00 
00 00 01 00 00 00 00 01 01 00 00 00 00 00 80 00 00 00 00 00 00 00 00 24 2e 07 00 00 00 00 00 00 
00 00 00 00 00 59 00 00 2e 00 00 00 00 00 00 00 00 00 00 00 00 00 00 00 00 00 00 00 00 5a 02 48 
81 a9 00 00 07 00 05 3f 00 68 74 74 70 3a 2f 2f 74 68 65 6d 61 74 72 69 78 6f 6e 6c 69 6e 65 2e 
73 74 61 74 69 6f 6e 2e 73 6f 6e 79 2e 63 6f 6d 2f 70 72 6f 63 65 73 73 46 6c 61 73 68 54 72 61 
66 66 69 63 2e 76 6d 00 45 7c 75 d4 01 00 31 5e 00 00 01 00 00 01 0f 00 34 00 01 54 68 65 20 44 
75 61 6c 69 74 79 00 79 61 72 64 00 04 00 69 6e 74 00 00 00 00 38 15 0e 1e 01 00 00 00 00 00 00 
00 00 00 00 00 02 2f d8 01 00 66 a9 56 03 00 6f 01 29 80 d7 08 00 3c 00 00 8e 1f 00 53 4f 45 2b 
4d 58 4f 2b 56 65 63 74 6f 72 2d 48 6f 73 74 69 6c 65 2b 62 6d 61 39 39 39 39 00 00 70 03 27 80 
d7 08 00 3c 00 00 8e 1d 00 53 4f 45 2b 4d 58 4f 2b 56 65 63 74 6f 72 2d 48 6f 73 74 69 6c 65 2b 
46 6f 6e 64 6f 00 29 80 d7 08 00 3c 00 00 8e 1f 00 53 4f 45 2b 4d 58 4f 2b 56 65 63 74 6f 72 2d 
48 6f 73 74 69 6c 65 2b 4b 68 69 72 61 4c 69 00 2d 80 d7 08 00 3c 00 00 8e 23 00 53 4f 45 2b 4d 
58 4f 2b 56 65 63 74 6f 72 2d 48 6f 73 74 69 6c 65 2b 47 65 6c 62 65 67 65 66 61 68 72 00 00 73 
03 30 80 d7 08 00 3c 00 00 8e 26 00 53 4f 45 2b 4d 58 4f 2b 56 65 63 74 6f 72 2d 48 6f 73 74 69 
6c 65 2b 52 75 6e 6e 69 6e 67 57 69 6c 64 33 30 35 00 28 80 d7 08 00 3c 00 00 8e 1e 00 53 4f 45 
2b 4d 58 4f 2b 56 65 63 74 6f 72 2d 48 6f 73 74 69 6c 65 2b 54 61 75 72 6f 6e 00 27 80 d7 08 00 
3c 00 00 8e 1d 00 53 4f 45 2b 4d 58 4f 2b 56 65 63 74 6f 72 2d 48 6f 73 74 69 6c 65 2b 43 65 4a 
61 79 00 
....Q....V.?......................@......................A......................B......P........
.......C......................D......Q...............E......R........../G.......................
.......................$.............Y.......................Z.H.......?.http://thematrixonline.
station.sony.com/processFlashTraffic.vm.E|u...1^........4..The Duality.yard...int....8..........
....../...f.V..o.)....<.....SOE+MXO+Vector-Hostile+bma9999..p.'....<.....SOE+MXO+Vector-Hostile+
Fondo.)....<.....SOE+MXO+Vector-Hostile+KhiraLi.-....<...#.SOE+MXO+Vector-Hostile+Gelbegefahr..s
.0....<...&.SOE+MXO+Vector-Hostile+RunningWild305.(....<.....SOE+MXO+Vector-Hostile+Tauron.'....
<.....SOE+MXO+Vector-Hostile+CeJay.

GAME->Client [15:12:29 07/22/09] packet size: 714 CRYPTED, Flags: 3f ServerSeq: 20 ClientSeq: 6
02 04 02 00 76 03 2d 80 d7 08 00 3c 00 00 8e 23 00 53 4f 45 2b 4d 58 4f 2b 56 65 63 74 6f 72 2d 
48 6f 73 74 69 6c 65 2b 52 75 6e 6e 69 6e 67 77 69 6c 64 00 29 80 d7 08 00 3c 00 00 8e 1f 00 53 
4f 45 2b 4d 58 4f 2b 56 65 63 74 6f 72 2d 48 6f 73 74 69 6c 65 2b 4d 65 64 61 6e 6f 6e 00 29 80 
d7 08 00 3c 00 00 8e 1f 00 53 4f 45 2b 4d 58 4f 2b 56 65 63 74 6f 72 2d 48 6f 73 74 69 6c 65 2b 
4d 65 64 61 6e 69 61 00 00 89 19 16 80 bc 45 00 02 00 00 02 00 00 00 cc 00 0c 00 00 00 00 00 00 
00 00 16 80 bc 45 00 03 00 00 0b 00 00 00 37 02 96 00 00 00 00 00 00 00 00 16 80 bc 45 00 04 00 
00 2d 00 00 00 23 04 0a 00 00 00 00 00 00 00 00 16 80 bc 45 00 05 00 00 2d 00 00 00 20 04 0a 00 
00 00 00 00 00 00 00 16 80 bc 45 00 06 00 00 2d 00 00 00 19 04 05 00 00 00 00 00 00 00 00 16 80 
bc 45 00 07 00 00 2d 00 00 00 42 04 05 00 00 00 00 00 00 00 00 16 80 bc 45 00 08 00 00 34 00 00 
00 83 02 c8 00 00 00 00 00 00 00 00 16 80 bc 45 00 09 00 00 4b 00 00 00 1f 04 19 00 00 00 00 00 
00 00 00 16 80 bc 45 00 0a 00 00 5f 00 00 00 7c 04 0f 00 00 00 00 00 00 00 00 16 80 bc 45 00 0b 
00 00 5f 00 00 00 07 04 0f 00 00 00 00 00 00 00 00 16 80 bc 45 00 0c 00 00 62 00 00 00 06 04 01 
00 00 00 00 00 00 00 00 16 80 bc 45 00 0d 00 00 62 00 00 00 15 04 01 00 00 00 00 00 00 00 00 16 
80 bc 45 00 0e 00 00 a5 00 00 00 c0 02 05 00 00 00 00 00 00 00 00 16 80 bc 45 00 0f 00 00 d7 00 
00 00 bf 02 05 00 00 00 00 00 00 00 00 16 80 bc 45 00 10 00 00 2a 01 00 00 7e 02 04 00 00 00 00 
00 00 00 00 16 80 bc 45 00 11 00 00 2a 01 00 00 cc 00 00 00 00 00 00 00 00 00 00 16 80 bc 45 00 
12 00 00 5a 01 00 00 07 04 05 00 00 00 00 00 00 00 00 16 80 bc 45 00 13 00 00 5a 01 00 00 1d 04 
0f 00 00 00 00 00 00 00 00 16 80 bc 45 00 14 00 00 64 01 00 00 1f 04 05 00 00 00 00 00 00 00 00 
16 80 bc 45 00 15 00 00 66 01 00 00 7b 04 05 00 00 00 00 00 00 00 00 16 80 bc 45 00 16 00 00 66 
01 00 00 12 04 0a 00 00 00 00 00 00 00 00 16 80 bc 45 00 17 00 00 66 01 00 00 06 04 0b 00 00 00 
00 00 00 00 00 16 80 bc 45 00 18 00 00 8e 01 00 00 03 04 05 00 00 00 00 00 00 00 00 16 80 bc 45 
00 19 00 00 8e 01 00 00 12 04 0f 00 00 00 00 00 00 00 00 16 80 bc 45 00 1a 00 00 8e 01 00 00 77 
04 05 00 00 00 00 00 00 00 00 
....v.-....<...#.SOE+MXO+Vector-Hostile+Runningwild.)....<.....SOE+MXO+Vector-Hostile+Medanon.).
...<.....SOE+MXO+Vector-Hostile+Medania.......E......................E........7.............E...
.-...#.............E....-... .............E....-.................E....-...B.............E....4..
...............E....K.................E...._...|.............E...._.................E....b......
...........E....b.................E......................E......................E....*...~......
.......E....*.................E....Z.................E....Z.................E....d..............
...E....f...{.............E....f.................E....f.................E......................E
......................E........w..........

Client->GAME [15:12:29 07/22/09] packet size: 1 CRYPTED, Flags: 7f ServerSeq: 2 ClientSeq: 7
02 
.

GAME->Client [15:12:29 07/22/09] packet size: 724 CRYPTED, Flags: 3f ServerSeq: 21 ClientSeq: 6
02 03 01 00 08 db b5 9a 08 f0 34 f5 cd ab 01 01 00 00 00 00 80 7e ef c0 00 00 00 80 0a bc 57 40 
00 00 00 00 00 ad d1 40 1d 00 00 01 00 08 5a 95 ae 03 70 2f e1 cd ab 02 09 00 00 00 00 80 db ec 
c0 00 00 00 00 00 c0 57 40 00 00 00 00 80 ad d3 40 00 00 00 00 f2 04 35 bf 00 00 00 00 f3 04 35 
3f 1b 00 00 01 00 08 58 95 aa 03 70 2f ce cd ab 02 09 00 00 00 00 40 c2 eb c0 00 00 00 00 00 c0 
57 40 00 00 00 00 00 ba d3 40 00 00 00 00 f2 04 35 bf 00 00 00 00 f3 04 35 3f 19 00 00 01 00 08 
59 95 ac 03 70 2f be cd ab 02 09 00 00 00 00 00 84 ec c0 00 00 00 00 00 c0 57 40 00 00 00 00 00 
75 d2 40 00 00 00 00 00 00 80 3f 00 00 00 00 2e bd 3b b3 17 00 00 01 00 0c 68 a7 80 cd ab 02 05 
00 00 00 c0 1c 0d ef c0 00 00 00 80 14 6e 4a 40 00 00 00 20 f5 82 d0 40 3a 08 00 00 15 00 00 01 
00 08 d0 20 ab 03 70 2f 4e cd ab 08 fd 00 00 00 00 80 77 ec c0 00 00 00 00 00 c0 57 40 00 00 00 
00 00 14 ce 40 42 6f 6f 59 61 68 00 00 00 00 00 00 00 00 00 00 00 00 00 00 00 00 00 00 00 00 00 
00 00 00 00 00 00 00 00 00 00 00 00 00 00 00 00 00 00 00 00 00 00 00 00 00 00 00 00 00 00 00 00 
00 00 00 00 00 02 00 00 3a 00 c7 0a 00 58 00 00 03 00 00 00 00 00 f2 04 35 bf 00 00 00 00 f3 04 
35 3f 13 00 00 01 00 0c 37 00 c5 cd ab 02 05 00 00 00 84 48 66 ef c0 00 00 00 00 00 c0 57 40 00 
00 00 f0 dc d4 d0 40 5b 67 06 1f 09 00 00 01 00 08 9d 1b d8 05 70 06 f0 cd ab 02 09 00 00 00 20 
4b 08 ec c0 00 00 00 00 00 c0 57 40 00 00 00 60 d3 3f c5 40 00 00 00 00 0a 13 d6 bd 00 00 00 00 
fc 98 7e 3f 07 00 00 00 00 04 01 00 a2 0a 16 80 bc 45 00 1b 00 00 cd 01 00 00 e5 03 05 00 00 00 
00 00 00 00 00 16 80 bc 45 00 1c 00 00 cd 01 00 00 73 04 05 00 00 00 00 00 00 00 00 16 80 bc 45 
00 1d 00 00 cd 01 00 00 e3 03 0f 00 00 00 00 00 00 00 00 16 80 bc 45 00 1e 00 00 d5 01 00 00 e3 
03 05 00 00 00 00 00 00 00 00 16 80 bc 45 00 1f 00 00 36 02 00 00 37 02 0a 00 00 00 00 00 00 00 
00 16 80 bc 45 00 20 00 00 74 02 00 00 34 02 1e 00 00 00 00 00 00 00 00 16 80 bc 56 00 21 00 00 
c5 a7 00 00 7e 02 16 00 00 00 00 00 00 00 00 16 80 bc 56 00 22 00 00 c5 a7 00 00 cc 00 19 00 00 
00 00 00 00 00 00 16 80 bc 56 00 23 00 00 c5 a7 00 00 41 02 28 00 00 00 00 00 00 00 00 16 80 bc 
56 00 24 00 00 c5 a7 00 00 09 04 16 00 00 00 00 00 00 00 00 
..........4..........~........W@.......@......Z...p/...................W@.......@......5.......5
?......X...p/.........@.........W@.......@......5.......5?......Y...p/...................W@.....
u.@.......?......;.......h...................nJ@... ...@:.......... ..p/N.........w........W@...
....@BooYah.............................................................:....X..........5.......
5?......7..........Hf........W@.......@[g............p......... K.........W@...`.?.@............
..~?.............E......................E........s.............E......................E.........
.............E....6...7.............E. ..t...4.............V.!......~.............V."...........
.........V.#......A.(...........V.$.................

Client->GAME [15:12:29 07/22/09] packet size: 1 CRYPTED, Flags: 7f ServerSeq: 4 ClientSeq: 8
02 
.

GAME->Client [15:12:30 07/22/09] packet size: 718 CRYPTED, Flags: 7f ServerSeq: 22 ClientSeq: 7
02 03 01 00 0c 57 02 c4 cd ab 15 ae 4c 75 70 69 6e 65 20 53 63 72 61 70 70 65 72 00 00 00 00 00 
00 00 00 00 00 00 00 00 00 00 00 00 00 10 00 00 22 00 00 10 00 c5 02 4c 01 a0 02 d3 a5 00 00 4e 
cd 08 00 28 85 00 00 00 3c b8 56 ef c0 00 00 00 00 00 c0 57 40 00 00 00 78 84 cb d0 40 d0 0c 01 
83 14 02 a8 0d 49 01 32 0c 32 02 06 08 00 00 11 00 00 01 00 0c 0c 00 b7 cd ab 2d 9f ae ff 02 00 
00 00 02 41 6e 64 65 72 73 6f 6e 00 00 00 00 00 00 00 00 00 00 00 00 00 00 00 00 00 00 00 00 00 
00 00 00 1f bc 82 00 00 00 fa fa 05 1f 54 68 6f 6d 61 73 00 00 00 00 00 00 00 00 00 00 00 00 00 
00 00 00 00 00 00 00 00 00 00 00 00 00 4e c0 01 fc 41 01 00 02 e8 03 04 00 f0 20 46 00 00 00 01 
ce bc ff 97 00 8e b6 00 00 3b cf 52 02 00 04 1f 00 74 68 65 4e 45 4f 6f 6e 65 00 00 00 00 00 00 
00 00 00 00 00 00 00 00 00 00 00 00 00 00 00 00 00 00 00 00 a0 94 5d ef c0 00 00 00 00 00 c0 57 
40 00 00 00 20 16 1c d1 40 e8 03 fd 89 00 00 00 1f 00 8d e4 04 00 ed 4a 01 00 00 00 63 04 18 20 
86 21 ce 04 08 00 00 00 00 97 00 fd 00 00 00 d4 36 93 ef c0 00 00 00 00 00 c0 57 40 00 00 00 98 
74 84 d0 40 bc ff 12 22 fb ff 52 c7 de 12 a0 02 00 cb 6d d5 00 1f 1e 39 00 1e 82 01 84 00 00 00 
24 00 0f 00 00 00 00 04 01 00 ac 0e 16 80 bc 56 00 25 00 00 c5 a7 00 00 16 04 01 00 00 00 00 00 
00 00 00 16 80 bc 56 00 26 00 00 95 b7 00 00 b4 00 16 00 00 00 00 00 00 00 00 16 80 bc 56 00 27 
00 00 95 b7 00 00 09 04 16 00 00 00 00 00 00 00 00 16 80 bc 56 00 28 00 00 95 b7 00 00 9d 00 16 
00 00 00 00 00 00 00 00 16 80 bc 56 00 29 00 00 95 b7 00 00 b5 00 16 00 00 00 00 00 00 00 00 16 
80 bc 56 00 2a 00 00 24 b3 00 00 89 02 02 00 00 00 00 00 00 00 00 16 80 bc 56 00 2b 00 00 24 b3 
00 00 1a 04 01 00 00 00 00 00 00 00 00 16 80 bc 56 00 2c 00 00 24 b3 00 00 b4 00 21 00 00 00 00 
00 00 00 00 16 80 bc 56 00 2d 00 00 24 b3 00 00 09 04 21 00 00 00 00 00 00 00 00 16 80 bc 56 00 
2e 00 00 24 b3 00 00 15 04 02 00 00 00 00 00 00 00 00 16 80 bc 56 00 2f 00 00 24 b3 00 00 b5 00 
21 00 00 00 00 00 00 00 00 16 80 bc 56 00 30 00 00 95 a7 00 00 b4 00 12 00 00 00 00 00 00 00 00 
16 80 bc 56 00 31 00 00 95 a7 00 00 b5 00 12 00 00 00 00 00 00 00 00 16 80 bc 56 00 32 00 00 95 
a7 00 00 09 04 12 00 00 00 00 00 00 00 00 
.....W......Lupine Scrapper....................."......L.......N...(....<.V........W@...x...@...
.....I.2.2................-........Anderson..................................Thomas.............
.............N...A........ F.............;.R.....theNEOone............................]........W
@... ...@..............J....c.. .!..............6.........W@....t..@..."..R.......m....9........
$..............V.%....................V.&....................V.'....................V.(.........
...........V.)....................V.*..$.................V.+..$.................V.,..$.....!....
.......V.-..$.....!...........V....$.................V./..$.....!...........V.0.................
...V.1....................V.2.................

GAME->Client [15:12:30 07/22/09] packet size: 722 CRYPTED, Flags: 7f ServerSeq: 23 ClientSeq: 7
02 03 01 00 02 14 00 0f 00 01 0e 82 45 78 87 7c c7 00 00 be 42 1f 4b 84 46 01 00 0c 0c 00 be cd 
ab 2b 9d 85 ff 02 53 74 79 61 72 74 00 00 00 00 00 00 00 00 00 00 00 00 00 00 00 00 00 00 00 00 
00 00 00 00 00 00 22 bc 57 04 00 00 8b 0f 03 1f 47 68 6f 63 74 00 00 00 00 00 00 00 00 00 00 00 
00 00 00 00 00 00 00 00 00 00 00 00 00 00 00 00 40 85 0a d7 23 40 ff fc 41 01 00 02 a2 03 04 00 
00 87 43 00 00 18 01 ce 81 ff 4e 00 8e b6 00 00 2c cf 33 02 00 9c fd ff 5a 76 65 72 00 00 00 00 
00 00 00 00 00 00 00 00 00 00 00 00 00 00 00 00 00 00 00 00 00 00 00 00 00 00 00 40 f8 20 f0 c0 
00 00 00 00 00 c0 57 40 00 00 00 a0 9b 56 d0 40 e1 02 fd 83 00 00 00 fd ff 7c e0 04 00 ed 4a 01 
00 40 08 52 06 10 04 c0 4c 00 00 01 8a 00 00 00 91 00 fd 00 00 00 78 f5 45 ef c0 00 00 00 00 00 
c0 57 40 00 00 00 00 74 c1 d0 40 81 ff 10 12 fb ff 52 c7 de 12 80 ab 96 57 02 1f 45 cc 0c 1c 01 
58 04 00 00 39 00 0d 00 00 01 00 0c 57 02 c2 cd ab 15 ae 44 69 72 65 20 4c 75 70 69 6e 65 20 42 
61 6e 65 00 00 00 00 00 00 00 00 00 00 00 00 00 00 00 00 00 10 00 00 22 00 00 10 00 d5 01 e2 11 
00 00 08 01 a0 0e c3 9a 03 00 08 3f 0a 00 28 00 00 00 95 58 f6 ee c0 00 00 00 00 40 c8 5f 40 00 
00 00 d8 00 11 d0 40 d0 0c 01 82 01 a8 0d ee 02 b2 07 ee 02 06 08 00 00 01 bb 02 00 00 0b 00 00 
00 00 04 01 00 ba 0d 16 80 bc 56 00 33 00 00 95 a7 00 00 70 00 0f 00 00 00 00 00 00 00 00 16 80 
bc 56 00 34 00 00 2c b3 00 00 17 04 01 00 00 00 00 00 00 00 00 16 80 bc 56 00 35 00 00 2c b3 00 
00 b4 00 21 00 00 00 00 00 00 00 00 16 80 bc 56 00 36 00 00 2c b3 00 00 09 04 21 00 00 00 00 00 
00 00 00 16 80 bc 56 00 37 00 00 2c b3 00 00 12 04 02 00 00 00 00 00 00 00 00 16 80 bc 56 00 38 
00 00 2c b3 00 00 07 04 02 00 00 00 00 00 00 00 00 16 80 bc 56 00 39 00 00 2c b3 00 00 b5 00 21 
00 00 00 00 00 00 00 00 16 80 bc 56 00 3a 00 00 c3 b2 00 00 89 02 02 00 00 00 00 00 00 00 00 16 
80 bc 56 00 3b 00 00 c3 b2 00 00 21 04 02 00 00 00 00 00 00 00 00 16 80 bc 56 00 3c 00 00 c3 b2 
00 00 b4 00 1f 00 00 00 00 00 00 00 00 16 80 bc 56 00 3d 00 00 c3 b2 00 00 09 04 1f 00 00 00 00 
00 00 00 00 16 80 bc 56 00 3e 00 00 c3 b2 00 00 1e 04 01 00 00 00 00 00 00 00 00 16 80 bc 56 00 
3f 00 00 c3 b2 00 00 9d 00 1f 00 00 00 00 00 00 00 00 
............Ex.|....B.K.F........+....Styart..........................".W.......Ghoct...........
................@...#@..A.........C.......N.....,.3.....Zver...............................@. ..
......W@.....V.@.........|....J..@.R....L.............x.E........W@....t..@......R......W..E....
X...9.......W......Dire Lupine Bane...................."...................?..(....X.......@._@.
......@...................................V.3......p.............V.4..,.................V.5..,..
...!...........V.6..,.....!...........V.7..,.................V.8..,.................V.9..,.....!
...........V.:....................V.;......!.............V.<....................V.=.............
.......V.>....................V.?.................

Client->GAME [15:12:30 07/22/09] packet size: 13 CRYPTED, Flags: 7f ServerSeq: 6 ClientSeq: 9
02 04 01 00 0a 01 06 80 f4 8e b6 00 00 
.............

GAME->Client [15:12:30 07/22/09] packet size: 725 CRYPTED, Flags: 7f ServerSeq: 24 ClientSeq: 8
02 03 01 00 02 14 00 0f 00 01 0e 82 52 58 d0 7c c7 00 00 be 42 d8 68 84 46 01 00 08 d0 20 ad 03 
70 2f 4c cd ab 08 fd 00 00 00 00 80 c2 ec c0 00 00 00 00 00 c0 57 40 00 00 00 00 00 26 cb 40 43 
69 74 72 69 00 00 00 00 00 00 00 00 00 00 00 00 00 00 00 00 00 00 00 00 00 00 00 00 00 00 00 00 
00 00 00 00 00 00 00 00 00 00 00 00 00 00 00 00 00 00 00 00 00 00 00 00 00 00 00 00 00 00 00 02 
00 00 3a 00 c5 0a 00 58 00 00 03 00 00 00 00 00 22 d5 31 3f 00 00 00 00 a7 26 38 3f 05 00 00 01 
00 0c 57 02 c3 cd ab 15 ae 44 69 72 65 20 4c 75 70 69 6e 65 20 53 61 76 61 67 65 00 00 00 00 00 
00 00 00 00 00 00 00 00 00 00 10 00 00 22 00 00 10 00 d5 01 99 11 00 00 08 01 a0 0f c3 9c 03 00 
08 3f 0a 00 28 00 00 80 2a 6b 18 ef c0 00 00 00 00 70 e0 54 40 00 00 00 a8 b1 45 d1 40 d0 0c 01 
82 03 a8 0d 77 01 b2 0c 77 01 06 08 00 00 01 bb 02 00 00 03 00 00 00 00 04 02 00 c7 01 16 80 bc 
15 00 40 00 00 f7 03 00 00 08 02 00 00 00 00 00 00 00 00 00 00 c8 12 16 80 bc 15 00 41 00 00 f7 
03 00 00 07 02 ec ff ff ff 00 00 00 00 00 16 80 bc 15 00 42 00 00 f7 03 00 00 50 04 00 00 00 00 
00 00 00 00 00 16 80 bc 15 00 43 00 00 f7 03 00 00 f4 03 00 00 00 00 00 00 00 00 00 16 80 bc 15 
00 44 00 00 f7 03 00 00 51 04 f6 ff ff ff 00 00 00 00 00 16 80 bc 15 00 45 00 00 f7 03 00 00 52 
04 0f 00 00 00 00 00 00 00 00 16 80 bc 45 03 11 00 00 02 00 00 00 11 00 32 00 00 00 00 00 00 00 
00 16 80 bc 45 03 35 04 00 62 00 00 00 35 04 00 00 00 00 00 00 00 00 00 16 80 bc 45 03 3d 04 00 
43 00 00 00 3d 04 00 00 00 00 00 00 00 00 00 16 80 bc 45 03 3e 04 00 4f 01 00 00 3e 04 00 00 00 
00 00 00 00 00 00 16 80 bc 45 03 3f 04 00 64 01 00 00 3f 04 00 00 00 00 00 00 00 00 00 16 80 bc 
45 03 40 04 00 d5 01 00 00 40 04 00 00 00 00 00 00 00 00 00 16 80 bc 56 00 21 00 00 c5 a7 00 00 
7e 02 16 00 00 00 01 00 00 00 00 16 80 bc 56 00 22 00 00 c5 a7 00 00 cc 00 19 00 00 00 01 00 00 
00 00 16 80 bc 56 00 23 00 00 c5 a7 00 00 41 02 28 00 00 00 01 00 00 00 00 16 80 bc 56 00 24 00 
00 c5 a7 00 00 09 04 16 00 00 00 01 00 00 00 00 16 80 bc 56 00 25 00 00 c5 a7 00 00 16 04 01 00 
00 00 01 00 00 00 00 16 80 bc 56 00 46 00 00 c5 a7 00 00 7e 02 16 00 00 00 00 00 00 00 00 16 80 
bc 56 00 47 00 00 c5 a7 00 00 cc 00 19 00 00 00 00 00 00 00 00 
............RX.|....B.h.F.... ..p/L..................W@.....&.@Citri............................
..................................:....X........".1?.....&8?......W......Dire Lupine Savage.....
............."...................?..(...*k.......p.T@.....E.@.......w...w.......................
..@.........................A......................B......P...............C.....................
.D......Q...............E......R.............E..........2...........E.5..b...5.............E.=..
C...=.............E.>..O...>.............E.?..d...?.............E.@......@.............V.!......
~.............V."....................V.#......A.(...........V.$....................V.%..........
..........V.F......~.............V.G.................

Client->GAME [15:12:30 07/22/09] packet size: 1 CRYPTED, Flags: 7f ServerSeq: 7 ClientSeq: 10
02 
.

Client->GAME [15:12:30 07/22/09] packet size: 1 CRYPTED, Flags: 7f ServerSeq: 8 ClientSeq: 11
02 
.

GAME->Client [15:12:30 07/22/09] packet size: 694 CRYPTED, Flags: 7f ServerSeq: 25 ClientSeq: 9
02 03 0f 00 01 0e 00 52 6b f6 7c c7 00 00 be 42 f4 a1 84 46 00 00 04 01 00 da 1d 16 80 bc 56 00 
48 00 00 c5 a7 00 00 41 02 28 00 00 00 00 00 00 00 00 16 80 bc 56 00 49 00 00 c5 a7 00 00 09 04 
16 00 00 00 00 00 00 00 00 16 80 bc 56 00 4a 00 00 c5 a7 00 00 16 04 01 00 00 00 00 00 00 00 00 
16 80 bc 56 00 26 00 00 95 b7 00 00 b4 00 16 00 00 00 01 00 00 00 00 16 80 bc 56 00 27 00 00 95 
b7 00 00 09 04 16 00 00 00 01 00 00 00 00 16 80 bc 56 00 28 00 00 95 b7 00 00 9d 00 16 00 00 00 
01 00 00 00 00 16 80 bc 56 00 29 00 00 95 b7 00 00 b5 00 16 00 00 00 01 00 00 00 00 16 80 bc 56 
00 4b 00 00 95 b7 00 00 b4 00 16 00 00 00 00 00 00 00 00 16 80 bc 56 00 4c 00 00 95 b7 00 00 09 
04 16 00 00 00 00 00 00 00 00 16 80 bc 56 00 4d 00 00 95 b7 00 00 9d 00 16 00 00 00 00 00 00 00 
00 16 80 bc 56 00 4e 00 00 95 b7 00 00 b5 00 16 00 00 00 00 00 00 00 00 16 80 bc 56 00 2a 00 00 
24 b3 00 00 89 02 02 00 00 00 01 00 00 00 00 16 80 bc 56 00 2b 00 00 24 b3 00 00 1a 04 01 00 00 
00 01 00 00 00 00 16 80 bc 56 00 2c 00 00 24 b3 00 00 b4 00 21 00 00 00 01 00 00 00 00 16 80 bc 
56 00 2d 00 00 24 b3 00 00 09 04 21 00 00 00 01 00 00 00 00 16 80 bc 56 00 2e 00 00 24 b3 00 00 
15 04 02 00 00 00 01 00 00 00 00 16 80 bc 56 00 2f 00 00 24 b3 00 00 b5 00 21 00 00 00 01 00 00 
00 00 16 80 bc 56 00 4f 00 00 24 b3 00 00 89 02 02 00 00 00 00 00 00 00 00 16 80 bc 56 00 50 00 
00 24 b3 00 00 1a 04 01 00 00 00 00 00 00 00 00 16 80 bc 56 00 51 00 00 24 b3 00 00 b4 00 21 00 
00 00 00 00 00 00 00 16 80 bc 56 00 52 00 00 24 b3 00 00 09 04 21 00 00 00 00 00 00 00 00 16 80 
bc 56 00 53 00 00 24 b3 00 00 15 04 02 00 00 00 00 00 00 00 00 16 80 bc 56 00 54 00 00 24 b3 00 
00 b5 00 21 00 00 00 00 00 00 00 00 16 80 bc 56 00 30 00 00 95 a7 00 00 b4 00 12 00 00 00 01 00 
00 00 00 16 80 bc 56 00 31 00 00 95 a7 00 00 b5 00 12 00 00 00 01 00 00 00 00 16 80 bc 56 00 32 
00 00 95 a7 00 00 09 04 12 00 00 00 01 00 00 00 00 16 80 bc 56 00 33 00 00 95 a7 00 00 70 00 0f 
00 00 00 01 00 00 00 00 16 80 bc 56 00 55 00 00 95 a7 00 00 b4 00 12 00 00 00 00 00 00 00 00 16 
80 bc 56 00 56 00 00 95 a7 00 00 b5 00 12 00 00 00 00 00 00 00 00 
.......Rk.|....B...F..........V.H......A.(...........V.I....................V.J.................
...V.&....................V.'....................V.(....................V.)....................V
.K....................V.L....................V.M....................V.N....................V.*..
$.................V.+..$.................V.,..$.....!...........V.-..$.....!...........V....$...
..............V./..$.....!...........V.O..$.................V.P..$.................V.Q..$.....!.
..........V.R..$.....!...........V.S..$.................V.T..$.....!...........V.0..............
......V.1....................V.2....................V.3......p.............V.U..................
..V.V.................

GAME->Client [15:12:30 07/22/09] packet size: 711 CRYPTED, Flags: 7f ServerSeq: 26 ClientSeq: 10
82 05 2e fe 48 03 0f 00 01 0e 00 52 6b f6 7c c7 00 00 be 42 f4 a1 84 46 09 00 01 00 00 00 84 48 
66 ef c0 00 00 00 00 00 c0 57 40 00 00 00 f0 dc d4 d0 40 0a 00 00 00 03 00 00 00 0d 00 be 00 11 
00 c4 00 02 01 02 00 00 00 00 ba 2f b1 43 00 00 00 00 c0 ca d4 c2 00 49 5c 43 00 00 00 00 c0 46 
84 c2 00 00 09 00 01 a7 00 00 bf fc a0 0f a0 0f 82 00 00 00 00 00 00 00 00 9d 59 00 00 8b 0b 00 
24 5b 51 00 00 8b 0b 00 24 00 00 00 00 00 00 00 00 00 00 00 00 00 00 00 00 34 00 00 00 64 00 00 
00 00 10 00 10 00 00 00 00 00 00 00 00 00 00 00 00 00 00 00 00 00 00 00 00 00 00 00 00 02 01 00 
00 00 00 80 16 86 c2 00 00 00 00 00 08 a1 41 c0 15 86 42 00 00 00 00 00 07 a1 c1 00 00 0a 00 a1 
b6 00 00 e7 03 9c 0f f6 0e 02 a6 59 00 00 8b 0b 00 24 00 00 00 00 00 00 00 00 10 4f 00 00 8b 0b 
00 24 00 00 00 00 00 00 00 00 00 00 00 00 00 00 00 00 67 00 00 00 0b 00 00 00 00 10 86 00 00 00 
00 00 00 00 00 00 00 00 00 00 00 00 00 00 00 00 00 00 00 00 00 00 00 00 04 02 00 f7 10 16 80 bc 
56 00 57 00 00 95 a7 00 00 09 04 12 00 00 00 00 00 00 00 00 16 80 bc 56 00 58 00 00 95 a7 00 00 
70 00 0f 00 00 00 00 00 00 00 00 16 80 bc 56 00 34 00 00 2c b3 00 00 17 04 01 00 00 00 01 00 00 
00 00 16 80 bc 56 00 35 00 00 2c b3 00 00 b4 00 21 00 00 00 01 00 00 00 00 16 80 bc 56 00 36 00 
00 2c b3 00 00 09 04 21 00 00 00 01 00 00 00 00 16 80 bc 56 00 37 00 00 2c b3 00 00 12 04 02 00 
00 00 01 00 00 00 00 16 80 bc 56 00 38 00 00 2c b3 00 00 07 04 02 00 00 00 01 00 00 00 00 16 80 
bc 56 00 39 00 00 2c b3 00 00 b5 00 21 00 00 00 01 00 00 00 00 16 80 bc 56 00 59 00 00 2c b3 00 
00 17 04 01 00 00 00 00 00 00 00 00 16 80 bc 56 00 5a 00 00 2c b3 00 00 b4 00 21 00 00 00 00 00 
00 00 00 16 80 bc 56 00 5b 00 00 2c b3 00 00 09 04 21 00 00 00 00 00 00 00 00 16 80 bc 56 00 5c 
00 00 2c b3 00 00 12 04 02 00 00 00 00 00 00 00 00 16 80 bc 56 00 5d 00 00 2c b3 00 00 07 04 02 
00 00 00 00 00 00 00 00 16 80 bc 56 00 5e 00 00 2c b3 00 00 b5 00 21 00 00 00 00 00 00 00 00 16 
80 bc 56 00 3a 00 00 c3 b2 00 00 89 02 02 00 00 00 01 00 00 00 00 16 80 bc 56 00 3b 00 00 c3 b2 
00 00 21 04 02 00 00 00 01 00 00 00 00 01 07 01 16 80 bc 56 00 3c 00 00 c3 b2 00 00 b4 00 1f 00 
00 00 01 00 00 00 00 
....H......Rk.|....B...F.......Hf........W@.......@......................../.C.........I\C.....F
..........................Y.....$[Q.....$................4...d..................................
..............A...B........................Y.....$.........O.....$................g.............
................................V.W....................V.X......p.............V.4..,............
.....V.5..,.....!...........V.6..,.....!...........V.7..,.................V.8..,................
.V.9..,.....!...........V.Y..,.................V.Z..,.....!...........V.[..,.....!...........V.\
..,.................V.]..,.................V.^..,.....!...........V.:....................V.;....
..!................V.<.................

GAME->Client [15:12:30 07/22/09] packet size: 695 CRYPTED, Flags: 7f ServerSeq: 27 ClientSeq: 11
02 03 0f 00 01 0a 00 8a 54 7d c7 00 00 be 42 fc fa 84 46 0b 00 02 08 c5 b2 77 c7 00 42 fe 42 07 
88 80 46 03 00 02 2a 10 01 0c 39 81 00 0d 00 be 00 00 59 c3 78 c7 80 03 a7 42 8d 2d 8a 46 00 00 
04 01 01 08 1e 16 80 bc 56 00 3d 00 00 c3 b2 00 00 09 04 1f 00 00 00 01 00 00 00 00 16 80 bc 56 
00 3e 00 00 c3 b2 00 00 1e 04 01 00 00 00 01 00 00 00 00 16 80 bc 56 00 3f 00 00 c3 b2 00 00 9d 
00 1f 00 00 00 01 00 00 00 00 16 80 bc 56 00 5f 00 00 c3 b2 00 00 89 02 02 00 00 00 00 00 00 00 
00 16 80 bc 56 00 60 00 00 c3 b2 00 00 21 04 02 00 00 00 00 00 00 00 00 16 80 bc 56 00 61 00 00 
c3 b2 00 00 b4 00 1f 00 00 00 00 00 00 00 00 16 80 bc 56 00 62 00 00 c3 b2 00 00 09 04 1f 00 00 
00 00 00 00 00 00 16 80 bc 56 00 63 00 00 c3 b2 00 00 1e 04 01 00 00 00 00 00 00 00 00 16 80 bc 
56 00 64 00 00 c3 b2 00 00 9d 00 1f 00 00 00 00 00 00 00 00 04 80 b3 11 00 16 80 bc 45 03 11 00 
00 02 00 00 00 11 00 32 00 00 00 01 00 00 00 00 16 80 bc 45 00 02 00 00 02 00 00 00 cc 00 0c 00 
00 00 01 00 00 00 00 08 80 b2 11 00 32 00 08 02 16 80 bc 45 03 11 00 00 02 00 00 00 11 00 32 00 
00 00 00 00 00 00 00 16 80 bc 55 00 65 00 00 02 00 00 00 cc 00 0c 00 00 00 00 00 00 00 00 16 80 
bc 45 00 03 00 00 0b 00 00 00 37 02 96 00 00 00 01 00 00 00 00 16 80 bc 55 00 66 00 00 0b 00 00 
00 37 02 96 00 00 00 00 00 00 00 00 16 80 bc 45 00 04 00 00 2d 00 00 00 23 04 0a 00 00 00 01 00 
00 00 00 16 80 bc 45 00 05 00 00 2d 00 00 00 20 04 0a 00 00 00 01 00 00 00 00 16 80 bc 45 00 06 
00 00 2d 00 00 00 19 04 05 00 00 00 01 00 00 00 00 16 80 bc 45 00 07 00 00 2d 00 00 00 42 04 05 
00 00 00 01 00 00 00 00 16 80 bc 55 00 67 00 00 2d 00 00 00 23 04 0a 00 00 00 00 00 00 00 00 16 
80 bc 55 00 68 00 00 2d 00 00 00 20 04 0a 00 00 00 00 00 00 00 00 16 80 bc 55 00 69 00 00 2d 00 
00 00 19 04 05 00 00 00 00 00 00 00 00 16 80 bc 55 00 6a 00 00 2d 00 00 00 42 04 05 00 00 00 00 
00 00 00 00 16 80 bc 45 00 08 00 00 34 00 00 00 83 02 c8 00 00 00 01 00 00 00 00 16 80 bc 55 00 
6b 00 00 34 00 00 00 83 02 c8 00 00 00 00 00 00 00 00 04 80 b3 3d 04 16 80 bc 45 03 3d 04 00 43 
00 00 00 3d 04 00 00 00 00 01 00 00 00 00 08 80 b2 3d 04 00 00 08 02 
........T}....B...F......w..B.B...F...*...9.......Y.x....B.-.F..........V.=....................V
.>....................V.?....................V._....................V.`......!.............V.a..
..................V.b....................V.c....................V.d.........................E...
.......2...........E........................2......E..........2...........U.e...................
.E........7.............U.f......7.............E....-...#.............E....-... .............E..
..-.................E....-...B.............U.g..-...#.............U.h..-... .............U.i..-.
................U.j..-...B.............E....4.................U.k..4.................=....E.=..C
...=.............=.....

Client->GAME [15:12:30 07/22/09] packet size: 1 CRYPTED, Flags: 7f ServerSeq: 10 ClientSeq: 12
02 
.

Client->GAME [15:12:30 07/22/09] packet size: 1 CRYPTED, Flags: 7f ServerSeq: 11 ClientSeq: 13
02 
.

GAME->Client [15:12:30 07/22/09] packet size: 707 CRYPTED, Flags: 7f ServerSeq: 28 ClientSeq: 11
02 03 0f 00 01 0a 00 8a 54 7d c7 00 00 be 42 fc fa 84 46 03 00 02 2a 10 01 0c 39 81 00 0d 00 be 
00 00 59 c3 78 c7 80 03 a7 42 8d 2d 8a 46 00 00 04 01 01 26 20 16 80 bc 45 03 3d 04 00 43 00 00 
00 3d 04 00 00 00 00 00 00 00 00 00 16 80 bc 45 00 09 00 00 4b 00 00 00 1f 04 19 00 00 00 01 00 
00 00 00 16 80 bc 55 00 6c 00 00 4b 00 00 00 1f 04 19 00 00 00 00 00 00 00 00 16 80 bc 45 00 0a 
00 00 5f 00 00 00 7c 04 0f 00 00 00 01 00 00 00 00 16 80 bc 45 00 0b 00 00 5f 00 00 00 07 04 0f 
00 00 00 01 00 00 00 00 16 80 bc 55 00 6d 00 00 5f 00 00 00 7c 04 0f 00 00 00 00 00 00 00 00 16 
80 bc 55 00 6e 00 00 5f 00 00 00 07 04 0f 00 00 00 00 00 00 00 00 16 80 bc 45 00 0c 00 00 62 00 
00 00 06 04 01 00 00 00 01 00 00 00 00 04 80 b3 35 04 16 80 bc 45 03 35 04 00 62 00 00 00 35 04 
00 00 00 00 01 00 00 00 00 16 80 bc 45 00 0d 00 00 62 00 00 00 15 04 01 00 00 00 01 00 00 00 00 
16 80 bc 55 00 6f 00 00 62 00 00 00 06 04 01 00 00 00 00 00 00 00 00 08 80 b2 35 04 00 00 08 02 
16 80 bc 45 03 35 04 00 62 00 00 00 35 04 00 00 00 00 00 00 00 00 00 16 80 bc 55 00 70 00 00 62 
00 00 00 15 04 01 00 00 00 00 00 00 00 00 16 80 bc 45 00 0e 00 00 a5 00 00 00 c0 02 05 00 00 00 
01 00 00 00 00 16 80 bc 55 00 71 00 00 a5 00 00 00 c0 02 05 00 00 00 00 00 00 00 00 16 80 bc 45 
00 0f 00 00 d7 00 00 00 bf 02 05 00 00 00 01 00 00 00 00 16 80 bc 55 00 72 00 00 d7 00 00 00 bf 
02 05 00 00 00 00 00 00 00 00 16 80 bc 45 00 10 00 00 2a 01 00 00 7e 02 04 00 00 00 01 00 00 00 
00 16 80 bc 45 00 11 00 00 2a 01 00 00 cc 00 00 00 00 00 01 00 00 00 00 16 80 bc 55 00 73 00 00 
2a 01 00 00 7e 02 04 00 00 00 00 00 00 00 00 16 80 bc 55 00 74 00 00 2a 01 00 00 cc 00 00 00 00 
00 00 00 00 00 00 04 80 b3 3e 04 16 80 bc 45 03 3e 04 00 4f 01 00 00 3e 04 00 00 00 00 01 00 00 
00 00 08 80 b2 3e 04 00 00 08 02 16 80 bc 45 03 3e 04 00 4f 01 00 00 3e 04 00 00 00 00 00 00 00 
00 00 16 80 bc 45 00 12 00 00 5a 01 00 00 07 04 05 00 00 00 01 00 00 00 00 16 80 bc 45 00 13 00 
00 5a 01 00 00 1d 04 0f 00 00 00 01 00 00 00 00 16 80 bc 55 00 75 00 00 5a 01 00 00 07 04 05 00 
00 00 00 00 00 00 00 16 80 bc 55 00 76 00 00 5a 01 00 00 1d 04 0f 00 00 00 00 00 00 00 00 04 80 
b3 3f 04 
........T}....B...F...*...9.......Y.x....B.-.F.....& ...E.=..C...=.............E....K...........
......U.l..K.................E...._...|.............E...._.................U.m.._...|...........
..U.n.._.................E....b.................5....E.5..b...5.............E....b..............
...U.o..b.................5........E.5..b...5.............U.p..b.................E..............
........U.q....................E......................U.r....................E....*...~.........
....E....*.................U.s..*...~.............U.t..*.................>....E.>..O...>........
.....>........E.>..O...>.............E....Z.................E....Z.................U.u..Z.......
..........U.v..Z.................?.

Client->GAME [15:12:30 07/22/09] packet size: 1 CRYPTED, Flags: 7f ServerSeq: 12 ClientSeq: 14
02 
.

GAME->Client [15:12:30 07/22/09] packet size: 710 CRYPTED, Flags: 7f ServerSeq: 29 ClientSeq: 13
02 03 0d 00 02 80 80 10 e2 02 00 00 04 02 01 46 08 16 80 bc 45 03 3f 04 00 64 01 00 00 3f 04 00 
00 00 00 01 00 00 00 00 16 80 bc 45 00 14 00 00 64 01 00 00 1f 04 05 00 00 00 01 00 00 00 00 08 
80 b2 3f 04 00 00 08 02 16 80 bc 45 03 3f 04 00 64 01 00 00 3f 04 00 00 00 00 00 00 00 00 00 16 
80 bc 55 00 77 00 00 64 01 00 00 1f 04 05 00 00 00 00 00 00 00 00 16 80 bc 45 00 15 00 00 66 01 
00 00 7b 04 05 00 00 00 01 00 00 00 00 16 80 bc 45 00 16 00 00 66 01 00 00 12 04 0a 00 00 00 01 
00 00 00 00 16 80 bc 45 00 17 00 00 66 01 00 00 06 04 0b 00 00 00 01 00 00 00 00 01 4e 18 16 80 
bc 55 00 78 00 00 66 01 00 00 7b 04 05 00 00 00 00 00 00 00 00 16 80 bc 55 00 79 00 00 66 01 00 
00 12 04 0a 00 00 00 00 00 00 00 00 16 80 bc 55 00 7a 00 00 66 01 00 00 06 04 0b 00 00 00 00 00 
00 00 00 16 80 bc 45 00 18 00 00 8e 01 00 00 03 04 05 00 00 00 01 00 00 00 00 16 80 bc 45 00 19 
00 00 8e 01 00 00 12 04 0f 00 00 00 01 00 00 00 00 16 80 bc 45 00 1a 00 00 8e 01 00 00 77 04 05 
00 00 00 01 00 00 00 00 16 80 bc 55 00 7b 00 00 8e 01 00 00 03 04 05 00 00 00 00 00 00 00 00 16 
80 bc 55 00 7c 00 00 8e 01 00 00 12 04 0f 00 00 00 00 00 00 00 00 16 80 bc 55 00 7d 00 00 8e 01 
00 00 77 04 05 00 00 00 00 00 00 00 00 16 80 bc 45 00 1b 00 00 cd 01 00 00 e5 03 05 00 00 00 01 
00 00 00 00 16 80 bc 45 00 1c 00 00 cd 01 00 00 73 04 05 00 00 00 01 00 00 00 00 16 80 bc 45 00 
1d 00 00 cd 01 00 00 e3 03 0f 00 00 00 01 00 00 00 00 16 80 bc 55 00 7e 00 00 cd 01 00 00 e5 03 
05 00 00 00 00 00 00 00 00 16 80 bc 55 00 7f 00 00 cd 01 00 00 73 04 05 00 00 00 00 00 00 00 00 
16 80 bc 55 00 80 00 00 cd 01 00 00 e3 03 0f 00 00 00 00 00 00 00 00 04 80 b3 40 04 16 80 bc 45 
03 40 04 00 d5 01 00 00 40 04 00 00 00 00 01 00 00 00 00 16 80 bc 45 00 1e 00 00 d5 01 00 00 e3 
03 05 00 00 00 01 00 00 00 00 08 80 b2 40 04 00 00 08 02 16 80 bc 45 03 40 04 00 d5 01 00 00 40 
04 00 00 00 00 00 00 00 00 00 16 80 bc 55 00 81 00 00 d5 01 00 00 e3 03 05 00 00 00 00 00 00 00 
00 16 80 bc 45 00 1f 00 00 36 02 00 00 37 02 0a 00 00 00 01 00 00 00 00 16 80 bc 55 00 82 00 00 
36 02 00 00 37 02 0a 00 00 00 00 00 00 00 00 16 80 bc 45 00 20 00 00 74 02 00 00 34 02 1e 00 00 
00 01 00 00 00 00 
...............F....E.?..d...?.............E....d.................?........E.?..d...?...........
..U.w..d.................E....f...{.............E....f.................E....f...............N...
.U.x..f...{.............U.y..f.................U.z..f.................E......................E..
....................E........w.............U.{....................U.|....................U.}....
..w.............E......................E........s.............E......................U.~........
............U........s.............U......................@....E.@......@.............E.........
.............@........E.@......@.............U......................E....6...7.............U....
6...7.............E. ..t...4..........

Client->GAME [15:12:30 07/22/09] packet size: 1 CRYPTED, Flags: 7f ServerSeq: 13 ClientSeq: 15
02 
.

GAME->Client [15:12:30 07/22/09] packet size: 645 CRYPTED, Flags: 7f ServerSeq: 30 ClientSeq: 14
02 04 02 01 66 14 16 80 bc 55 00 83 00 00 74 02 00 00 34 02 1e 00 00 00 00 00 00 00 00 16 80 bc 
15 00 84 00 00 11 00 00 00 ab 00 0d 00 00 00 00 00 00 00 00 16 80 bc 15 00 85 00 00 11 00 00 00 
0a 02 4d 00 00 00 00 00 00 00 00 16 80 bc 15 00 86 00 00 11 00 00 00 f2 03 34 00 00 00 00 00 00 
00 00 16 80 bc 15 00 87 00 00 11 00 00 00 ed 03 4d 00 00 00 00 00 00 00 00 16 80 bc 15 00 88 00 
00 11 00 00 00 9f 00 19 00 00 00 00 00 00 00 00 16 80 bc 15 00 89 00 00 11 00 00 00 f1 03 34 00 
00 00 00 00 00 00 00 16 80 bc 15 00 8a 00 00 11 00 00 00 0c 02 34 00 00 00 00 00 00 00 00 16 80 
bc 15 00 8b 00 00 11 00 00 00 b7 00 4c 00 00 00 00 00 00 00 00 16 80 bc 15 00 8c 00 00 11 00 00 
00 f3 03 46 00 00 00 00 00 00 00 00 0b 80 bd 05 11 00 00 00 00 00 00 01 16 80 bc 11 00 8d 00 00 
00 00 00 00 cb 02 00 00 00 00 00 00 00 00 00 17 3a 05 00 11 00 0a 00 50 76 50 53 65 72 76 65 72 
00 04 00 06 00 00 00 1d 3a 05 00 17 00 10 00 50 76 50 4d 61 78 53 61 66 65 4c 65 76 65 6c 00 04 
00 0f 00 00 00 3e 3a 05 00 14 00 0d 00 57 52 5f 52 65 7a 45 76 65 6e 74 73 00 28 00 48 61 6c 6c 
6f 77 65 65 6e 5f 45 76 65 6e 74 2c 57 69 6e 74 65 72 33 48 61 6c 6c 6f 77 65 65 6e 46 6c 79 54 
53 45 43 00 1b 3a 05 00 19 00 12 00 45 76 65 6e 74 53 6c 6f 74 31 5f 45 66 66 65 63 74 00 00 00 
28 3a 05 00 19 00 12 00 45 76 65 6e 74 53 6c 6f 74 32 5f 45 66 66 65 63 74 00 0d 00 66 6c 79 6d 
61 6e 5f 69 64 6c 65 33 00 25 3a 05 00 19 00 12 00 45 76 65 6e 74 53 6c 6f 74 33 5f 45 66 66 65 
63 74 00 0a 00 66 6c 79 5f 76 69 72 75 73 00 1f 3a 05 00 1b 00 14 00 46 69 78 65 64 42 69 6e 6b 
49 44 4f 76 65 72 72 69 64 65 00 02 00 20 00 41 81 67 17 00 27 00 1c 22 00 c6 01 11 00 00 00 00 
00 00 00 37 00 00 08 0e 00 41 66 74 65 72 57 68 6f 72 75 4e 65 6f 00 0e 00 41 66 74 65 72 57 68 
6f 72 75 4e 65 6f 00 02 00 4d 00 00 00 00 00 00 00 01 7a 01 30 80 f5 8e b6 00 00 54 77 69 73 74 
65 64 20 54 69 74 61 6e 73 20 2d 20 7b 63 3a 46 46 44 34 32 44 7d 45 50 4e 7b 2f 63 7d 00 00 00 
00 00 00 00 00 
....f....U....t...4...............................................M......................4......
................M.............................................4......................4..........
............L......................F............................................:......PvPServer
........:......PvPMaxSafeLevel.......>:......WR_RezEvents.(.Halloween_Event,Winter3HalloweenFlyT
SEC..:......EventSlot1_Effect...(:......EventSlot2_Effect...flyman_idle3.%:......EventSlot3_Effe
ct...fly_virus..:......FixedBinkIDOverride... .A.g..'.."...........7.....AfterWhoruNeo...AfterWh
oruNeo...M........z.0......Twisted Titans - {c:FFD42D}EPN{/c}........

Client->GAME [15:12:31 07/22/09] packet size: 1 CRYPTED, Flags: 7f ServerSeq: 14 ClientSeq: 16
02 
.

Client->GAME [15:12:31 07/22/09] packet size: 44 CRYPTED, Flags: 7f ServerSeq: 14 ClientSeq: 17
02 04 01 00 0b 02 12 80 c9 06 00 b0 10 00 60 6a c7 00 00 b4 c2 00 40 9c 45 12 80 c9 06 00 30 0e 
00 88 90 c7 00 00 b4 c2 00 40 9c 45 
..............`j......@.E.....0..........@.E

Client->GAME [15:12:31 07/22/09] packet size: 25 CRYPTED, Flags: 7f ServerSeq: 14 ClientSeq: 18
02 04 01 00 0d 01 12 80 c9 01 00 c0 47 00 88 90 c7 00 00 20 41 00 88 10 47 
............G...... A...G

GAME->Client [15:12:31 07/22/09] packet size: 31 CRYPTED, Flags: 7f ServerSeq: 31 ClientSeq: 0
02 03 0b 00 02 2a 0f 01 0c 39 81 00 0d 00 be 00 00 c5 b2 77 c7 00 42 fe 42 07 88 80 46 00 00 
.....*...9.........w..B.B...F..

Client->GAME [15:12:31 07/22/09] packet size: 1 CRYPTED, Flags: 7f ServerSeq: 15 ClientSeq: 19
02 
.

GAME->Client [15:12:31 07/22/09] packet size: 31 CRYPTED, Flags: 7f ServerSeq: 32 ClientSeq: 1
02 03 0b 00 02 2a 0f 01 0c 39 81 00 0d 00 be 00 00 c5 b2 77 c7 00 42 fe 42 07 88 80 46 00 00 
.....*...9.........w..B.B...F..

Client->GAME [15:12:31 07/22/09] packet size: 1 CRYPTED, Flags: 7f ServerSeq: 0 ClientSeq: 20
02 
.

GAME->Client [15:12:31 07/22/09] packet size: 1 CRYPTED, Flags: 7f ServerSeq: 33 ClientSeq: 3
02 
.

GAME->Client [15:12:31 07/22/09] packet size: 40 CRYPTED, Flags: 7f ServerSeq: 34 ClientSeq: 4
82 29 2e fe 48 03 0b 00 02 08 c5 b2 77 c7 00 42 fe 42 07 88 80 46 03 00 02 08 59 c3 78 c7 80 03 
a7 42 8d 2d 8a 46 00 00 
.)..H.......w..B.B...F....Y.x....B.-.F..

Client->GAME [15:12:31 07/22/09] packet size: 1 CRYPTED, Flags: 7f ServerSeq: 2 ClientSeq: 21
02 
.

GAME->Client [15:12:31 07/22/09] packet size: 12 CRYPTED, Flags: 7f ServerSeq: 35 ClientSeq: 4
02 03 0d 00 02 80 80 10 da 02 00 00 
............

Client->GAME [15:12:31 07/22/09] packet size: 1 CRYPTED, Flags: 7f ServerSeq: 3 ClientSeq: 22
02 
.

Client->GAME [15:12:31 07/22/09] packet size: 44 CRYPTED, Flags: 7f ServerSeq: 3 ClientSeq: 23
02 04 01 00 0e 02 12 80 c9 03 00 a0 1c 00 b8 f1 c6 00 00 48 44 00 40 9c 45 12 80 c9 0b 00 a0 1c 
00 30 f2 c6 00 00 20 41 00 40 9c 45 
...................HD.@.E........0.... A.@.E

GAME->Client [15:12:31 07/22/09] packet size: 21 CRYPTED, Flags: 7f ServerSeq: 36 ClientSeq: 6
02 03 11 00 04 80 80 80 40 4a 01 0d 00 02 80 80 10 db 02 00 00 
........@J...........

Client->GAME [15:12:31 07/22/09] packet size: 1 CRYPTED, Flags: 7f ServerSeq: 4 ClientSeq: 24
02 
.

GAME->Client [15:12:32 07/22/09] packet size: 1 CRYPTED, Flags: 7f ServerSeq: 37 ClientSeq: 7
02 
.

GAME->Client [15:12:32 07/22/09] packet size: 12 CRYPTED, Flags: 7f ServerSeq: 38 ClientSeq: 8
02 03 0d 00 02 80 80 10 cf 02 00 00 
............

Client->GAME [15:12:32 07/22/09] packet size: 1 CRYPTED, Flags: 7f ServerSeq: 6 ClientSeq: 25
02 
.

Client->GAME [15:12:32 07/22/09] packet size: 25 CRYPTED, Flags: 7f ServerSeq: 6 ClientSeq: 26
02 04 01 00 10 01 12 80 c9 07 00 60 4b 00 58 18 c7 00 80 45 c4 00 e8 00 47 
...........`K.X....E....G

GAME->Client [15:12:32 07/22/09] packet size: 36 CRYPTED, Flags: 7f ServerSeq: 39 ClientSeq: 9
02 03 0b 00 02 08 c5 b2 77 c7 00 42 fe 42 07 88 80 46 03 00 02 08 59 c3 78 c7 80 03 a7 42 8d 2d 
8a 46 00 00 
........w..B.B...F....Y.x....B.-.F..

Client->GAME [15:12:32 07/22/09] packet size: 1 CRYPTED, Flags: 7f ServerSeq: 7 ClientSeq: 27
02 
.

GAME->Client [15:12:32 07/22/09] packet size: 5 CRYPTED, Flags: 7f ServerSeq: 40 ClientSeq: 10
82 51 2e fe 48 
.Q..H

Client->GAME [15:12:32 07/22/09] packet size: 1 CRYPTED, Flags: 7f ServerSeq: 8 ClientSeq: 28
02 
.

Client->GAME [15:12:32 07/22/09] packet size: 63 CRYPTED, Flags: 7f ServerSeq: 8 ClientSeq: 29
02 04 01 00 11 03 12 80 c9 07 00 90 27 00 1c a2 c7 00 00 20 41 00 40 9c c5 12 80 c9 07 00 e0 0a 
00 1c a2 c7 00 00 20 41 00 50 c3 46 12 80 c9 0a 00 e0 0a 00 d4 ad c7 00 00 48 44 00 c8 c3 46 
............'...... A.@............... A.P.F.............HD...F

GAME->Client [15:12:32 07/22/09] packet size: 12 CRYPTED, Flags: 7f ServerSeq: 41 ClientSeq: 11
02 03 0d 00 02 80 80 10 d0 02 00 00 
............

Client->GAME [15:12:33 07/22/09] packet size: 1 CRYPTED, Flags: 7f ServerSeq: 9 ClientSeq: 30
02 
.

GAME->Client [15:12:33 07/22/09] packet size: 1 CRYPTED, Flags: 7f ServerSeq: 42 ClientSeq: 14
02 
.

GAME->Client [15:12:33 07/22/09] packet size: 36 CRYPTED, Flags: 7f ServerSeq: 43 ClientSeq: 14
02 03 0b 00 02 08 c5 b2 77 c7 00 42 fe 42 07 88 80 46 03 00 02 08 59 c3 78 c7 80 03 a7 42 8d 2d 
8a 46 00 00 
........w..B.B...F....Y.x....B.-.F..

Client->GAME [15:12:33 07/22/09] packet size: 1 CRYPTED, Flags: 7e ServerSeq: 11 ClientSeq: 31
02 
.

GAME->Client [15:12:33 07/22/09] packet size: 237 CRYPTED, Flags: 7f ServerSeq: 44 ClientSeq: 15
02 03 11 00 04 80 80 80 40 4b 01 0d 00 02 80 80 10 d1 02 0b 00 02 0c dd c5 b2 77 c7 00 42 fe 42 
07 88 80 46 09 00 03 00 00 00 da 56 4e ef c0 00 00 00 00 00 c0 57 40 00 00 00 3c 7c c6 d0 40 0b 
00 00 00 00 00 00 00 01 01 02 00 00 00 00 20 16 86 42 00 00 00 00 80 07 a1 c1 20 16 86 c2 00 00 
00 00 80 07 a1 41 00 00 0b 00 bf cc 00 00 bf fc a0 0f 46 10 02 00 00 00 00 00 00 00 00 a0 59 00 
00 8b 0b 00 24 a6 51 00 00 8b 0b 00 24 00 00 00 00 00 00 00 00 00 00 00 00 00 00 00 00 31 00 00 
00 3c 00 00 00 00 10 00 10 00 00 00 00 00 00 00 00 00 00 00 00 00 00 00 00 00 00 00 00 00 00 00 
00 01 00 00 00 da 56 4e ef c0 00 00 00 00 00 c0 57 40 00 00 00 3c 7c c6 d0 40 03 00 02 0c 9e 59 
c3 78 c7 80 03 a7 42 8d 2d 8a 46 00 00 
........@K................w..B.B...F.......VN........W@...<|..@............... ..B........ .....
.....A............F...........Y.....$.Q.....$................1...<..............................
......VN........W@...<|..@.....Y.x....B.-.F..

Client->GAME [15:12:34 07/22/09] packet size: 1 CRYPTED, Flags: 7d ServerSeq: 12 ClientSeq: 32
02 
.

Client->GAME [15:12:34 07/22/09] packet size: 25 CRYPTED, Flags: 7d ServerSeq: 12 ClientSeq: 33
02 04 01 00 14 01 12 80 c9 07 00 a0 49 00 10 a4 c6 00 00 20 41 00 e0 2b c6 
............I...... A..+.

GAME->Client [15:12:34 07/22/09] packet size: 25 CRYPTED, Flags: 7f ServerSeq: 45 ClientSeq: 15
82 79 2e fe 48 03 03 00 02 0c a8 59 c3 78 c7 80 03 a7 42 8d 2d 8a 46 00 00 
.y..H......Y.x....B.-.F..

Client->GAME [15:12:34 07/22/09] packet size: 1 CRYPTED, Flags: 7b ServerSeq: 13 ClientSeq: 34
02 
.

Client->GAME [15:12:34 07/22/09] packet size: 44 CRYPTED, Flags: 7b ServerSeq: 13 ClientSeq: 35
02 04 01 00 15 02 12 80 c9 03 00 50 3d 00 9e b1 c7 00 00 48 44 00 60 6a c6 12 80 c9 03 00 40 00 
00 2e 9a c7 00 00 48 44 00 50 c3 c6 
...........P=......HD.`j......@.......HD.P..

GAME->Client [15:12:34 07/22/09] packet size: 1 CRYPTED, Flags: 7f ServerSeq: 46 ClientSeq: 2
02 
.

GAME->Client [15:12:34 07/22/09] packet size: 1 CRYPTED, Flags: 7f ServerSeq: 47 ClientSeq: 3
02 
.

Client->GAME [15:12:34 07/22/09] packet size: 44 CRYPTED, Flags: 6f ServerSeq: 15 ClientSeq: 36
02 04 01 00 17 02 12 80 c9 03 00 40 53 00 04 30 c7 00 00 48 44 00 b0 b3 c6 12 80 c9 17 00 40 53 
00 38 47 c7 00 00 20 41 00 10 a4 c6 
...........@S..0...HD.........@S.8G... A....

GAME->Client [15:12:34 07/22/09] packet size: 31 CRYPTED, Flags: 7f ServerSeq: 48 ClientSeq: 3
02 03 03 00 02 2a 11 01 0c 39 81 00 0d 00 be 00 00 59 c3 78 c7 80 03 a7 42 8d 2d 8a 46 00 00 
.....*...9.......Y.x....B.-.F..

Client->GAME [15:12:34 07/22/09] packet size: 1 CRYPTED, Flags: 5f ServerSeq: 0 ClientSeq: 37
02 
.

GAME->Client [15:12:34 07/22/09] packet size: 31 CRYPTED, Flags: 7f ServerSeq: 49 ClientSeq: 4
02 03 03 00 02 2a 11 01 0c 39 81 00 0d 00 be 00 00 59 c3 78 c7 80 03 a7 42 8d 2d 8a 46 00 00 
.....*...9.......Y.x....B.-.F..

Client->GAME [15:12:34 07/22/09] packet size: 1 CRYPTED, Flags: 3f ServerSeq: 1 ClientSeq: 38
02 
.

Client->GAME [15:12:34 07/22/09] packet size: 44 CRYPTED, Flags: 3f ServerSeq: 1 ClientSeq: 39
02 04 01 00 19 02 12 80 c9 0d 00 20 2e 00 5c c1 c7 00 00 48 44 00 60 9a c5 12 80 c9 15 00 20 2e 
00 5c c1 c7 00 00 20 41 00 40 9c c5 
........... ..\....HD.`....... ..\.... A.@..

GAME->Client [15:12:34 07/22/09] packet size: 37 CRYPTED, Flags: 7f ServerSeq: 50 ClientSeq: 5
02 03 0b 00 02 08 c5 b2 77 c7 00 42 fe 42 07 88 80 46 03 00 02 0a 00 59 c3 78 c7 80 03 a7 42 8d 
2d 8a 46 00 00 
........w..B.B...F.....Y.x....B.-.F..

Client->GAME [15:12:34 07/22/09] packet size: 1 CRYPTED, Flags: 7f ServerSeq: 2 ClientSeq: 40
02 
.

GAME->Client [15:12:34 07/22/09] packet size: 12 CRYPTED, Flags: 7f ServerSeq: 51 ClientSeq: 6
02 03 0d 00 02 80 80 10 d2 02 00 00 
............

Client->GAME [15:12:34 07/22/09] packet size: 1 CRYPTED, Flags: 7f ServerSeq: 3 ClientSeq: 41
02 
.

GAME->Client [15:12:35 07/22/09] packet size: 1 CRYPTED, Flags: 7f ServerSeq: 52 ClientSeq: 8
02 
.

GAME->Client [15:12:35 07/22/09] packet size: 16 CRYPTED, Flags: 7f ServerSeq: 53 ClientSeq: 9
82 a1 2e fe 48 03 0d 00 02 80 80 10 c5 02 00 00 
....H...........

Client->GAME [15:12:35 07/22/09] packet size: 1 CRYPTED, Flags: 7f ServerSeq: 5 ClientSeq: 42
02 
.

GAME->Client [15:12:35 07/22/09] packet size: 39 CRYPTED, Flags: 7f ServerSeq: 54 ClientSeq: 10
02 03 0d 00 02 80 80 10 bd 02 0b 00 02 2a 10 01 0c 39 00 10 0d 00 be 00 00 c5 b2 77 c7 00 42 fe 
42 07 88 80 46 00 00 
.............*...9.........w..B.B...F..

Client->GAME [15:12:35 07/22/09] packet size: 1 CRYPTED, Flags: 7f ServerSeq: 6 ClientSeq: 43
02 
.

GAME->Client [15:12:35 07/22/09] packet size: 31 CRYPTED, Flags: 7f ServerSeq: 55 ClientSeq: 10
02 03 0b 00 02 2a 10 01 0c 39 00 10 0d 00 be 00 00 c5 b2 77 c7 00 42 fe 42 07 88 80 46 00 00 
.....*...9.........w..B.B...F..

Client->GAME [15:12:35 07/22/09] packet size: 82 CRYPTED, Flags: 7f ServerSeq: 6 ClientSeq: 44
02 04 01 00 1b 04 12 80 c9 01 00 50 51 00 28 20 c7 00 00 20 41 00 20 cb c6 12 80 c9 25 00 50 51 
00 38 47 c7 00 00 20 41 00 20 cb c6 12 80 c9 03 00 d0 1f 00 1c 18 c7 00 00 48 44 00 88 10 c7 12 
80 c9 01 00 20 3e 00 30 f2 c6 00 00 20 41 00 20 cb c6 
...........PQ.( ... A. .....%.PQ.8G... A. ...............HD......... >.0.... A. ..

Client->GAME [15:12:35 07/22/09] packet size: 1 CRYPTED, Flags: 7f ServerSeq: 7 ClientSeq: 45
02 
.

GAME->Client [15:12:35 07/22/09] packet size: 37 CRYPTED, Flags: 7f ServerSeq: 56 ClientSeq: 11
02 03 0b 00 02 0a 00 c5 b2 77 c7 00 42 fe 42 07 88 80 46 03 00 02 08 59 c3 78 c7 80 03 a7 42 8d 
2d 8a 46 00 00 
.........w..B.B...F....Y.x....B.-.F..

Client->GAME [15:12:35 07/22/09] packet size: 1 CRYPTED, Flags: 7f ServerSeq: 8 ClientSeq: 46
02 
.

GAME->Client [15:12:35 07/22/09] packet size: 20 CRYPTED, Flags: 7f ServerSeq: 57 ClientSeq: 13
02 03 01 00 01 01 00 0f 00 11 00 04 80 80 80 40 4c 01 00 00 
...............@L...

Client->GAME [15:12:36 07/22/09] packet size: 1 CRYPTED, Flags: 7f ServerSeq: 9 ClientSeq: 47
02 
.

Client->GAME [15:12:36 07/22/09] packet size: 25 CRYPTED, Flags: 7f ServerSeq: 9 ClientSeq: 48
02 04 01 00 1f 01 12 80 c9 01 00 00 2c 00 60 6a c6 00 00 20 41 00 20 cb c6 
............,.`j... A. ..

GAME->Client [15:12:36 07/22/09] packet size: 1 CRYPTED, Flags: 7f ServerSeq: 58 ClientSeq: 0
02 
.

Client->GAME [15:12:36 07/22/09] packet size: 82 CRYPTED, Flags: 7f ServerSeq: 10 ClientSeq: 49
02 04 01 00 20 04 12 80 c9 10 00 c0 10 00 5c c1 c7 00 80 13 c4 00 b8 08 c7 12 80 c9 04 00 e0 17 
00 bc b1 c7 00 00 48 44 00 b8 08 c7 12 80 c9 03 00 30 57 00 4c 9a c7 00 00 48 44 00 f4 08 c7 12 
80 c9 0b 00 30 57 00 4c 9a c7 00 00 20 41 00 b8 08 c7 
.... .........\.......................HD.........0W.L....HD.........0W.L.... A....

GAME->Client [15:12:36 07/22/09] packet size: 40 CRYPTED, Flags: 7f ServerSeq: 59 ClientSeq: 0
82 d1 2e fe 48 03 0b 00 02 08 c5 b2 77 c7 00 42 fe 42 07 88 80 46 03 00 02 08 59 c3 78 c7 80 03 
a7 42 8d 2d 8a 46 00 00 
....H.......w..B.B...F....Y.x....B.-.F..

Client->GAME [15:12:36 07/22/09] packet size: 1 CRYPTED, Flags: 7f ServerSeq: 11 ClientSeq: 50
02 
.

GAME->Client [15:12:37 07/22/09] packet size: 12 CRYPTED, Flags: 7f ServerSeq: 60 ClientSeq: 1
02 03 0d 00 02 80 80 10 be 02 00 00 
............

Client->GAME [15:12:37 07/22/09] packet size: 1 CRYPTED, Flags: 7f ServerSeq: 12 ClientSeq: 51
02 
.

GAME->Client [15:12:37 07/22/09] packet size: 47 CRYPTED, Flags: 7f ServerSeq: 61 ClientSeq: 3
02 03 0b 00 02 08 c5 b2 77 c7 00 42 fe 42 07 88 80 46 03 00 02 2a 12 01 0c 39 81 00 0d 00 be 00 
00 59 c3 78 c7 80 03 a7 42 8d 2d 8a 46 00 00 
........w..B.B...F...*...9.......Y.x....B.-.F..

GAME->Client [15:12:38 07/22/09] packet size: 35 CRYPTED, Flags: 7f ServerSeq: 62 ClientSeq: 3
82 f5 2e fe 48 03 03 00 02 2a 12 01 0c 39 81 00 0d 00 be 00 00 59 c3 78 c7 80 03 a7 42 8d 2d 8a 
46 00 00 
....H....*...9.......Y.x....B.-.F..

GAME->Client [15:12:38 07/22/09] packet size: 75 CRYPTED, Flags: 7f ServerSeq: 63 ClientSeq: 3
02 03 11 00 04 80 80 80 40 4d 01 0d 00 02 80 80 10 bf 02 0b 00 02 2a 10 01 0c 39 00 10 0d 00 be 
00 00 c5 b2 77 c7 00 42 fe 42 07 88 80 46 03 00 02 2a 12 01 0c 39 81 00 0d 00 be 00 00 59 c3 78 
c7 80 03 a7 42 8d 2d 8a 46 00 00 
........@M............*...9.........w..B.B...F...*...9.......Y.x....B.-.F..

GAME->Client [15:12:38 07/22/09] packet size: 58 CRYPTED, Flags: 7f ServerSeq: 64 ClientSeq: 3
02 03 0b 00 02 2a 10 01 0c 39 00 10 0d 00 be 00 00 c5 b2 77 c7 00 42 fe 42 07 88 80 46 03 00 02 
2a 12 01 0c 39 81 00 0d 00 be 00 00 59 c3 78 c7 80 03 a7 42 8d 2d 8a 46 00 00 
.....*...9.........w..B.B...F...*...9.......Y.x....B.-.F..

GAME->Client [15:12:38 07/22/09] packet size: 58 CRYPTED, Flags: 7f ServerSeq: 65 ClientSeq: 3
02 03 0b 00 02 2a 10 01 0c 39 00 10 0d 00 be 00 00 c5 b2 77 c7 00 42 fe 42 07 88 80 46 03 00 02 
2a 12 01 0c 39 81 00 0d 00 be 00 00 59 c3 78 c7 80 03 a7 42 8d 2d 8a 46 00 00 
.....*...9.........w..B.B...F...*...9.......Y.x....B.-.F..

GAME->Client [15:12:38 07/22/09] packet size: 58 CRYPTED, Flags: 7f ServerSeq: 66 ClientSeq: 3
02 03 0b 00 02 2a 10 01 0c 39 00 10 0d 00 be 00 00 c5 b2 77 c7 00 42 fe 42 07 88 80 46 03 00 02 
2a 12 01 0c 39 81 00 0d 00 be 00 00 59 c3 78 c7 80 03 a7 42 8d 2d 8a 46 00 00 
.....*...9.........w..B.B...F...*...9.......Y.x....B.-.F..

GAME->Client [15:12:38 07/22/09] packet size: 58 CRYPTED, Flags: 7f ServerSeq: 67 ClientSeq: 3
02 03 0b 00 02 2a 10 01 0c 39 00 10 0d 00 be 00 00 c5 b2 77 c7 00 42 fe 42 07 88 80 46 03 00 02 
2a 12 01 0c 39 81 00 0d 00 be 00 00 59 c3 78 c7 80 03 a7 42 8d 2d 8a 46 00 00 
.....*...9.........w..B.B...F...*...9.......Y.x....B.-.F..

GAME->Client [15:12:38 07/22/09] packet size: 58 CRYPTED, Flags: 7f ServerSeq: 68 ClientSeq: 3
02 03 0b 00 02 2a 10 01 0c 39 00 10 0d 00 be 00 00 c5 b2 77 c7 00 42 fe 42 07 88 80 46 03 00 02 
2a 12 01 0c 39 81 00 0d 00 be 00 00 59 c3 78 c7 80 03 a7 42 8d 2d 8a 46 00 00 
.....*...9.........w..B.B...F...*...9.......Y.x....B.-.F..

GAME->Client [15:12:38 07/22/09] packet size: 248 CRYPTED, Flags: 7f ServerSeq: 69 ClientSeq: 3
02 03 0d 00 02 80 80 10 b7 02 0b 00 02 2a 10 01 0c 39 00 10 0d 00 be 00 00 c5 b2 77 c7 00 42 fe 
42 07 88 80 46 09 00 03 00 00 00 62 41 72 ef c0 00 00 00 00 00 c0 57 40 00 00 00 4c 0d dc d0 40 
0c 00 00 00 00 00 00 00 01 02 01 00 00 00 00 20 16 86 c2 00 00 00 00 80 07 a1 41 20 16 86 42 00 
00 00 00 80 07 a1 c1 00 00 0c 00 05 dd 00 00 64 00 05 0d b8 0b 82 00 00 00 00 00 00 00 00 00 00 
00 00 00 00 00 00 a7 1f 00 00 8b 0b 00 24 00 00 00 00 00 00 00 00 00 00 00 00 00 00 00 00 33 00 
00 00 4e 00 00 00 c1 01 00 10 00 00 00 00 04 00 00 00 00 00 00 00 04 00 00 00 00 00 00 00 00 00 
00 00 01 00 00 00 62 41 72 ef c0 00 00 00 00 00 c0 57 40 00 00 00 4c 0d dc d0 40 03 00 02 2a 12 
01 0c 39 81 00 0d 00 be 00 00 59 c3 78 c7 80 03 a7 42 8d 2d 8a 46 00 00 
.............*...9.........w..B.B...F......bAr........W@...L...@............... ..........A ..B.
...............d.............................$................3...N.............................
......bAr........W@...L...@...*...9.......Y.x....B.-.F..

GAME->Client [15:12:38 07/22/09] packet size: 58 CRYPTED, Flags: 7f ServerSeq: 70 ClientSeq: 3
02 03 0b 00 02 2a 11 01 0c 39 00 10 0d 00 be 00 00 c5 b2 77 c7 00 42 fe 42 07 88 80 46 03 00 02 
2a 12 01 0c 39 81 00 0d 00 be 00 00 59 c3 78 c7 80 03 a7 42 8d 2d 8a 46 00 00 
.....*...9.........w..B.B...F...*...9.......Y.x....B.-.F..

GAME->Client [15:12:39 07/22/09] packet size: 79 CRYPTED, Flags: 7f ServerSeq: 71 ClientSeq: 3
82 19 2f fe 48 03 11 00 04 80 80 80 40 4e 01 0d 00 02 80 80 10 b8 02 0b 00 02 2a 11 01 0c 39 00 
10 0d 00 be 00 00 c5 b2 77 c7 00 42 fe 42 07 88 80 46 03 00 02 2a 12 01 0c 39 81 00 0d 00 be 00 
00 59 c3 78 c7 80 03 a7 42 8d 2d 8a 46 00 00 
../.H.......@N............*...9.........w..B.B...F...*...9.......Y.x....B.-.F..

GAME->Client [15:12:39 07/22/09] packet size: 58 CRYPTED, Flags: 7f ServerSeq: 72 ClientSeq: 3
02 03 0b 00 02 2a 11 01 0c 39 00 10 0d 00 be 00 00 c5 b2 77 c7 00 42 fe 42 07 88 80 46 03 00 02 
2a 12 01 0c 39 81 00 0d 00 be 00 00 59 c3 78 c7 80 03 a7 42 8d 2d 8a 46 00 00 
.....*...9.........w..B.B...F...*...9.......Y.x....B.-.F..

GAME->Client [15:12:39 07/22/09] packet size: 58 CRYPTED, Flags: 7f ServerSeq: 73 ClientSeq: 3
02 03 0b 00 02 2a 11 01 0c 39 00 10 0d 00 be 00 00 c5 b2 77 c7 00 42 fe 42 07 88 80 46 03 00 02 
2a 12 01 0c 39 81 00 0d 00 be 00 00 59 c3 78 c7 80 03 a7 42 8d 2d 8a 46 00 00 
.....*...9.........w..B.B...F...*...9.......Y.x....B.-.F..

GAME->Client [15:12:39 07/22/09] packet size: 58 CRYPTED, Flags: 7f ServerSeq: 74 ClientSeq: 3
02 03 0b 00 02 2a 11 01 0c 39 00 10 0d 00 be 00 00 c5 b2 77 c7 00 42 fe 42 07 88 80 46 03 00 02 
2a 12 01 0c 39 81 00 0d 00 be 00 00 59 c3 78 c7 80 03 a7 42 8d 2d 8a 46 00 00 
.....*...9.........w..B.B...F...*...9.......Y.x....B.-.F..

