Client->GAME [12:37:13 07/15/09] packet size: 25 CRYPTED, Flags: 7f ServerSeq: 520 ClientSeq: 748
02 04 01 00 21 01 12 81 8e 18 00 00 00 03 00 00 00 13 00 00 00 03 00 00 00 
....!....................

GAME->Client [12:37:14 07/15/09] packet size: 22 CRYPTED, Flags: 7f ServerSeq: 729 ClientSeq: 523
02 03 05 00 02 0e 05 e5 f2 c1 a4 46 00 80 98 c3 d6 6e f0 c5 00 00 
...........F.....n....

Client->GAME [12:37:14 07/15/09] packet size: 1 CRYPTED, Flags: 7f ServerSeq: 521 ClientSeq: 749
02 
.

GAME->Client [12:37:14 07/15/09] packet size: 696 CRYPTED, Flags: 7f ServerSeq: 730 ClientSeq: 524
02 04 01 01 29 1e 16 80 bc 15 00 88 00 00 f7 03 00 00 08 02 00 00 00 00 01 00 00 00 00 16 80 bc 
15 00 89 00 00 f7 03 00 00 07 02 ec ff ff ff 01 00 00 00 00 16 80 bc 15 00 8a 00 00 f7 03 00 00 
50 04 00 00 00 00 01 00 00 00 00 16 80 bc 15 00 8b 00 00 f7 03 00 00 f4 03 00 00 00 00 01 00 00 
00 00 16 80 bc 15 00 8c 00 00 f7 03 00 00 51 04 f6 ff ff ff 01 00 00 00 00 16 80 bc 15 00 8d 00 
00 f7 03 00 00 52 04 0f 00 00 00 01 00 00 00 00 16 80 bc 11 00 d2 00 00 00 00 00 00 cb 02 00 00 
00 00 01 00 00 00 00 16 80 bc 56 00 d3 00 00 0a 95 00 00 06 04 02 00 00 00 01 00 00 00 00 16 80 
bc 56 00 d4 00 00 0a 95 00 00 b4 00 11 00 00 00 01 00 00 00 00 16 80 bc 56 00 d5 00 00 0a 95 00 
00 b5 00 11 00 00 00 01 00 00 00 00 16 80 bc 56 00 d6 00 00 0a 95 00 00 07 04 02 00 00 00 01 00 
00 00 00 16 80 bc 56 00 d7 00 00 8a b2 00 00 23 04 02 00 00 00 01 00 00 00 00 16 80 bc 56 00 d8 
00 00 8a b2 00 00 21 04 01 00 00 00 01 00 00 00 00 16 80 bc 56 00 d9 00 00 8a b2 00 00 b4 00 1d 
00 00 00 01 00 00 00 00 16 80 bc 56 00 da 00 00 8a b2 00 00 09 04 1d 00 00 00 01 00 00 00 00 16 
80 bc 56 00 db 00 00 8a b2 00 00 9d 00 1d 00 00 00 01 00 00 00 00 16 80 bc 56 00 dc 00 00 8a b2 
00 00 06 04 01 00 00 00 01 00 00 00 00 16 80 bc 56 00 dd 00 00 24 b3 00 00 89 02 02 00 00 00 01 
00 00 00 00 16 80 bc 56 00 de 00 00 24 b3 00 00 1a 04 01 00 00 00 01 00 00 00 00 16 80 bc 56 00 
df 00 00 24 b3 00 00 b4 00 21 00 00 00 01 00 00 00 00 16 80 bc 56 00 e0 00 00 24 b3 00 00 09 04 
21 00 00 00 01 00 00 00 00 16 80 bc 56 00 e1 00 00 24 b3 00 00 15 04 02 00 00 00 01 00 00 00 00 
16 80 bc 56 00 e2 00 00 24 b3 00 00 b5 00 21 00 00 00 01 00 00 00 00 16 80 bc 56 00 e3 00 00 95 
a7 00 00 b4 00 12 00 00 00 01 00 00 00 00 16 80 bc 56 00 e4 00 00 95 a7 00 00 b5 00 12 00 00 00 
01 00 00 00 00 16 80 bc 56 00 e5 00 00 95 a7 00 00 09 04 12 00 00 00 01 00 00 00 00 16 80 bc 56 
00 e6 00 00 95 a7 00 00 70 00 0f 00 00 00 01 00 00 00 00 16 80 bc 56 00 e7 00 00 2c b3 00 00 17 
04 01 00 00 00 01 00 00 00 00 16 80 bc 56 00 e8 00 00 2c b3 00 00 b4 00 21 00 00 00 01 00 00 00 
00 16 80 bc 56 00 e9 00 00 2c b3 00 00 09 04 21 00 00 00 01 00 00 00 00 
....)...........................................................P...............................
..............Q......................R....................................V.....................
.V......................V......................V......................V........#.............V..
......!.............V......................V......................V......................V......
................V....$.................V....$.................V....$.....!...........V....$.....
!...........V....$.................V....$.....!...........V......................V..............
........V......................V........p.............V....,.................V....,.....!.......
....V....,.....!........

Client->GAME [12:37:14 07/15/09] packet size: 1 CRYPTED, Flags: 7f ServerSeq: 522 ClientSeq: 750
02 
.

GAME->Client [12:37:14 07/15/09] packet size: 696 CRYPTED, Flags: 7f ServerSeq: 731 ClientSeq: 525
02 04 01 01 47 1e 16 80 bc 56 00 ea 00 00 2c b3 00 00 12 04 02 00 00 00 01 00 00 00 00 16 80 bc 
56 00 eb 00 00 2c b3 00 00 07 04 02 00 00 00 01 00 00 00 00 16 80 bc 56 00 ec 00 00 2c b3 00 00 
b5 00 21 00 00 00 01 00 00 00 00 16 80 bc 56 00 ed 00 00 c3 b2 00 00 89 02 02 00 00 00 01 00 00 
00 00 16 80 bc 56 00 ee 00 00 c3 b2 00 00 21 04 02 00 00 00 01 00 00 00 00 16 80 bc 56 00 ef 00 
00 c3 b2 00 00 b4 00 1f 00 00 00 01 00 00 00 00 16 80 bc 56 00 f0 00 00 c3 b2 00 00 09 04 1f 00 
00 00 01 00 00 00 00 16 80 bc 56 00 f1 00 00 c3 b2 00 00 1e 04 01 00 00 00 01 00 00 00 00 16 80 
bc 56 00 f2 00 00 c3 b2 00 00 9d 00 1f 00 00 00 01 00 00 00 00 16 80 bc 55 00 fc 00 00 02 00 00 
00 cc 00 0c 00 00 00 01 00 00 00 00 16 80 bc 55 00 06 01 00 0b 00 00 00 37 02 96 00 00 00 01 00 
00 00 00 16 80 bc 55 00 07 01 00 2d 00 00 00 23 04 0a 00 00 00 01 00 00 00 00 16 80 bc 55 00 08 
01 00 2d 00 00 00 20 04 0a 00 00 00 01 00 00 00 00 16 80 bc 55 00 09 01 00 2d 00 00 00 19 04 05 
00 00 00 01 00 00 00 00 16 80 bc 55 00 0a 01 00 2d 00 00 00 42 04 05 00 00 00 01 00 00 00 00 16 
80 bc 55 00 0b 01 00 34 00 00 00 83 02 c8 00 00 00 01 00 00 00 00 16 80 bc 55 00 0c 01 00 4b 00 
00 00 1f 04 19 00 00 00 01 00 00 00 00 16 80 bc 55 00 0d 01 00 5f 00 00 00 7c 04 0f 00 00 00 01 
00 00 00 00 16 80 bc 55 00 0e 01 00 5f 00 00 00 07 04 0f 00 00 00 01 00 00 00 00 16 80 bc 55 00 
0f 01 00 62 00 00 00 06 04 01 00 00 00 01 00 00 00 00 16 80 bc 55 00 10 01 00 62 00 00 00 15 04 
01 00 00 00 01 00 00 00 00 16 80 bc 55 00 11 01 00 5a 01 00 00 07 04 05 00 00 00 01 00 00 00 00 
16 80 bc 55 00 12 01 00 5a 01 00 00 1d 04 0f 00 00 00 01 00 00 00 00 16 80 bc 55 00 13 01 00 64 
01 00 00 1f 04 05 00 00 00 01 00 00 00 00 16 80 bc 55 00 14 01 00 66 01 00 00 7b 04 05 00 00 00 
01 00 00 00 00 16 80 bc 55 00 15 01 00 66 01 00 00 12 04 0a 00 00 00 01 00 00 00 00 16 80 bc 55 
00 16 01 00 66 01 00 00 06 04 0b 00 00 00 01 00 00 00 00 16 80 bc 55 00 17 01 00 8e 01 00 00 03 
04 05 00 00 00 01 00 00 00 00 16 80 bc 55 00 18 01 00 8e 01 00 00 12 04 0f 00 00 00 01 00 00 00 
00 16 80 bc 55 00 19 01 00 8e 01 00 00 77 04 05 00 00 00 01 00 00 00 00 
....G....V....,.................V....,.................V....,.....!...........V.................
.....V........!.............V......................V......................V.....................
.V......................U......................U........7.............U....-...#.............U..
..-... .............U....-.................U....-...B.............U....4.................U....K.
................U...._...|.............U...._.................U....b.................U....b.....
............U....Z.................U....Z.................U....d.................U....f...{.....
........U....f.................U....f.................U......................U..................
....U........w..........

Client->GAME [12:37:14 07/15/09] packet size: 1 CRYPTED, Flags: 7f ServerSeq: 523 ClientSeq: 751
02 
.

GAME->Client [12:37:14 07/15/09] packet size: 700 CRYPTED, Flags: 7f ServerSeq: 732 ClientSeq: 526
02 04 02 01 65 03 16 80 bc 55 00 1a 01 00 cd 01 00 00 e5 03 05 00 00 00 01 00 00 00 00 16 80 bc 
55 00 1b 01 00 cd 01 00 00 73 04 05 00 00 00 01 00 00 00 00 16 80 bc 55 00 1c 01 00 cd 01 00 00 
e3 03 0f 00 00 00 01 00 00 00 00 01 68 1c 16 80 bc 55 00 1d 01 00 d5 01 00 00 e3 03 05 00 00 00 
01 00 00 00 00 16 80 bc 55 00 1e 01 00 36 02 00 00 37 02 0a 00 00 00 01 00 00 00 00 16 80 bc 55 
00 1f 01 00 74 02 00 00 34 02 1e 00 00 00 01 00 00 00 00 16 80 bc 15 00 20 01 00 11 00 00 00 ab 
00 0d 00 00 00 01 00 00 00 00 16 80 bc 15 00 21 01 00 11 00 00 00 0a 02 4d 00 00 00 01 00 00 00 
00 16 80 bc 15 00 22 01 00 11 00 00 00 f2 03 34 00 00 00 01 00 00 00 00 16 80 bc 15 00 23 01 00 
11 00 00 00 ed 03 4d 00 00 00 01 00 00 00 00 16 80 bc 15 00 24 01 00 11 00 00 00 9f 00 19 00 00 
00 01 00 00 00 00 16 80 bc 15 00 25 01 00 11 00 00 00 f1 03 34 00 00 00 01 00 00 00 00 16 80 bc 
15 00 26 01 00 11 00 00 00 0c 02 34 00 00 00 01 00 00 00 00 16 80 bc 15 00 27 01 00 11 00 00 00 
b7 00 4d 00 00 00 01 00 00 00 00 16 80 bc 15 00 28 01 00 11 00 00 00 f3 03 46 00 00 00 01 00 00 
00 00 0b 80 bd 05 11 00 00 00 00 00 00 00 16 80 bc 15 00 29 01 00 11 00 00 00 ab 00 0c 00 00 00 
00 00 00 00 00 16 80 bc 15 00 2a 01 00 11 00 00 00 0a 02 4b 00 00 00 00 00 00 00 00 16 80 bc 15 
00 2b 01 00 11 00 00 00 f2 03 31 00 00 00 00 00 00 00 00 16 80 bc 15 00 2c 01 00 11 00 00 00 ed 
03 4b 00 00 00 00 00 00 00 00 16 80 bc 15 00 2d 01 00 11 00 00 00 9f 00 19 00 00 00 00 00 00 00 
00 16 80 bc 15 00 2e 01 00 11 00 00 00 f1 03 31 00 00 00 00 00 00 00 00 16 80 bc 15 00 2f 01 00 
11 00 00 00 0c 02 34 00 00 00 00 00 00 00 00 16 80 bc 15 00 30 01 00 11 00 00 00 b7 00 46 00 00 
00 00 00 00 00 00 16 80 bc 15 00 31 01 00 11 00 00 00 f3 03 46 00 00 00 00 00 00 00 00 0b 80 bd 
05 11 00 00 00 00 00 00 01 16 80 bc 15 00 29 01 00 11 00 00 00 ab 00 0c 00 00 00 01 00 00 00 00 
16 80 bc 15 00 2a 01 00 11 00 00 00 0a 02 4b 00 00 00 01 00 00 00 00 16 80 bc 15 00 2b 01 00 11 
00 00 00 f2 03 31 00 00 00 01 00 00 00 00 16 80 bc 15 00 2c 01 00 11 00 00 00 ed 03 4b 00 00 00 
01 00 00 00 00 16 80 bc 15 00 2d 01 00 11 00 00 00 9f 00 19 00 00 00 01 00 00 00 00 
....e....U......................U........s.............U....................h....U..............
........U....6...7.............U....t...4............... ......................!........M.......
......"........4.............#........M.............$......................%........4...........
..&........4.............'........M.............(........F.........................)............
..........*........K.............+........1.............,........K.............-................
...............1............./........4.............0........F.............1........F...........
..............)......................*........K.............+........1.............,........K...
..........-.................

Client->GAME [12:37:14 07/15/09] packet size: 1 CRYPTED, Flags: 7f ServerSeq: 524 ClientSeq: 752
02 
.

GAME->Client [12:37:14 07/15/09] packet size: 269 CRYPTED, Flags: 7f ServerSeq: 733 ClientSeq: 527
02 04 01 01 84 11 16 80 bc 15 00 2e 01 00 11 00 00 00 f1 03 31 00 00 00 01 00 00 00 00 16 80 bc 
15 00 2f 01 00 11 00 00 00 0c 02 34 00 00 00 01 00 00 00 00 16 80 bc 15 00 30 01 00 11 00 00 00 
b7 00 46 00 00 00 01 00 00 00 00 16 80 bc 15 00 31 01 00 11 00 00 00 f3 03 46 00 00 00 01 00 00 
00 00 04 80 b3 11 00 16 80 bc 45 03 11 00 00 02 00 00 00 11 00 32 00 00 00 01 00 00 00 00 04 80 
b3 35 04 16 80 bc 45 03 35 04 00 62 00 00 00 35 04 00 00 00 00 01 00 00 00 00 04 80 b3 3d 04 16 
80 bc 45 03 3d 04 00 43 00 00 00 3d 04 00 00 00 00 01 00 00 00 00 04 80 b3 3e 04 16 80 bc 45 03 
3e 04 00 4f 01 00 00 3e 04 00 00 00 00 01 00 00 00 00 04 80 b3 3f 04 16 80 bc 45 03 3f 04 00 64 
01 00 00 3f 04 00 00 00 00 01 00 00 00 00 04 80 b3 40 04 16 80 bc 45 03 40 04 00 d5 01 00 00 40 
04 00 00 00 00 01 00 00 00 00 02 81 07 
....................1............./........4.............0........F.............1........F......
..........E..........2...........5....E.5..b...5.............=....E.=..C...=.............>....E.
>..O...>.............?....E.?..d...?.............@....E.@......@.............

Client->GAME [12:37:14 07/15/09] packet size: 13 CRYPTED, Flags: 7f ServerSeq: 525 ClientSeq: 753
02 04 01 00 22 01 06 81 08 00 00 00 00 
...."........

GAME->Client [12:37:14 07/15/09] packet size: 1 CRYPTED, Flags: 7f ServerSeq: 734 ClientSeq: 513
02 
.

GAME->Client [12:37:15 07/15/09] packet size: 5 CRYPTED, Flags: 7f ServerSeq: 735 ClientSeq: 513
c2 ee e9 fa 48 
....H

Client->GAME [12:37:15 07/15/09] packet size: 1 CRYPTED, Flags: 7f ServerSeq: 527 ClientSeq: 754
02 
.

GAME->Client [12:37:15 07/15/09] packet size: 1 CRYPTED, Flags: 7f ServerSeq: 736 ClientSeq: 513
42 
B

GAME->Client [12:37:15 07/15/09] packet size: 1 CRYPTED, Flags: 7f ServerSeq: 737 ClientSeq: 514
42 
B

Client->GAME [12:37:15 07/15/09] packet size: 1 CRYPTED, Flags: 7f ServerSeq: 513 ClientSeq: 755
42 
B

GAME->Client [12:37:15 07/15/09] packet size: 1 CRYPTED, Flags: 7f ServerSeq: 738 ClientSeq: 514
42 
B

GAME->Client [12:37:15 07/15/09] packet size: 1 CRYPTED, Flags: 7f ServerSeq: 739 ClientSeq: 514
42 
B

Client->GAME [12:37:15 07/15/09] packet size: 13 CRYPTED, Flags: 0 ServerSeq: 0 ClientSeq: 1
22 04 01 00 00 01 06 81 51 00 00 00 00 
".......Q....

GAME->Client [12:37:15 07/15/09] packet size: 142 CRYPTED, Flags: 0 ServerSeq: 1 ClientSeq: 0
82 01 ea fa 48 04 01 00 00 03 6d 06 0e 00 03 00 00 00 01 ea fa 48 01 42 00 32 00 72 65 73 6f 75 
72 63 65 2f 77 6f 72 6c 64 73 2f 66 69 6e 61 6c 5f 77 6f 72 6c 64 2f 69 6e 74 65 72 6e 61 74 69 
6f 6e 61 6c 2f 69 74 2e 6d 65 74 72 00 29 00 48 61 6c 6c 6f 77 65 65 6e 5f 45 76 65 6e 74 2c 57 
69 6e 74 65 72 33 50 6c 75 73 48 61 6c 6c 6f 77 65 65 6e 54 53 45 43 00 0a 80 e5 e7 cb c0 12 00 
00 00 00 0a 80 e4 bc 58 7a 00 00 00 00 00 
....H.....m..........H.B.2.resource/worlds/final_world/international/it.metr.).Halloween_Event,W
inter3PlusHalloweenTSEC................Xz.....

Client->GAME [12:37:15 07/15/09] packet size: 6 CRYPTED, Flags: 1 ServerSeq: 1 ClientSeq: 2
02 05 02 0c 00 00 
......

GAME->Client [12:37:16 07/15/09] packet size: 72 CRYPTED, Flags: 3 ServerSeq: 2 ClientSeq: 2
02 04 01 00 03 01 41 81 67 17 00 27 00 1c 22 00 c6 01 11 00 00 00 00 00 00 00 37 00 00 08 0e 00 
41 66 74 65 72 57 68 6f 72 75 4e 65 6f 00 0e 00 41 66 74 65 72 57 68 6f 72 75 4e 65 6f 00 02 00 
4b 00 00 00 00 00 00 00 
......A.g..'.."...........7.....AfterWhoruNeo...AfterWhoruNeo...K.......

GAME->Client [12:37:17 07/15/09] packet size: 72 CRYPTED, Flags: 3 ServerSeq: 3 ClientSeq: 2
02 04 01 00 03 01 41 81 67 17 00 27 00 1c 22 00 c6 01 11 00 00 00 00 00 00 00 37 00 00 08 0e 00 
41 66 74 65 72 57 68 6f 72 75 4e 65 6f 00 0e 00 41 66 74 65 72 57 68 6f 72 75 4e 65 6f 00 02 00 
4b 00 00 00 00 00 00 00 
......A.g..'.."...........7.....AfterWhoruNeo...AfterWhoruNeo...K.......

GAME->Client [12:37:18 07/15/09] packet size: 76 CRYPTED, Flags: 3 ServerSeq: 4 ClientSeq: 2
82 5c ea fa 48 04 01 00 03 01 41 81 67 17 00 27 00 1c 22 00 c6 01 11 00 00 00 00 00 00 00 37 00 
00 08 0e 00 41 66 74 65 72 57 68 6f 72 75 4e 65 6f 00 0e 00 41 66 74 65 72 57 68 6f 72 75 4e 65 
6f 00 02 00 4b 00 00 00 00 00 00 00 
.\..H.....A.g..'.."...........7.....AfterWhoruNeo...AfterWhoruNeo...K.......

Client->GAME [12:37:19 07/15/09] packet size: 8 CRYPTED, Flags: 1 ServerSeq: 1 ClientSeq: 3
02 04 01 00 01 01 01 05 
........

Client->GAME [12:37:19 07/15/09] packet size: 13 CRYPTED, Flags: f ServerSeq: 4 ClientSeq: 4
02 04 01 00 00 01 06 81 51 00 00 00 00 
........Q....

GAME->Client [12:37:19 07/15/09] packet size: 219 CRYPTED, Flags: f ServerSeq: 5 ClientSeq: 4
02 03 01 00 0c 0c 00 40 cd ab 1c 8b 81 ff 71 02 00 00 41 6e 64 65 72 73 6f 6e 00 00 00 00 00 00 
00 00 00 00 00 00 00 00 00 00 00 00 00 00 00 00 00 00 90 54 68 6f 6d 61 73 00 00 00 00 00 00 00 
00 00 00 00 00 00 00 00 00 00 00 00 00 00 00 00 00 00 00 80 d8 28 0a 0c 00 00 00 01 8e 81 ff f7 
00 31 5e 00 00 c6 67 00 41 66 74 65 72 57 68 6f 72 75 4e 65 6f 00 00 00 00 00 00 00 00 00 00 00 
00 00 00 00 00 00 00 00 28 0a fd 64 01 00 00 67 00 75 d4 01 00 4b b1 00 00 00 00 73 1a e9 88 80 
60 04 00 02 8e 00 00 00 f7 00 9d 00 00 00 00 00 bc cb c0 00 00 00 00 00 c0 57 40 00 00 00 00 00 
8e c2 40 81 ff 32 22 80 89 50 51 9f 1e 80 1c 01 11 00 00 00 67 00 02 00 00 00 00 
.......@......q...Anderson.........................Thomas............................(..........
.1^...g.AfterWhoruNeo...................(..d...g.u...K.....s....`........................W@.....
..@..2"..PQ.........g......

Client->GAME [12:37:20 07/15/09] packet size: 55 CRYPTED, Flags: 1f ServerSeq: 5 ClientSeq: 5
02 03 02 00 02 60 08 41 6e 64 65 72 73 6f 6e 06 54 68 6f 6d 61 73 00 00 04 01 00 02 05 02 80 be 
07 3f 4e 00 10 00 00 00 08 3e 6b 00 10 00 00 00 00 02 81 48 02 0c 01 
.....`.Anderson.Thomas...........?N......>k........H...

GAME->Client [12:37:20 07/15/09] packet size: 696 CRYPTED, Flags: 1f ServerSeq: 6 ClientSeq: 5
02 04 01 00 04 1e 16 80 bc 56 00 30 01 00 0a 95 00 00 06 04 02 00 00 00 01 00 00 00 00 16 80 bc 
56 00 31 01 00 0a 95 00 00 b4 00 11 00 00 00 01 00 00 00 00 16 80 bc 56 00 32 01 00 0a 95 00 00 
b5 00 11 00 00 00 01 00 00 00 00 16 80 bc 56 00 33 01 00 0a 95 00 00 07 04 02 00 00 00 01 00 00 
00 00 16 80 bc 56 00 74 01 00 0a 95 00 00 06 04 02 00 00 00 00 00 00 00 00 16 80 bc 56 00 75 01 
00 0a 95 00 00 b4 00 11 00 00 00 00 00 00 00 00 16 80 bc 56 00 76 01 00 0a 95 00 00 b5 00 11 00 
00 00 00 00 00 00 00 16 80 bc 56 00 77 01 00 0a 95 00 00 07 04 02 00 00 00 00 00 00 00 00 16 80 
bc 56 00 34 01 00 8a b2 00 00 23 04 02 00 00 00 01 00 00 00 00 16 80 bc 56 00 35 01 00 8a b2 00 
00 21 04 01 00 00 00 01 00 00 00 00 16 80 bc 56 00 36 01 00 8a b2 00 00 b4 00 1d 00 00 00 01 00 
00 00 00 16 80 bc 56 00 37 01 00 8a b2 00 00 09 04 1d 00 00 00 01 00 00 00 00 16 80 bc 56 00 38 
01 00 8a b2 00 00 9d 00 1d 00 00 00 01 00 00 00 00 16 80 bc 56 00 39 01 00 8a b2 00 00 06 04 01 
00 00 00 01 00 00 00 00 16 80 bc 56 00 78 01 00 8a b2 00 00 23 04 02 00 00 00 00 00 00 00 00 16 
80 bc 56 00 79 01 00 8a b2 00 00 21 04 01 00 00 00 00 00 00 00 00 16 80 bc 56 00 7a 01 00 8a b2 
00 00 b4 00 1d 00 00 00 00 00 00 00 00 16 80 bc 56 00 7b 01 00 8a b2 00 00 09 04 1d 00 00 00 00 
00 00 00 00 16 80 bc 56 00 7c 01 00 8a b2 00 00 9d 00 1d 00 00 00 00 00 00 00 00 16 80 bc 56 00 
7d 01 00 8a b2 00 00 06 04 01 00 00 00 00 00 00 00 00 16 80 bc 56 00 3a 01 00 24 b3 00 00 89 02 
02 00 00 00 01 00 00 00 00 16 80 bc 56 00 3b 01 00 24 b3 00 00 1a 04 01 00 00 00 01 00 00 00 00 
16 80 bc 56 00 3c 01 00 24 b3 00 00 b4 00 21 00 00 00 01 00 00 00 00 16 80 bc 56 00 3d 01 00 24 
b3 00 00 09 04 21 00 00 00 01 00 00 00 00 16 80 bc 56 00 3e 01 00 24 b3 00 00 15 04 02 00 00 00 
01 00 00 00 00 16 80 bc 56 00 3f 01 00 24 b3 00 00 b5 00 21 00 00 00 01 00 00 00 00 16 80 bc 56 
00 7e 01 00 24 b3 00 00 89 02 02 00 00 00 00 00 00 00 00 16 80 bc 56 00 7f 01 00 24 b3 00 00 1a 
04 01 00 00 00 00 00 00 00 00 16 80 bc 56 00 80 01 00 24 b3 00 00 b4 00 21 00 00 00 00 00 00 00 
00 16 80 bc 56 00 81 01 00 24 b3 00 00 09 04 21 00 00 00 00 00 00 00 00 
.........V.0....................V.1....................V.2....................V.3...............
.....V.t....................V.u....................V.v....................V.w...................
.V.4......#.............V.5......!.............V.6....................V.7....................V.8
....................V.9....................V.x......#.............V.y......!.............V.z....
................V.{....................V.|....................V.}....................V.:..$.....
............V.;..$.................V.<..$.....!...........V.=..$.....!...........V.>..$.........
........V.?..$.....!...........V.~..$.................V....$.................V....$.....!.......
....V....$.....!........

GAME->Client [12:37:20 07/15/09] packet size: 700 CRYPTED, Flags: 1f ServerSeq: 7 ClientSeq: 5
82 a3 ea fa 48 04 01 00 22 1e 16 80 bc 56 00 82 01 00 24 b3 00 00 15 04 02 00 00 00 00 00 00 00 
00 16 80 bc 56 00 83 01 00 24 b3 00 00 b5 00 21 00 00 00 00 00 00 00 00 16 80 bc 56 00 40 01 00 
95 a7 00 00 b4 00 12 00 00 00 01 00 00 00 00 16 80 bc 56 00 41 01 00 95 a7 00 00 b5 00 12 00 00 
00 01 00 00 00 00 16 80 bc 56 00 42 01 00 95 a7 00 00 09 04 12 00 00 00 01 00 00 00 00 16 80 bc 
56 00 43 01 00 95 a7 00 00 70 00 0f 00 00 00 01 00 00 00 00 16 80 bc 56 00 84 01 00 95 a7 00 00 
b4 00 12 00 00 00 00 00 00 00 00 16 80 bc 56 00 85 01 00 95 a7 00 00 b5 00 12 00 00 00 00 00 00 
00 00 16 80 bc 56 00 86 01 00 95 a7 00 00 09 04 12 00 00 00 00 00 00 00 00 16 80 bc 56 00 87 01 
00 95 a7 00 00 70 00 0f 00 00 00 00 00 00 00 00 16 80 bc 56 00 44 01 00 2c b3 00 00 17 04 01 00 
00 00 01 00 00 00 00 16 80 bc 56 00 45 01 00 2c b3 00 00 b4 00 21 00 00 00 01 00 00 00 00 16 80 
bc 56 00 46 01 00 2c b3 00 00 09 04 21 00 00 00 01 00 00 00 00 16 80 bc 56 00 47 01 00 2c b3 00 
00 12 04 02 00 00 00 01 00 00 00 00 16 80 bc 56 00 48 01 00 2c b3 00 00 07 04 02 00 00 00 01 00 
00 00 00 16 80 bc 56 00 49 01 00 2c b3 00 00 b5 00 21 00 00 00 01 00 00 00 00 16 80 bc 56 00 88 
01 00 2c b3 00 00 17 04 01 00 00 00 00 00 00 00 00 16 80 bc 56 00 89 01 00 2c b3 00 00 b4 00 21 
00 00 00 00 00 00 00 00 16 80 bc 56 00 8a 01 00 2c b3 00 00 09 04 21 00 00 00 00 00 00 00 00 16 
80 bc 56 00 8b 01 00 2c b3 00 00 12 04 02 00 00 00 00 00 00 00 00 16 80 bc 56 00 8c 01 00 2c b3 
00 00 07 04 02 00 00 00 00 00 00 00 00 16 80 bc 56 00 8d 01 00 2c b3 00 00 b5 00 21 00 00 00 00 
00 00 00 00 16 80 bc 56 00 4a 01 00 c3 b2 00 00 89 02 02 00 00 00 01 00 00 00 00 16 80 bc 56 00 
4b 01 00 c3 b2 00 00 21 04 02 00 00 00 01 00 00 00 00 16 80 bc 56 00 4c 01 00 c3 b2 00 00 b4 00 
1f 00 00 00 01 00 00 00 00 16 80 bc 56 00 4d 01 00 c3 b2 00 00 09 04 1f 00 00 00 01 00 00 00 00 
16 80 bc 56 00 4e 01 00 c3 b2 00 00 1e 04 01 00 00 00 01 00 00 00 00 16 80 bc 56 00 4f 01 00 c3 
b2 00 00 9d 00 1f 00 00 00 01 00 00 00 00 16 80 bc 56 00 8e 01 00 c3 b2 00 00 89 02 02 00 00 00 
00 00 00 00 00 16 80 bc 56 00 8f 01 00 c3 b2 00 00 21 04 02 00 00 00 00 00 00 00 00 
....H..."....V....$.................V....$.....!...........V.@....................V.A...........
.........V.B....................V.C......p.............V......................V.................
.....V......................V........p.............V.D..,.................V.E..,.....!..........
.V.F..,.....!...........V.G..,.................V.H..,.................V.I..,.....!...........V..
..,.................V....,.....!...........V....,.....!...........V....,.................V....,.
................V....,.....!...........V.J....................V.K......!.............V.L........
............V.M....................V.N....................V.O....................V..............
........V........!..........

Client->GAME [12:37:20 07/15/09] packet size: 1 CRYPTED, Flags: 3f ServerSeq: 6 ClientSeq: 6
02 
.

Client->GAME [12:37:20 07/15/09] packet size: 1 CRYPTED, Flags: 7f ServerSeq: 7 ClientSeq: 7
02 
.

GAME->Client [12:37:21 07/15/09] packet size: 700 CRYPTED, Flags: 1f ServerSeq: 8 ClientSeq: 5
02 04 02 00 40 03 16 80 bc 56 00 90 01 00 c3 b2 00 00 b4 00 1f 00 00 00 00 00 00 00 00 16 80 bc 
56 00 91 01 00 c3 b2 00 00 09 04 1f 00 00 00 00 00 00 00 00 16 80 bc 56 00 92 01 00 c3 b2 00 00 
1e 04 01 00 00 00 00 00 00 00 00 00 43 1c 16 80 bc 56 00 93 01 00 c3 b2 00 00 9d 00 1f 00 00 00 
00 00 00 00 00 16 80 bc 15 00 6b 01 00 11 00 00 00 ab 00 0d 00 00 00 01 00 00 00 00 16 80 bc 15 
00 6c 01 00 11 00 00 00 0a 02 4d 00 00 00 01 00 00 00 00 16 80 bc 15 00 6d 01 00 11 00 00 00 f2 
03 34 00 00 00 01 00 00 00 00 16 80 bc 15 00 6e 01 00 11 00 00 00 ed 03 4d 00 00 00 01 00 00 00 
00 16 80 bc 15 00 6f 01 00 11 00 00 00 9f 00 19 00 00 00 01 00 00 00 00 16 80 bc 15 00 70 01 00 
11 00 00 00 f1 03 34 00 00 00 01 00 00 00 00 16 80 bc 15 00 71 01 00 11 00 00 00 0c 02 34 00 00 
00 01 00 00 00 00 16 80 bc 15 00 72 01 00 11 00 00 00 b7 00 4d 00 00 00 01 00 00 00 00 16 80 bc 
15 00 73 01 00 11 00 00 00 f3 03 46 00 00 00 01 00 00 00 00 0b 80 bd 05 11 00 00 00 00 00 00 00 
16 80 bc 15 00 94 01 00 11 00 00 00 ab 00 0d 00 00 00 00 00 00 00 00 16 80 bc 15 00 95 01 00 11 
00 00 00 0a 02 4d 00 00 00 00 00 00 00 00 16 80 bc 15 00 96 01 00 11 00 00 00 f2 03 34 00 00 00 
00 00 00 00 00 16 80 bc 15 00 97 01 00 11 00 00 00 ed 03 4d 00 00 00 00 00 00 00 00 16 80 bc 15 
00 98 01 00 11 00 00 00 9f 00 19 00 00 00 00 00 00 00 00 16 80 bc 15 00 99 01 00 11 00 00 00 f1 
03 34 00 00 00 00 00 00 00 00 16 80 bc 15 00 9a 01 00 11 00 00 00 0c 02 34 00 00 00 00 00 00 00 
00 16 80 bc 15 00 9b 01 00 11 00 00 00 b7 00 4d 00 00 00 00 00 00 00 00 16 80 bc 15 00 9c 01 00 
11 00 00 00 f3 03 46 00 00 00 00 00 00 00 00 0b 80 bd 05 11 00 00 00 00 00 00 01 16 80 bc 15 00 
94 01 00 11 00 00 00 ab 00 0d 00 00 00 01 00 00 00 00 16 80 bc 15 00 95 01 00 11 00 00 00 0a 02 
4d 00 00 00 01 00 00 00 00 16 80 bc 15 00 96 01 00 11 00 00 00 f2 03 34 00 00 00 01 00 00 00 00 
16 80 bc 15 00 97 01 00 11 00 00 00 ed 03 4d 00 00 00 01 00 00 00 00 16 80 bc 15 00 98 01 00 11 
00 00 00 9f 00 19 00 00 00 01 00 00 00 00 16 80 bc 15 00 99 01 00 11 00 00 00 f1 03 34 00 00 00 
01 00 00 00 00 16 80 bc 15 00 9a 01 00 11 00 00 00 0c 02 34 00 00 00 01 00 00 00 00 
....@....V......................V......................V....................C....V..............
..........k......................l........M.............m........4.............n........M.......
......o......................p........4.............q........4.............r........M...........
..s........F.........................................................M......................4...
...................M.............................................4......................4.......
...............M......................F.........................................................
M......................4......................M.............................................4...
...................4........

Client->GAME [12:37:21 07/15/09] packet size: 1 CRYPTED, Flags: 7f ServerSeq: 8 ClientSeq: 8
02 
.

Client->GAME [12:37:21 07/15/09] packet size: 25 CRYPTED, Flags: 7f ServerSeq: 8 ClientSeq: 9
02 04 01 00 07 01 12 80 c9 07 00 80 03 00 d0 84 c6 00 00 20 41 00 d0 84 46 
................... A...F

GAME->Client [12:37:21 07/15/09] packet size: 701 CRYPTED, Flags: 7f ServerSeq: 9 ClientSeq: 7
02 04 01 00 5f 21 16 80 bc 15 00 9b 01 00 11 00 00 00 b7 00 4d 00 00 00 01 00 00 00 00 16 80 bc 
15 00 9c 01 00 11 00 00 00 f3 03 46 00 00 00 01 00 00 00 00 04 80 b3 11 00 16 80 bc 45 03 11 00 
00 02 00 00 00 11 00 32 00 00 00 01 00 00 00 00 16 80 bc 55 00 50 01 00 02 00 00 00 cc 00 0c 00 
00 00 01 00 00 00 00 08 80 b2 11 00 32 00 08 02 16 80 bc 45 03 11 00 00 02 00 00 00 11 00 32 00 
00 00 00 00 00 00 00 16 80 bc 55 00 9d 01 00 02 00 00 00 cc 00 0c 00 00 00 00 00 00 00 00 16 80 
bc 15 00 9e 01 00 11 00 00 00 ab 00 0d 00 00 00 00 00 00 00 00 16 80 bc 15 00 9f 01 00 11 00 00 
00 0a 02 4d 00 00 00 00 00 00 00 00 16 80 bc 15 00 a0 01 00 11 00 00 00 f2 03 34 00 00 00 00 00 
00 00 00 16 80 bc 15 00 a1 01 00 11 00 00 00 ed 03 4d 00 00 00 00 00 00 00 00 16 80 bc 15 00 a2 
01 00 11 00 00 00 9f 00 19 00 00 00 00 00 00 00 00 16 80 bc 15 00 a3 01 00 11 00 00 00 f1 03 34 
00 00 00 00 00 00 00 00 16 80 bc 15 00 a4 01 00 11 00 00 00 0c 02 34 00 00 00 00 00 00 00 00 16 
80 bc 15 00 a5 01 00 11 00 00 00 b7 00 4d 00 00 00 00 00 00 00 00 16 80 bc 15 00 a6 01 00 11 00 
00 00 f3 03 46 00 00 00 00 00 00 00 00 16 80 bc 55 00 51 01 00 0b 00 00 00 37 02 96 00 00 00 01 
00 00 00 00 16 80 bc 55 00 a7 01 00 0b 00 00 00 37 02 96 00 00 00 00 00 00 00 00 16 80 bc 55 00 
52 01 00 2d 00 00 00 23 04 0a 00 00 00 01 00 00 00 00 16 80 bc 55 00 53 01 00 2d 00 00 00 20 04 
0a 00 00 00 01 00 00 00 00 16 80 bc 55 00 54 01 00 2d 00 00 00 19 04 05 00 00 00 01 00 00 00 00 
16 80 bc 55 00 55 01 00 2d 00 00 00 42 04 05 00 00 00 01 00 00 00 00 16 80 bc 55 00 a8 01 00 2d 
00 00 00 23 04 0a 00 00 00 00 00 00 00 00 16 80 bc 55 00 a9 01 00 2d 00 00 00 20 04 0a 00 00 00 
00 00 00 00 00 16 80 bc 55 00 aa 01 00 2d 00 00 00 19 04 05 00 00 00 00 00 00 00 00 16 80 bc 55 
00 ab 01 00 2d 00 00 00 42 04 05 00 00 00 00 00 00 00 00 16 80 bc 55 00 56 01 00 34 00 00 00 83 
02 c8 00 00 00 01 00 00 00 00 16 80 bc 55 00 ac 01 00 34 00 00 00 83 02 c8 00 00 00 00 00 00 00 
00 04 80 b3 3d 04 16 80 bc 45 03 3d 04 00 43 00 00 00 3d 04 00 00 00 00 01 00 00 00 00 08 80 b2 
3d 04 00 00 08 02 16 80 bc 45 03 3d 04 00 43 00 00 00 3d 04 00 00 00 00 00 00 00 00 00 
...._!..............M......................F................E..........2...........U.P..........
............2......E..........2...........U.....................................................
...M......................4......................M.............................................4
......................4......................M......................F...........U.Q......7......
.......U........7.............U.R..-...#.............U.S..-... .............U.T..-..............
...U.U..-...B.............U....-...#.............U....-... .............U....-.................U
....-...B.............U.V..4.................U....4.................=....E.=..C...=.............
=........E.=..C...=..........

Client->GAME [12:37:21 07/15/09] packet size: 1 CRYPTED, Flags: 7f ServerSeq: 9 ClientSeq: 10
02 
.

GAME->Client [12:37:21 07/15/09] packet size: 695 CRYPTED, Flags: 7f ServerSeq: 10 ClientSeq: 8
02 04 02 00 80 06 16 80 bc 55 00 57 01 00 4b 00 00 00 1f 04 19 00 00 00 01 00 00 00 00 16 80 bc 
55 00 ad 01 00 4b 00 00 00 1f 04 19 00 00 00 00 00 00 00 00 16 80 bc 55 00 58 01 00 5f 00 00 00 
7c 04 0f 00 00 00 01 00 00 00 00 16 80 bc 55 00 59 01 00 5f 00 00 00 07 04 0f 00 00 00 01 00 00 
00 00 16 80 bc 55 00 ae 01 00 5f 00 00 00 7c 04 0f 00 00 00 00 00 00 00 00 16 80 bc 55 00 af 01 
00 5f 00 00 00 07 04 0f 00 00 00 00 00 00 00 00 00 86 1c 16 80 bc 55 00 5a 01 00 62 00 00 00 06 
04 01 00 00 00 01 00 00 00 00 04 80 b3 35 04 16 80 bc 45 03 35 04 00 62 00 00 00 35 04 00 00 00 
00 01 00 00 00 00 16 80 bc 55 00 5b 01 00 62 00 00 00 15 04 01 00 00 00 01 00 00 00 00 16 80 bc 
55 00 b0 01 00 62 00 00 00 06 04 01 00 00 00 00 00 00 00 00 08 80 b2 35 04 00 00 08 02 16 80 bc 
45 03 35 04 00 62 00 00 00 35 04 00 00 00 00 00 00 00 00 00 16 80 bc 55 00 b1 01 00 62 00 00 00 
15 04 01 00 00 00 00 00 00 00 00 04 80 b3 3e 04 16 80 bc 45 03 3e 04 00 4f 01 00 00 3e 04 00 00 
00 00 01 00 00 00 00 08 80 b2 3e 04 00 00 08 02 16 80 bc 45 03 3e 04 00 4f 01 00 00 3e 04 00 00 
00 00 00 00 00 00 00 16 80 bc 55 00 5c 01 00 5a 01 00 00 07 04 05 00 00 00 01 00 00 00 00 16 80 
bc 55 00 5d 01 00 5a 01 00 00 1d 04 0f 00 00 00 01 00 00 00 00 16 80 bc 55 00 b2 01 00 5a 01 00 
00 07 04 05 00 00 00 00 00 00 00 00 16 80 bc 55 00 b3 01 00 5a 01 00 00 1d 04 0f 00 00 00 00 00 
00 00 00 04 80 b3 3f 04 16 80 bc 45 03 3f 04 00 64 01 00 00 3f 04 00 00 00 00 01 00 00 00 00 16 
80 bc 55 00 5e 01 00 64 01 00 00 1f 04 05 00 00 00 01 00 00 00 00 08 80 b2 3f 04 00 00 08 02 16 
80 bc 45 03 3f 04 00 64 01 00 00 3f 04 00 00 00 00 00 00 00 00 00 16 80 bc 55 00 b4 01 00 64 01 
00 00 1f 04 05 00 00 00 00 00 00 00 00 16 80 bc 55 00 5f 01 00 66 01 00 00 7b 04 05 00 00 00 01 
00 00 00 00 16 80 bc 55 00 60 01 00 66 01 00 00 12 04 0a 00 00 00 01 00 00 00 00 16 80 bc 55 00 
61 01 00 66 01 00 00 06 04 0b 00 00 00 01 00 00 00 00 16 80 bc 55 00 b5 01 00 66 01 00 00 7b 04 
05 00 00 00 00 00 00 00 00 16 80 bc 55 00 b6 01 00 66 01 00 00 12 04 0a 00 00 00 00 00 00 00 00 
16 80 bc 55 00 b7 01 00 66 01 00 00 06 04 0b 00 00 00 00 00 00 00 00 
.........U.W..K.................U....K.................U.X.._...|.............U.Y.._............
.....U...._...|.............U...._....................U.Z..b.................5....E.5..b...5....
.........U.[..b.................U....b.................5........E.5..b...5.............U....b...
..............>....E.>..O...>.............>........E.>..O...>.............U.\..Z................
.U.]..Z.................U....Z.................U....Z.................?....E.?..d...?...........
..U.^..d.................?........E.?..d...?.............U....d.................U._..f...{......
.......U.`..f.................U.a..f.................U....f...{.............U....f..............
...U....f..............

Client->GAME [12:37:21 07/15/09] packet size: 1 CRYPTED, Flags: 7f ServerSeq: 10 ClientSeq: 11
02 
.

GAME->Client [12:37:21 07/15/09] packet size: 699 CRYPTED, Flags: 7f ServerSeq: 11 ClientSeq: 10
02 04 01 00 a2 20 16 80 bc 55 00 62 01 00 8e 01 00 00 03 04 05 00 00 00 01 00 00 00 00 16 80 bc 
55 00 63 01 00 8e 01 00 00 12 04 0f 00 00 00 01 00 00 00 00 16 80 bc 55 00 64 01 00 8e 01 00 00 
77 04 05 00 00 00 01 00 00 00 00 16 80 bc 55 00 b8 01 00 8e 01 00 00 03 04 05 00 00 00 00 00 00 
00 00 16 80 bc 55 00 b9 01 00 8e 01 00 00 12 04 0f 00 00 00 00 00 00 00 00 16 80 bc 55 00 ba 01 
00 8e 01 00 00 77 04 05 00 00 00 00 00 00 00 00 16 80 bc 55 00 65 01 00 cd 01 00 00 e5 03 05 00 
00 00 01 00 00 00 00 16 80 bc 55 00 66 01 00 cd 01 00 00 73 04 05 00 00 00 01 00 00 00 00 16 80 
bc 55 00 67 01 00 cd 01 00 00 e3 03 0f 00 00 00 01 00 00 00 00 16 80 bc 55 00 bb 01 00 cd 01 00 
00 e5 03 05 00 00 00 00 00 00 00 00 16 80 bc 55 00 bc 01 00 cd 01 00 00 73 04 05 00 00 00 00 00 
00 00 00 16 80 bc 55 00 bd 01 00 cd 01 00 00 e3 03 0f 00 00 00 00 00 00 00 00 04 80 b3 40 04 16 
80 bc 45 03 40 04 00 d5 01 00 00 40 04 00 00 00 00 01 00 00 00 00 16 80 bc 55 00 68 01 00 d5 01 
00 00 e3 03 05 00 00 00 01 00 00 00 00 08 80 b2 40 04 00 00 08 02 16 80 bc 45 03 40 04 00 d5 01 
00 00 40 04 00 00 00 00 00 00 00 00 00 16 80 bc 55 00 be 01 00 d5 01 00 00 e3 03 05 00 00 00 00 
00 00 00 00 16 80 bc 55 00 69 01 00 36 02 00 00 37 02 0a 00 00 00 01 00 00 00 00 16 80 bc 55 00 
bf 01 00 36 02 00 00 37 02 0a 00 00 00 00 00 00 00 00 16 80 bc 55 00 6a 01 00 74 02 00 00 34 02 
1e 00 00 00 01 00 00 00 00 16 80 bc 55 00 c0 01 00 74 02 00 00 34 02 1e 00 00 00 00 00 00 00 00 
16 80 bc 15 00 9e 01 00 11 00 00 00 ab 00 0d 00 00 00 01 00 00 00 00 16 80 bc 15 00 9f 01 00 11 
00 00 00 0a 02 4d 00 00 00 01 00 00 00 00 16 80 bc 15 00 a0 01 00 11 00 00 00 f2 03 34 00 00 00 
01 00 00 00 00 16 80 bc 15 00 a1 01 00 11 00 00 00 ed 03 4d 00 00 00 01 00 00 00 00 16 80 bc 15 
00 a2 01 00 11 00 00 00 9f 00 19 00 00 00 01 00 00 00 00 16 80 bc 15 00 a3 01 00 11 00 00 00 f1 
03 34 00 00 00 01 00 00 00 00 16 80 bc 15 00 a4 01 00 11 00 00 00 0c 02 34 00 00 00 01 00 00 00 
00 16 80 bc 15 00 a5 01 00 11 00 00 00 b7 00 4d 00 00 00 01 00 00 00 00 16 80 bc 15 00 a6 01 00 
11 00 00 00 f3 03 46 00 00 00 01 00 00 00 00 0b 80 bd 05 11 00 00 00 00 00 00 00 
..... ...U.b....................U.c....................U.d......w.............U.................
.....U......................U........w.............U.e....................U.f......s............
.U.g....................U......................U........s.............U......................@..
..E.@......@.............U.h....................@........E.@......@.............U...............
.......U.i..6...7.............U....6...7.............U.j..t...4.............U....t...4..........
.....................................M......................4......................M............
.................................4......................4......................M................
......F....................

Client->GAME [12:37:21 07/15/09] packet size: 1 CRYPTED, Flags: 7f ServerSeq: 11 ClientSeq: 12
02 
.

GAME->Client [12:37:21 07/15/09] packet size: 715 CRYPTED, Flags: 7f ServerSeq: 12 ClientSeq: 11
02 04 02 00 c2 0a 16 80 bc 15 00 c1 01 00 11 00 00 00 ab 00 0d 00 00 00 00 00 00 00 00 16 80 bc 
15 00 c2 01 00 11 00 00 00 0a 02 4d 00 00 00 00 00 00 00 00 16 80 bc 15 00 c3 01 00 11 00 00 00 
f2 03 34 00 00 00 00 00 00 00 00 16 80 bc 15 00 c4 01 00 11 00 00 00 ed 03 4d 00 00 00 00 00 00 
00 00 16 80 bc 15 00 c5 01 00 11 00 00 00 9f 00 19 00 00 00 00 00 00 00 00 16 80 bc 15 00 c6 01 
00 11 00 00 00 f1 03 34 00 00 00 00 00 00 00 00 16 80 bc 15 00 c7 01 00 11 00 00 00 0c 02 34 00 
00 00 00 00 00 00 00 16 80 bc 15 00 c8 01 00 11 00 00 00 b7 00 4d 00 00 00 00 00 00 00 00 16 80 
bc 15 00 c9 01 00 11 00 00 00 f3 03 46 00 00 00 00 00 00 00 00 0b 80 bd 05 11 00 00 00 00 00 00 
01 00 cc 11 17 3a 05 00 11 00 0a 00 50 76 50 53 65 72 76 65 72 00 04 00 06 00 00 00 1d 3a 05 00 
17 00 10 00 50 76 50 4d 61 78 53 61 66 65 4c 65 76 65 6c 00 04 00 0f 00 00 00 3f 3a 05 00 14 00 
0d 00 57 52 5f 52 65 7a 45 76 65 6e 74 73 00 29 00 48 61 6c 6c 6f 77 65 65 6e 5f 45 76 65 6e 74 
2c 57 69 6e 74 65 72 33 50 6c 75 73 48 61 6c 6c 6f 77 65 65 6e 54 53 45 43 00 1b 3a 05 00 19 00 
12 00 45 76 65 6e 74 53 6c 6f 74 31 5f 45 66 66 65 63 74 00 00 00 28 3a 05 00 19 00 12 00 45 76 
65 6e 74 53 6c 6f 74 32 5f 45 66 66 65 63 74 00 0d 00 66 6c 79 6d 61 6e 5f 69 64 6c 65 33 00 25 
3a 05 00 19 00 12 00 45 76 65 6e 74 53 6c 6f 74 33 5f 45 66 66 65 63 74 00 0a 00 66 6c 79 5f 76 
69 72 75 73 00 1f 3a 05 00 1b 00 14 00 46 69 78 65 64 42 69 6e 6b 49 44 4f 76 65 72 72 69 64 65 
00 02 00 20 00 16 80 bc 15 00 29 01 00 f7 03 00 00 08 02 00 00 00 00 00 00 00 00 00 16 80 bc 15 
00 2a 01 00 f7 03 00 00 07 02 ec ff ff ff 00 00 00 00 00 16 80 bc 15 00 2b 01 00 f7 03 00 00 50 
04 00 00 00 00 00 00 00 00 00 16 80 bc 15 00 2c 01 00 f7 03 00 00 f4 03 00 00 00 00 00 00 00 00 
00 16 80 bc 15 00 2d 01 00 f7 03 00 00 51 04 f6 ff ff ff 00 00 00 00 00 16 80 bc 15 00 2e 01 00 
f7 03 00 00 52 04 0f 00 00 00 00 00 00 00 00 16 80 bc 11 00 2f 01 00 00 00 00 00 cb 02 00 00 00 
00 00 00 00 00 00 16 80 bc 56 00 74 01 00 0a 95 00 00 06 04 02 00 00 00 00 00 00 00 00 16 80 bc 
56 00 75 01 00 0a 95 00 00 b4 00 11 00 00 00 00 00 00 00 00 16 80 bc 56 00 76 01 00 0a 95 00 00 
b5 00 11 00 00 00 00 00 00 00 00 
...........................................M......................4......................M......
.......................................4......................4......................M..........
............F........................:......PvPServer........:......PvPMaxSafeLevel.......?:....
..WR_RezEvents.).Halloween_Event,Winter3PlusHalloweenTSEC..:......EventSlot1_Effect...(:......Ev
entSlot2_Effect...flyman_idle3.%:......EventSlot3_Effect...fly_virus..:......FixedBinkIDOverride
... ......)......................*......................+......P...............,................
......-......Q......................R.............../....................V.t....................
V.u....................V.v.................

Client->GAME [12:37:21 07/15/09] packet size: 1 CRYPTED, Flags: 7f ServerSeq: 12 ClientSeq: 13
02 
.

GAME->Client [12:37:21 07/15/09] packet size: 696 CRYPTED, Flags: 7f ServerSeq: 13 ClientSeq: 12
02 04 01 00 dd 1e 16 80 bc 56 00 77 01 00 0a 95 00 00 07 04 02 00 00 00 00 00 00 00 00 16 80 bc 
56 00 78 01 00 8a b2 00 00 23 04 02 00 00 00 00 00 00 00 00 16 80 bc 56 00 79 01 00 8a b2 00 00 
21 04 01 00 00 00 00 00 00 00 00 16 80 bc 56 00 7a 01 00 8a b2 00 00 b4 00 1d 00 00 00 00 00 00 
00 00 16 80 bc 56 00 7b 01 00 8a b2 00 00 09 04 1d 00 00 00 00 00 00 00 00 16 80 bc 56 00 7c 01 
00 8a b2 00 00 9d 00 1d 00 00 00 00 00 00 00 00 16 80 bc 56 00 7d 01 00 8a b2 00 00 06 04 01 00 
00 00 00 00 00 00 00 16 80 bc 56 00 7e 01 00 24 b3 00 00 89 02 02 00 00 00 00 00 00 00 00 16 80 
bc 56 00 7f 01 00 24 b3 00 00 1a 04 01 00 00 00 00 00 00 00 00 16 80 bc 56 00 80 01 00 24 b3 00 
00 b4 00 21 00 00 00 00 00 00 00 00 16 80 bc 56 00 81 01 00 24 b3 00 00 09 04 21 00 00 00 00 00 
00 00 00 16 80 bc 56 00 82 01 00 24 b3 00 00 15 04 02 00 00 00 00 00 00 00 00 16 80 bc 56 00 83 
01 00 24 b3 00 00 b5 00 21 00 00 00 00 00 00 00 00 16 80 bc 56 00 84 01 00 95 a7 00 00 b4 00 12 
00 00 00 00 00 00 00 00 16 80 bc 56 00 85 01 00 95 a7 00 00 b5 00 12 00 00 00 00 00 00 00 00 16 
80 bc 56 00 86 01 00 95 a7 00 00 09 04 12 00 00 00 00 00 00 00 00 16 80 bc 56 00 87 01 00 95 a7 
00 00 70 00 0f 00 00 00 00 00 00 00 00 16 80 bc 56 00 88 01 00 2c b3 00 00 17 04 01 00 00 00 00 
00 00 00 00 16 80 bc 56 00 89 01 00 2c b3 00 00 b4 00 21 00 00 00 00 00 00 00 00 16 80 bc 56 00 
8a 01 00 2c b3 00 00 09 04 21 00 00 00 00 00 00 00 00 16 80 bc 56 00 8b 01 00 2c b3 00 00 12 04 
02 00 00 00 00 00 00 00 00 16 80 bc 56 00 8c 01 00 2c b3 00 00 07 04 02 00 00 00 00 00 00 00 00 
16 80 bc 56 00 8d 01 00 2c b3 00 00 b5 00 21 00 00 00 00 00 00 00 00 16 80 bc 56 00 8e 01 00 c3 
b2 00 00 89 02 02 00 00 00 00 00 00 00 00 16 80 bc 56 00 8f 01 00 c3 b2 00 00 21 04 02 00 00 00 
00 00 00 00 00 16 80 bc 56 00 90 01 00 c3 b2 00 00 b4 00 1f 00 00 00 00 00 00 00 00 16 80 bc 56 
00 91 01 00 c3 b2 00 00 09 04 1f 00 00 00 00 00 00 00 00 16 80 bc 56 00 92 01 00 c3 b2 00 00 1e 
04 01 00 00 00 00 00 00 00 00 16 80 bc 56 00 93 01 00 c3 b2 00 00 9d 00 1f 00 00 00 00 00 00 00 
00 16 80 bc 55 00 9d 01 00 02 00 00 00 cc 00 0c 00 00 00 00 00 00 00 00 
.........V.w....................V.x......#.............V.y......!.............V.z...............
.....V.{....................V.|....................V.}....................V.~..$................
.V....$.................V....$.....!...........V....$.....!...........V....$.................V..
..$.....!...........V......................V......................V......................V......
..p.............V....,.................V....,.....!...........V....,.....!...........V....,.....
............V....,.................V....,.....!...........V......................V........!.....
........V......................V......................V......................V..................
....U...................

Client->GAME [12:37:21 07/15/09] packet size: 1 CRYPTED, Flags: 7f ServerSeq: 13 ClientSeq: 14
02 
.

GAME->Client [12:37:21 07/15/09] packet size: 711 CRYPTED, Flags: 7f ServerSeq: 14 ClientSeq: 13
02 03 01 00 0c 57 02 41 cd ab 11 8e 42 72 6f 74 68 65 72 73 20 6f 66 20 44 65 73 74 69 6e 79 20 
4e 6f 76 69 63 65 00 00 00 00 00 00 00 10 00 00 22 d4 da fb 1b 00 c6 01 80 c1 f9 09 00 58 00 00 
00 a0 6c 2a c3 c0 00 00 00 00 00 c0 57 40 00 00 00 00 fd 98 c9 40 c0 01 82 03 a8 10 c2 01 b2 09 
c2 01 07 08 00 00 81 ed 1a 00 00 02 04 11 00 00 01 00 0c 57 02 42 cd ab 13 8e 42 72 6f 74 68 65 
72 73 20 6f 66 20 44 65 73 74 69 6e 79 20 49 6e 69 74 69 61 74 65 00 00 00 00 00 10 00 00 22 d5 
01 79 fc 1b 00 c6 01 80 c3 fa 09 00 58 4c 0a 00 28 00 00 00 68 58 c7 cd c0 00 00 00 00 00 c0 57 
40 00 00 00 a0 e5 65 c6 40 c0 01 82 02 a8 10 a3 02 b2 09 a3 02 07 08 00 00 81 ed 1a 00 00 02 04 
0f 00 00 01 00 0c 57 02 3f cd ab 13 8e 53 68 75 72 69 6b 65 6e 20 54 65 70 70 61 6e 00 00 00 00 
00 00 00 00 00 00 00 00 00 00 00 00 00 00 10 00 00 22 d4 aa 34 1c 00 c6 01 80 d1 e8 09 00 58 0a 
00 00 00 c8 58 37 d3 c0 00 00 00 00 00 70 72 40 00 00 00 00 3e a5 c7 40 c0 01 83 01 02 a8 19 f4 
03 b2 09 f4 03 07 08 00 00 81 c0 1e 00 00 02 06 0d 00 00 01 00 0c 57 02 3e cd ab 13 8e 53 68 75 
72 69 6b 65 6e 20 54 65 70 70 61 6e 00 00 00 00 00 00 00 00 00 00 00 00 00 00 00 00 00 00 10 00 
00 22 d4 1f 34 1c 00 c6 01 80 d1 e8 09 00 58 0a 00 00 70 a2 f0 8b d1 c0 00 00 00 00 00 c0 57 40 
00 00 00 80 7a 4d c9 40 c0 01 83 01 02 a8 19 f4 03 b2 09 f4 03 07 08 00 00 81 c0 1e 00 00 02 06 
0b 00 00 00 00 04 01 00 fb 0b 16 80 bc 55 00 a7 01 00 0b 00 00 00 37 02 96 00 00 00 00 00 00 00 
00 16 80 bc 55 00 a8 01 00 2d 00 00 00 23 04 0a 00 00 00 00 00 00 00 00 16 80 bc 55 00 a9 01 00 
2d 00 00 00 20 04 0a 00 00 00 00 00 00 00 00 16 80 bc 55 00 aa 01 00 2d 00 00 00 19 04 05 00 00 
00 00 00 00 00 00 16 80 bc 55 00 ab 01 00 2d 00 00 00 42 04 05 00 00 00 00 00 00 00 00 16 80 bc 
55 00 ac 01 00 34 00 00 00 83 02 c8 00 00 00 00 00 00 00 00 16 80 bc 55 00 ad 01 00 4b 00 00 00 
1f 04 19 00 00 00 00 00 00 00 00 16 80 bc 55 00 ae 01 00 5f 00 00 00 7c 04 0f 00 00 00 00 00 00 
00 00 16 80 bc 55 00 af 01 00 5f 00 00 00 07 04 0f 00 00 00 00 00 00 00 00 16 80 bc 55 00 b0 01 
00 62 00 00 00 06 04 01 00 00 00 00 00 00 00 00 16 80 bc 55 00 b1 01 00 62 00 00 00 15 04 01 00 
00 00 00 00 00 00 00 
.....W.A....Brothers of Destiny Novice.........."............X....l*........W@.......@..........
...................W.B....Brothers of Destiny Initiate........"..y..........XL..(...hX.........W
@.....e.@.............................W.?....Shuriken Teppan....................."..4.........X.
....X7.......pr@....>..@..............................W.>....Shuriken Teppan....................
."..4.........X...p...........W@....zM.@.....................................U........7.........
....U....-...#.............U....-... .............U....-.................U....-...B.............
U....4.................U....K.................U...._...|.............U...._.................U...
.b.................U....b..............

Client->GAME [12:37:21 07/15/09] packet size: 1 CRYPTED, Flags: 7f ServerSeq: 14 ClientSeq: 15
02 
.

GAME->Client [12:37:21 07/15/09] packet size: 708 CRYPTED, Flags: 7f ServerSeq: 15 ClientSeq: 14
02 03 01 00 0c 57 02 43 cd ab 11 8e 42 72 6f 74 68 65 72 73 20 6f 66 20 44 65 73 74 69 6e 79 20 
49 6e 69 74 69 61 74 65 00 00 00 00 00 10 00 00 22 d4 e2 fc 1b 00 c6 01 80 c1 fb 09 00 58 00 00 
00 e4 ab a3 cc c0 00 00 00 00 00 c0 57 40 00 00 00 20 fa 28 c7 40 c0 01 82 02 a8 10 a3 02 b2 09 
a3 02 07 08 00 00 81 ed 1a 00 00 02 04 09 00 00 01 00 08 78 19 e5 21 70 0d 20 cd ab 05 3d 00 00 
00 a0 a4 34 d3 c0 00 00 00 00 00 70 72 40 00 00 00 20 b7 27 c1 40 4d 72 2e 20 42 69 73 68 6f 70 
00 00 00 00 00 00 00 00 00 00 00 00 00 00 00 00 00 00 00 00 00 00 79 0b 00 58 22 00 00 00 00 00 
00 00 51 70 79 3f 00 00 00 00 91 59 66 3e 07 00 00 01 00 0c 57 02 44 cd ab 11 8e 42 72 6f 74 68 
65 72 73 20 6f 66 20 44 65 73 74 69 6e 79 20 4e 6f 76 69 63 65 00 00 00 00 00 00 00 10 00 00 22 
d4 16 fb 1b 00 c6 01 80 c1 f8 09 00 58 00 00 00 e0 2f 20 c3 c0 00 00 00 00 00 c0 57 40 00 00 00 
c0 82 a6 c7 40 c0 01 82 03 a8 10 c2 01 b2 09 c2 01 07 08 00 00 81 ed 1a 00 00 02 04 05 00 00 01 
00 08 50 02 50 07 50 18 9b cd ab 02 09 00 00 00 00 00 bc cb c0 00 00 00 00 00 40 60 40 00 00 00 
00 00 c0 c2 40 00 00 00 00 00 00 80 3f 00 00 00 00 2e bd 3b b3 03 00 00 00 00 04 02 01 06 01 16 
80 bc 55 00 b2 01 00 5a 01 00 00 07 04 05 00 00 00 00 00 00 00 00 01 07 0d 16 80 bc 55 00 b3 01 
00 5a 01 00 00 1d 04 0f 00 00 00 00 00 00 00 00 16 80 bc 55 00 b4 01 00 64 01 00 00 1f 04 05 00 
00 00 00 00 00 00 00 16 80 bc 55 00 b5 01 00 66 01 00 00 7b 04 05 00 00 00 00 00 00 00 00 16 80 
bc 55 00 b6 01 00 66 01 00 00 12 04 0a 00 00 00 00 00 00 00 00 16 80 bc 55 00 b7 01 00 66 01 00 
00 06 04 0b 00 00 00 00 00 00 00 00 16 80 bc 55 00 b8 01 00 8e 01 00 00 03 04 05 00 00 00 00 00 
00 00 00 16 80 bc 55 00 b9 01 00 8e 01 00 00 12 04 0f 00 00 00 00 00 00 00 00 16 80 bc 55 00 ba 
01 00 8e 01 00 00 77 04 05 00 00 00 00 00 00 00 00 16 80 bc 55 00 bb 01 00 cd 01 00 00 e5 03 05 
00 00 00 00 00 00 00 00 16 80 bc 55 00 bc 01 00 cd 01 00 00 73 04 05 00 00 00 00 00 00 00 00 16 
80 bc 55 00 bd 01 00 cd 01 00 00 e3 03 0f 00 00 00 00 00 00 00 00 16 80 bc 55 00 be 01 00 d5 01 
00 00 e3 03 05 00 00 00 00 00 00 00 00 16 80 bc 55 00 bf 01 00 36 02 00 00 37 02 0a 00 00 00 00 
00 00 00 00 
.....W.C....Brothers of Destiny Initiate........"............X..............W@... .(.@..........
...................x..!p. ...=.....4.......pr@... .'.@Mr. Bishop......................y..X".....
..Qpy?.....Yf>......W.D....Brothers of Destiny Novice.........."............X..../ ........W@...
....@.............................P.P.P...................@`@.......@.......?......;............
..U....Z....................U....Z.................U....d.................U....f...{............
.U....f.................U....f.................U......................U......................U..
......w.............U......................U........s.............U......................U......
................U....6...7..........

Client->GAME [12:37:21 07/15/09] packet size: 1 CRYPTED, Flags: 7f ServerSeq: 15 ClientSeq: 16
02 
.

