
Client->GAME [12:35:13 07/15/09] packet size: 25 CRYPTED, Flags: 7f ServerSeq: 2 ClientSeq: 180
02 04 01 00 22 01 12 81 8e 11 00 00 00 03 00 00 00 18 00 00 00 03 00 00 00 
...."....................

GAME->Client [12:35:13 07/15/09] packet size: 56 CRYPTED, Flags: 7f ServerSeq: 163 ClientSeq: 2
02 03 0a 00 02 0c fc d2 22 f8 46 00 80 fc c3 e3 a0 fe c6 09 00 02 0e 00 36 82 ac 25 47 00 20 8a 
c4 e1 95 04 c7 05 00 02 0c 29 4b 2b 16 47 00 20 8a c4 c0 79 f5 c6 00 00 
........".F.............6..%G. ..........)K+.G. ...y....

Client->GAME [12:35:13 07/15/09] packet size: 1 CRYPTED, Flags: 7f ServerSeq: 3 ClientSeq: 181
02 
.

GAME->Client [12:35:13 07/15/09] packet size: 39 CRYPTED, Flags: 7f ServerSeq: 164 ClientSeq: 3
02 03 0a 00 02 0c f2 d2 22 f8 46 00 80 fc c3 e3 a0 fe c6 09 00 02 0e 00 40 82 ac 25 47 00 20 8a 
c4 e1 95 04 c7 00 00 
........".F.............@..%G. ........

Client->GAME [12:35:13 07/15/09] packet size: 1 CRYPTED, Flags: 7f ServerSeq: 4 ClientSeq: 182
02 
.

GAME->Client [12:35:13 07/15/09] packet size: 696 CRYPTED, Flags: 7f ServerSeq: 165 ClientSeq: 5
02 04 01 01 96 1e 16 80 bc 15 00 3d 00 00 f7 03 00 00 08 02 00 00 00 00 01 00 00 00 00 16 80 bc 
15 00 3e 00 00 f7 03 00 00 07 02 ec ff ff ff 01 00 00 00 00 16 80 bc 15 00 3f 00 00 f7 03 00 00 
50 04 00 00 00 00 01 00 00 00 00 16 80 bc 15 00 40 00 00 f7 03 00 00 f4 03 00 00 00 00 01 00 00 
00 00 16 80 bc 15 00 41 00 00 f7 03 00 00 51 04 f6 ff ff ff 01 00 00 00 00 16 80 bc 15 00 42 00 
00 f7 03 00 00 52 04 0f 00 00 00 01 00 00 00 00 16 80 bc 56 00 43 00 00 0a 95 00 00 06 04 02 00 
00 00 01 00 00 00 00 16 80 bc 56 00 44 00 00 0a 95 00 00 b4 00 11 00 00 00 01 00 00 00 00 16 80 
bc 56 00 45 00 00 0a 95 00 00 b5 00 11 00 00 00 01 00 00 00 00 16 80 bc 56 00 46 00 00 0a 95 00 
00 07 04 02 00 00 00 01 00 00 00 00 16 80 bc 56 00 47 00 00 8a b2 00 00 23 04 02 00 00 00 01 00 
00 00 00 16 80 bc 56 00 48 00 00 8a b2 00 00 21 04 01 00 00 00 01 00 00 00 00 16 80 bc 56 00 49 
00 00 8a b2 00 00 b4 00 1d 00 00 00 01 00 00 00 00 16 80 bc 56 00 4a 00 00 8a b2 00 00 09 04 1d 
00 00 00 01 00 00 00 00 16 80 bc 56 00 4b 00 00 8a b2 00 00 9d 00 1d 00 00 00 01 00 00 00 00 16 
80 bc 56 00 4c 00 00 8a b2 00 00 06 04 01 00 00 00 01 00 00 00 00 16 80 bc 56 00 4d 00 00 24 b3 
00 00 89 02 02 00 00 00 01 00 00 00 00 16 80 bc 56 00 4e 00 00 24 b3 00 00 1a 04 01 00 00 00 01 
00 00 00 00 16 80 bc 56 00 4f 00 00 24 b3 00 00 b4 00 21 00 00 00 01 00 00 00 00 16 80 bc 56 00 
50 00 00 24 b3 00 00 09 04 21 00 00 00 01 00 00 00 00 16 80 bc 56 00 51 00 00 24 b3 00 00 15 04 
02 00 00 00 01 00 00 00 00 16 80 bc 56 00 52 00 00 24 b3 00 00 b5 00 21 00 00 00 01 00 00 00 00 
16 80 bc 56 00 53 00 00 95 a7 00 00 b4 00 12 00 00 00 01 00 00 00 00 16 80 bc 56 00 54 00 00 95 
a7 00 00 b5 00 12 00 00 00 01 00 00 00 00 16 80 bc 56 00 55 00 00 95 a7 00 00 09 04 12 00 00 00 
01 00 00 00 00 16 80 bc 56 00 56 00 00 95 a7 00 00 70 00 0f 00 00 00 01 00 00 00 00 16 80 bc 56 
00 57 00 00 2c b3 00 00 17 04 01 00 00 00 01 00 00 00 00 16 80 bc 56 00 58 00 00 2c b3 00 00 b4 
00 21 00 00 00 01 00 00 00 00 16 80 bc 56 00 59 00 00 2c b3 00 00 09 04 21 00 00 00 01 00 00 00 
00 16 80 bc 56 00 5a 00 00 2c b3 00 00 12 04 02 00 00 00 01 00 00 00 00 
...........=......................>......................?......P...............@...............
.......A......Q...............B......R.............V.C....................V.D...................
.V.E....................V.F....................V.G......#.............V.H......!.............V.I
....................V.J....................V.K....................V.L....................V.M..$.
................V.N..$.................V.O..$.....!...........V.P..$.....!...........V.Q..$.....
............V.R..$.....!...........V.S....................V.T....................V.U............
........V.V......p.............V.W..,.................V.X..,.....!...........V.Y..,.....!.......
....V.Z..,..............

Client->GAME [12:35:13 07/15/09] packet size: 1 CRYPTED, Flags: 7f ServerSeq: 5 ClientSeq: 183
02 
.

GAME->Client [12:35:14 07/15/09] packet size: 696 CRYPTED, Flags: 7f ServerSeq: 166 ClientSeq: 6
02 04 01 01 b4 1e 16 80 bc 56 00 5b 00 00 2c b3 00 00 07 04 02 00 00 00 01 00 00 00 00 16 80 bc 
56 00 5c 00 00 2c b3 00 00 b5 00 21 00 00 00 01 00 00 00 00 16 80 bc 56 00 5d 00 00 c3 b2 00 00 
89 02 02 00 00 00 01 00 00 00 00 16 80 bc 56 00 5e 00 00 c3 b2 00 00 21 04 02 00 00 00 01 00 00 
00 00 16 80 bc 56 00 5f 00 00 c3 b2 00 00 b4 00 1f 00 00 00 01 00 00 00 00 16 80 bc 56 00 60 00 
00 c3 b2 00 00 09 04 1f 00 00 00 01 00 00 00 00 16 80 bc 56 00 61 00 00 c3 b2 00 00 1e 04 01 00 
00 00 01 00 00 00 00 16 80 bc 56 00 62 00 00 c3 b2 00 00 9d 00 1f 00 00 00 01 00 00 00 00 16 80 
bc 55 00 63 00 00 02 00 00 00 cc 00 0c 00 00 00 01 00 00 00 00 16 80 bc 55 00 64 00 00 0b 00 00 
00 37 02 96 00 00 00 01 00 00 00 00 16 80 bc 55 00 65 00 00 2d 00 00 00 23 04 0a 00 00 00 01 00 
00 00 00 16 80 bc 55 00 66 00 00 2d 00 00 00 20 04 0a 00 00 00 01 00 00 00 00 16 80 bc 55 00 67 
00 00 2d 00 00 00 19 04 05 00 00 00 01 00 00 00 00 16 80 bc 55 00 68 00 00 2d 00 00 00 42 04 05 
00 00 00 01 00 00 00 00 16 80 bc 55 00 69 00 00 34 00 00 00 83 02 c8 00 00 00 01 00 00 00 00 16 
80 bc 55 00 6a 00 00 4b 00 00 00 1f 04 19 00 00 00 01 00 00 00 00 16 80 bc 55 00 6b 00 00 5f 00 
00 00 7c 04 0f 00 00 00 01 00 00 00 00 16 80 bc 55 00 6c 00 00 5f 00 00 00 07 04 0f 00 00 00 01 
00 00 00 00 16 80 bc 55 00 6d 00 00 62 00 00 00 06 04 01 00 00 00 01 00 00 00 00 16 80 bc 55 00 
6e 00 00 62 00 00 00 15 04 01 00 00 00 01 00 00 00 00 16 80 bc 55 00 6f 00 00 5a 01 00 00 07 04 
05 00 00 00 01 00 00 00 00 16 80 bc 55 00 70 00 00 5a 01 00 00 1d 04 0f 00 00 00 01 00 00 00 00 
16 80 bc 55 00 71 00 00 64 01 00 00 1f 04 05 00 00 00 01 00 00 00 00 16 80 bc 55 00 72 00 00 66 
01 00 00 7b 04 05 00 00 00 01 00 00 00 00 16 80 bc 55 00 73 00 00 66 01 00 00 12 04 0a 00 00 00 
01 00 00 00 00 16 80 bc 55 00 74 00 00 66 01 00 00 06 04 0b 00 00 00 01 00 00 00 00 16 80 bc 55 
00 75 00 00 8e 01 00 00 03 04 05 00 00 00 01 00 00 00 00 16 80 bc 55 00 76 00 00 8e 01 00 00 12 
04 0f 00 00 00 01 00 00 00 00 16 80 bc 55 00 77 00 00 8e 01 00 00 77 04 05 00 00 00 01 00 00 00 
00 16 80 bc 55 00 78 00 00 cd 01 00 00 e5 03 05 00 00 00 01 00 00 00 00 
.........V.[..,.................V.\..,.....!...........V.]....................V.^......!........
.....V._....................V.`....................V.a....................V.b...................
.U.c....................U.d......7.............U.e..-...#.............U.f..-... .............U.g
..-.................U.h..-...B.............U.i..4.................U.j..K.................U.k.._.
..|.............U.l.._.................U.m..b.................U.n..b.................U.o..Z.....
............U.p..Z.................U.q..d.................U.r..f...{.............U.s..f.........
........U.t..f.................U.u....................U.v....................U.w......w.........
....U.x.................

Client->GAME [12:35:14 07/15/09] packet size: 1 CRYPTED, Flags: 7f ServerSeq: 6 ClientSeq: 184
02 
.

GAME->Client [12:35:14 07/15/09] packet size: 700 CRYPTED, Flags: 7f ServerSeq: 167 ClientSeq: 7
02 04 02 01 d2 03 16 80 bc 55 00 79 00 00 cd 01 00 00 73 04 05 00 00 00 01 00 00 00 00 16 80 bc 
55 00 7a 00 00 cd 01 00 00 e3 03 0f 00 00 00 01 00 00 00 00 16 80 bc 55 00 7b 00 00 d5 01 00 00 
e3 03 05 00 00 00 01 00 00 00 00 01 d5 1c 16 80 bc 55 00 7c 00 00 36 02 00 00 37 02 0a 00 00 00 
01 00 00 00 00 16 80 bc 55 00 7d 00 00 74 02 00 00 34 02 1e 00 00 00 01 00 00 00 00 16 80 bc 15 
00 7e 00 00 11 00 00 00 ab 00 0d 00 00 00 01 00 00 00 00 16 80 bc 15 00 7f 00 00 11 00 00 00 0a 
02 4d 00 00 00 01 00 00 00 00 16 80 bc 15 00 80 00 00 11 00 00 00 f2 03 34 00 00 00 01 00 00 00 
00 16 80 bc 15 00 81 00 00 11 00 00 00 ed 03 4d 00 00 00 01 00 00 00 00 16 80 bc 15 00 82 00 00 
11 00 00 00 9f 00 19 00 00 00 01 00 00 00 00 16 80 bc 15 00 83 00 00 11 00 00 00 f1 03 34 00 00 
00 01 00 00 00 00 16 80 bc 15 00 84 00 00 11 00 00 00 0c 02 34 00 00 00 01 00 00 00 00 16 80 bc 
15 00 85 00 00 11 00 00 00 b7 00 4d 00 00 00 01 00 00 00 00 16 80 bc 15 00 86 00 00 11 00 00 00 
f3 03 46 00 00 00 01 00 00 00 00 16 80 bc 11 00 87 00 00 00 00 00 00 cb 02 00 00 00 00 01 00 00 
00 00 0b 80 bd 05 11 00 00 00 00 00 00 00 16 80 bc 15 00 88 00 00 11 00 00 00 ab 00 0c 00 00 00 
00 00 00 00 00 16 80 bc 15 00 89 00 00 11 00 00 00 0a 02 4b 00 00 00 00 00 00 00 00 16 80 bc 15 
00 8a 00 00 11 00 00 00 f2 03 31 00 00 00 00 00 00 00 00 16 80 bc 15 00 8b 00 00 11 00 00 00 ed 
03 4b 00 00 00 00 00 00 00 00 16 80 bc 15 00 8c 00 00 11 00 00 00 9f 00 19 00 00 00 00 00 00 00 
00 16 80 bc 15 00 8d 00 00 11 00 00 00 f1 03 31 00 00 00 00 00 00 00 00 16 80 bc 15 00 8e 00 00 
11 00 00 00 0c 02 34 00 00 00 00 00 00 00 00 16 80 bc 15 00 8f 00 00 11 00 00 00 b7 00 46 00 00 
00 00 00 00 00 00 16 80 bc 15 00 90 00 00 11 00 00 00 f3 03 46 00 00 00 00 00 00 00 00 0b 80 bd 
05 11 00 00 00 00 00 00 01 16 80 bc 15 00 88 00 00 11 00 00 00 ab 00 0c 00 00 00 01 00 00 00 00 
16 80 bc 15 00 89 00 00 11 00 00 00 0a 02 4b 00 00 00 01 00 00 00 00 16 80 bc 15 00 8a 00 00 11 
00 00 00 f2 03 31 00 00 00 01 00 00 00 00 16 80 bc 15 00 8b 00 00 11 00 00 00 ed 03 4b 00 00 00 
01 00 00 00 00 16 80 bc 15 00 8c 00 00 11 00 00 00 9f 00 19 00 00 00 01 00 00 00 00 
.........U.y......s.............U.z....................U.{.......................U.|..6...7.....
........U.}..t...4...............~...............................M......................4.......
...............M.............................................4......................4...........
...........M......................F.............................................................
...................K......................1......................K..............................
...............1......................4......................F......................F...........
..............................................K......................1......................K...
............................

Client->GAME [12:35:14 07/15/09] packet size: 1 CRYPTED, Flags: 7f ServerSeq: 7 ClientSeq: 185
02 
.

GAME->Client [12:35:14 07/15/09] packet size: 285 CRYPTED, Flags: 7f ServerSeq: 168 ClientSeq: 8
82 e0 da fa 48 04 01 01 f1 12 16 80 bc 15 00 8d 00 00 11 00 00 00 f1 03 31 00 00 00 01 00 00 00 
00 16 80 bc 15 00 8e 00 00 11 00 00 00 0c 02 34 00 00 00 01 00 00 00 00 16 80 bc 15 00 8f 00 00 
11 00 00 00 b7 00 46 00 00 00 01 00 00 00 00 16 80 bc 15 00 90 00 00 11 00 00 00 f3 03 46 00 00 
00 01 00 00 00 00 0b 80 bd 05 11 00 00 00 00 00 00 00 04 80 b3 11 00 16 80 bc 45 03 11 00 00 02 
00 00 00 11 00 32 00 00 00 01 00 00 00 00 04 80 b3 35 04 16 80 bc 45 03 35 04 00 62 00 00 00 35 
04 00 00 00 00 01 00 00 00 00 04 80 b3 3d 04 16 80 bc 45 03 3d 04 00 43 00 00 00 3d 04 00 00 00 
00 01 00 00 00 00 04 80 b3 3e 04 16 80 bc 45 03 3e 04 00 4f 01 00 00 3e 04 00 00 00 00 01 00 00 
00 00 04 80 b3 3f 04 16 80 bc 45 03 3f 04 00 64 01 00 00 3f 04 00 00 00 00 01 00 00 00 00 04 80 
b3 40 04 16 80 bc 45 03 40 04 00 d5 01 00 00 40 04 00 00 00 00 01 00 00 00 00 02 81 07 
....H...................1......................4......................F......................F..
..........................E..........2...........5....E.5..b...5.............=....E.=..C...=....
.........>....E.>..O...>.............?....E.?..d...?.............@....E.@......@.............

Client->GAME [12:35:14 07/15/09] packet size: 13 CRYPTED, Flags: 7f ServerSeq: 8 ClientSeq: 186
02 04 01 00 23 01 06 81 08 00 00 00 00 
....#........

GAME->Client [12:35:14 07/15/09] packet size: 1 CRYPTED, Flags: 7f ServerSeq: 169 ClientSeq: 10
02 
.

GAME->Client [12:35:15 07/15/09] packet size: 1 CRYPTED, Flags: 7f ServerSeq: 170 ClientSeq: 10
42 
B

Client->GAME [12:35:15 07/15/09] packet size: 1 CRYPTED, Flags: 7f ServerSeq: 10 ClientSeq: 187
42 
B

GAME->Client [12:35:15 07/15/09] packet size: 1 CRYPTED, Flags: 7f ServerSeq: 171 ClientSeq: 10
42 
B

Client->GAME [12:35:15 07/15/09] packet size: 13 CRYPTED, Flags: 0 ServerSeq: 0 ClientSeq: 1
22 04 01 00 00 01 06 81 51 00 00 00 00 
".......Q....

GAME->Client [12:35:15 07/15/09] packet size: 5 CRYPTED, Flags: 7f ServerSeq: 172 ClientSeq: 11
c2 04 db fa 48 
....H

GAME->Client [12:35:15 07/15/09] packet size: 72 CRYPTED, Flags: 1 ServerSeq: 2 ClientSeq: 1
02 04 01 00 03 01 41 81 67 17 00 27 00 1c 22 00 c6 01 11 00 00 00 00 00 00 00 37 00 00 08 0e 00 
41 66 74 65 72 57 68 6f 72 75 4e 65 6f 00 0e 00 41 66 74 65 72 57 68 6f 72 75 4e 65 6f 00 02 00 
4b 00 00 00 00 00 00 00 
......A.g..'.."...........7.....AfterWhoruNeo...AfterWhoruNeo...K.......

Client->GAME [12:35:15 07/15/09] packet size: 1 CRYPTED, Flags: 2 ServerSeq: 2 ClientSeq: 2
02 
.

GAME->Client [12:35:16 07/15/09] packet size: 138 CRYPTED, Flags: 3 ServerSeq: 3 ClientSeq: 2
02 04 01 00 00 03 6d 06 0e 00 03 00 00 00 04 db fa 48 01 42 00 32 00 72 65 73 6f 75 72 63 65 2f 
77 6f 72 6c 64 73 2f 66 69 6e 61 6c 5f 77 6f 72 6c 64 2f 69 6e 74 65 72 6e 61 74 69 6f 6e 61 6c 
2f 69 74 2e 6d 65 74 72 00 29 00 48 61 6c 6c 6f 77 65 65 6e 5f 45 76 65 6e 74 2c 57 69 6e 74 65 
72 33 50 6c 75 73 48 61 6c 6c 6f 77 65 65 6e 54 53 45 43 00 0a 80 e5 e7 cb c0 12 00 00 00 00 0a 
80 e4 bc 58 7a 00 00 00 00 00 
......m..........H.B.2.resource/worlds/final_world/international/it.metr.).Halloween_Event,Winte
r3PlusHalloweenTSEC................Xz.....

Client->GAME [12:35:16 07/15/09] packet size: 6 CRYPTED, Flags: 5 ServerSeq: 3 ClientSeq: 3
02 05 02 0c 00 00 
......

GAME->Client [12:35:16 07/15/09] packet size: 1 CRYPTED, Flags: 7 ServerSeq: 4 ClientSeq: 3
02 
.

Client->GAME [12:35:19 07/15/09] packet size: 8 CRYPTED, Flags: 5 ServerSeq: 3 ClientSeq: 4
02 04 01 00 01 01 01 05 
........

GAME->Client [12:35:19 07/15/09] packet size: 223 CRYPTED, Flags: f ServerSeq: 5 ClientSeq: 4
82 95 db fa 48 03 01 00 0c 0c 00 36 cd ab 1c 8b 81 ff 71 02 00 00 41 6e 64 65 72 73 6f 6e 00 00 
00 00 00 00 00 00 00 00 00 00 00 00 00 00 00 00 00 00 00 00 00 00 90 54 68 6f 6d 61 73 00 00 00 
00 00 00 00 00 00 00 00 00 00 00 00 00 00 00 00 00 00 00 00 00 00 00 80 d8 28 0a 0c 00 00 00 01 
8e 81 ff f7 00 31 5e 00 00 c6 67 00 41 66 74 65 72 57 68 6f 72 75 4e 65 6f 00 00 00 00 00 00 00 
00 00 00 00 00 00 00 00 00 00 00 00 28 0a fd 64 01 00 00 67 00 75 d4 01 00 4b b1 00 00 00 00 73 
1a e9 88 80 60 04 00 02 8e 00 00 00 f7 00 9d 00 00 00 80 d2 50 d3 40 00 00 00 00 00 90 7f c0 00 
00 00 00 5b ea c5 c0 81 ff 32 22 80 89 2c d7 9e 1e a0 1c 01 11 00 00 00 67 00 02 00 00 00 00 
....H......6......q...Anderson.........................Thomas............................(......
.....1^...g.AfterWhoruNeo...................(..d...g.u...K.....s....`...............P.@.........
...[.....2"..,..........g......

Client->GAME [12:35:20 07/15/09] packet size: 55 CRYPTED, Flags: 17 ServerSeq: 5 ClientSeq: 5
02 03 02 00 02 60 08 41 6e 64 65 72 73 6f 6e 06 54 68 6f 6d 61 73 00 00 04 01 00 02 05 02 80 be 
07 3f 4e 00 10 00 00 00 08 3e 6b 00 10 00 00 00 00 02 81 48 02 0c 01 
.....`.Anderson.Thomas...........?N......>k........H...

GAME->Client [12:35:20 07/15/09] packet size: 696 CRYPTED, Flags: 1f ServerSeq: 6 ClientSeq: 5
02 04 01 00 04 1e 16 80 bc 56 00 8e 00 00 0a 95 00 00 06 04 02 00 00 00 01 00 00 00 00 16 80 bc 
56 00 8f 00 00 0a 95 00 00 b4 00 11 00 00 00 01 00 00 00 00 16 80 bc 56 00 90 00 00 0a 95 00 00 
b5 00 11 00 00 00 01 00 00 00 00 16 80 bc 56 00 91 00 00 0a 95 00 00 07 04 02 00 00 00 01 00 00 
00 00 16 80 bc 56 00 d3 00 00 0a 95 00 00 06 04 02 00 00 00 00 00 00 00 00 16 80 bc 56 00 d4 00 
00 0a 95 00 00 b4 00 11 00 00 00 00 00 00 00 00 16 80 bc 56 00 d5 00 00 0a 95 00 00 b5 00 11 00 
00 00 00 00 00 00 00 16 80 bc 56 00 d6 00 00 0a 95 00 00 07 04 02 00 00 00 00 00 00 00 00 16 80 
bc 56 00 92 00 00 8a b2 00 00 23 04 02 00 00 00 01 00 00 00 00 16 80 bc 56 00 93 00 00 8a b2 00 
00 21 04 01 00 00 00 01 00 00 00 00 16 80 bc 56 00 94 00 00 8a b2 00 00 b4 00 1d 00 00 00 01 00 
00 00 00 16 80 bc 56 00 95 00 00 8a b2 00 00 09 04 1d 00 00 00 01 00 00 00 00 16 80 bc 56 00 96 
00 00 8a b2 00 00 9d 00 1d 00 00 00 01 00 00 00 00 16 80 bc 56 00 97 00 00 8a b2 00 00 06 04 01 
00 00 00 01 00 00 00 00 16 80 bc 56 00 d7 00 00 8a b2 00 00 23 04 02 00 00 00 00 00 00 00 00 16 
80 bc 56 00 d8 00 00 8a b2 00 00 21 04 01 00 00 00 00 00 00 00 00 16 80 bc 56 00 d9 00 00 8a b2 
00 00 b4 00 1d 00 00 00 00 00 00 00 00 16 80 bc 56 00 da 00 00 8a b2 00 00 09 04 1d 00 00 00 00 
00 00 00 00 16 80 bc 56 00 db 00 00 8a b2 00 00 9d 00 1d 00 00 00 00 00 00 00 00 16 80 bc 56 00 
dc 00 00 8a b2 00 00 06 04 01 00 00 00 00 00 00 00 00 16 80 bc 56 00 98 00 00 24 b3 00 00 89 02 
02 00 00 00 01 00 00 00 00 16 80 bc 56 00 99 00 00 24 b3 00 00 1a 04 01 00 00 00 01 00 00 00 00 
16 80 bc 56 00 9a 00 00 24 b3 00 00 b4 00 21 00 00 00 01 00 00 00 00 16 80 bc 56 00 9b 00 00 24 
b3 00 00 09 04 21 00 00 00 01 00 00 00 00 16 80 bc 56 00 9c 00 00 24 b3 00 00 15 04 02 00 00 00 
01 00 00 00 00 16 80 bc 56 00 9d 00 00 24 b3 00 00 b5 00 21 00 00 00 01 00 00 00 00 16 80 bc 56 
00 dd 00 00 24 b3 00 00 89 02 02 00 00 00 00 00 00 00 00 16 80 bc 56 00 de 00 00 24 b3 00 00 1a 
04 01 00 00 00 00 00 00 00 00 16 80 bc 56 00 df 00 00 24 b3 00 00 b4 00 21 00 00 00 00 00 00 00 
00 16 80 bc 56 00 e0 00 00 24 b3 00 00 09 04 21 00 00 00 00 00 00 00 00 
.........V......................V......................V......................V.................
.....V......................V......................V......................V.....................
.V........#.............V........!.............V......................V......................V..
....................V......................V........#.............V........!.............V......
................V......................V......................V......................V....$.....
............V....$.................V....$.....!...........V....$.....!...........V....$.........
........V....$.....!...........V....$.................V....$.................V....$.....!.......
....V....$.....!........

GAME->Client [12:35:20 07/15/09] packet size: 696 CRYPTED, Flags: 1f ServerSeq: 7 ClientSeq: 5
02 04 01 00 22 1e 16 80 bc 56 00 e1 00 00 24 b3 00 00 15 04 02 00 00 00 00 00 00 00 00 16 80 bc 
56 00 e2 00 00 24 b3 00 00 b5 00 21 00 00 00 00 00 00 00 00 16 80 bc 56 00 9e 00 00 95 a7 00 00 
b4 00 12 00 00 00 01 00 00 00 00 16 80 bc 56 00 9f 00 00 95 a7 00 00 b5 00 12 00 00 00 01 00 00 
00 00 16 80 bc 56 00 a0 00 00 95 a7 00 00 09 04 12 00 00 00 01 00 00 00 00 16 80 bc 56 00 a1 00 
00 95 a7 00 00 70 00 0f 00 00 00 01 00 00 00 00 16 80 bc 56 00 e3 00 00 95 a7 00 00 b4 00 12 00 
00 00 00 00 00 00 00 16 80 bc 56 00 e4 00 00 95 a7 00 00 b5 00 12 00 00 00 00 00 00 00 00 16 80 
bc 56 00 e5 00 00 95 a7 00 00 09 04 12 00 00 00 00 00 00 00 00 16 80 bc 56 00 e6 00 00 95 a7 00 
00 70 00 0f 00 00 00 00 00 00 00 00 16 80 bc 56 00 a2 00 00 2c b3 00 00 17 04 01 00 00 00 01 00 
00 00 00 16 80 bc 56 00 a3 00 00 2c b3 00 00 b4 00 21 00 00 00 01 00 00 00 00 16 80 bc 56 00 a4 
00 00 2c b3 00 00 09 04 21 00 00 00 01 00 00 00 00 16 80 bc 56 00 a5 00 00 2c b3 00 00 12 04 02 
00 00 00 01 00 00 00 00 16 80 bc 56 00 a6 00 00 2c b3 00 00 07 04 02 00 00 00 01 00 00 00 00 16 
80 bc 56 00 a7 00 00 2c b3 00 00 b5 00 21 00 00 00 01 00 00 00 00 16 80 bc 56 00 e7 00 00 2c b3 
00 00 17 04 01 00 00 00 00 00 00 00 00 16 80 bc 56 00 e8 00 00 2c b3 00 00 b4 00 21 00 00 00 00 
00 00 00 00 16 80 bc 56 00 e9 00 00 2c b3 00 00 09 04 21 00 00 00 00 00 00 00 00 16 80 bc 56 00 
ea 00 00 2c b3 00 00 12 04 02 00 00 00 00 00 00 00 00 16 80 bc 56 00 eb 00 00 2c b3 00 00 07 04 
02 00 00 00 00 00 00 00 00 16 80 bc 56 00 ec 00 00 2c b3 00 00 b5 00 21 00 00 00 00 00 00 00 00 
16 80 bc 56 00 a8 00 00 c3 b2 00 00 89 02 02 00 00 00 01 00 00 00 00 16 80 bc 56 00 a9 00 00 c3 
b2 00 00 21 04 02 00 00 00 01 00 00 00 00 16 80 bc 56 00 aa 00 00 c3 b2 00 00 b4 00 1f 00 00 00 
01 00 00 00 00 16 80 bc 56 00 ab 00 00 c3 b2 00 00 09 04 1f 00 00 00 01 00 00 00 00 16 80 bc 56 
00 ac 00 00 c3 b2 00 00 1e 04 01 00 00 00 01 00 00 00 00 16 80 bc 56 00 ad 00 00 c3 b2 00 00 9d 
00 1f 00 00 00 01 00 00 00 00 16 80 bc 56 00 ed 00 00 c3 b2 00 00 89 02 02 00 00 00 00 00 00 00 
00 16 80 bc 56 00 ee 00 00 c3 b2 00 00 21 04 02 00 00 00 00 00 00 00 00 
...."....V....$.................V....$.....!...........V......................V.................
.....V......................V........p.............V......................V.....................
.V......................V........p.............V....,.................V....,.....!...........V..
..,.....!...........V....,.................V....,.................V....,.....!...........V....,.
................V....,.....!...........V....,.....!...........V....,.................V....,.....
............V....,.....!...........V......................V........!.............V..............
........V......................V......................V......................V..................
....V........!..........

Client->GAME [12:35:20 07/15/09] packet size: 1 CRYPTED, Flags: 2f ServerSeq: 6 ClientSeq: 6
02 
.

Client->GAME [12:35:20 07/15/09] packet size: 1 CRYPTED, Flags: 5f ServerSeq: 7 ClientSeq: 7
02 
.

GAME->Client [12:35:20 07/15/09] packet size: 733 CRYPTED, Flags: 1f ServerSeq: 8 ClientSeq: 5
02 03 01 00 0c 57 02 32 cd ab 12 8e 42 72 6f 74 68 65 72 73 20 6f 66 20 44 65 73 74 69 6e 79 20 
44 6f 6f 6d 00 00 00 00 00 00 00 00 00 10 00 00 22 d4 9c 05 1c 00 c6 01 80 c1 fc 09 00 58 00 00 
00 d0 2d 65 d3 40 00 00 00 00 00 90 7f c0 00 00 00 b0 e5 f6 c8 c0 c0 01 83 04 01 a8 12 e8 03 b2 
04 e8 03 07 08 00 00 81 ef 1a 00 00 02 04 13 00 00 01 00 0c 57 02 35 cd ab 13 8e 42 72 6f 74 68 
65 72 73 20 6f 66 20 44 65 73 74 69 6e 79 20 46 72 61 74 65 72 00 00 00 00 00 00 00 10 00 00 22 
d4 13 ff 1b 00 c6 01 80 d1 f8 09 00 58 0a 00 00 00 f0 df da cd 40 00 00 00 00 00 c0 57 40 00 00 
00 b0 74 55 c9 c0 c0 01 83 01 03 a8 11 db 01 b2 09 db 01 07 08 00 00 81 ef 1a 00 00 02 04 11 00 
00 01 00 0c 57 02 37 cd ab 11 8e 42 72 6f 74 68 65 72 73 20 6f 66 20 44 65 73 74 69 6e 79 20 4e 
65 6d 65 73 69 73 00 00 00 00 00 00 10 00 00 22 d4 0b 04 1c 00 c6 01 80 c1 fa 09 00 58 00 00 00 
80 4b c0 d3 40 00 00 00 00 00 10 73 c0 00 00 00 c0 bf 04 bd c0 c0 01 82 02 a8 12 ee 02 b2 09 ee 
02 07 08 00 00 81 ef 1a 00 00 02 04 0f 00 00 01 00 0c 57 02 34 cd ab 13 8e 42 72 6f 74 68 65 72 
73 20 6f 66 20 44 65 73 74 69 6e 79 20 46 72 61 74 65 72 00 00 00 00 00 00 00 10 00 00 22 d4 cd 
ff 1b 00 c6 01 80 d1 f9 09 00 58 0a 00 00 00 c0 e5 03 cd 40 00 00 00 00 00 c0 57 40 00 00 00 b0 
13 a9 c9 c0 c0 01 83 01 03 a8 11 db 01 b2 09 db 01 07 08 00 00 81 ef 1a 00 00 02 04 0d 00 00 00 
00 04 02 00 40 03 16 80 bc 56 00 ef 00 00 c3 b2 00 00 b4 00 1f 00 00 00 00 00 00 00 00 16 80 bc 
56 00 f0 00 00 c3 b2 00 00 09 04 1f 00 00 00 00 00 00 00 00 16 80 bc 56 00 f1 00 00 c3 b2 00 00 
1e 04 01 00 00 00 00 00 00 00 00 00 43 09 16 80 bc 56 00 f2 00 00 c3 b2 00 00 9d 00 1f 00 00 00 
00 00 00 00 00 16 80 bc 15 00 c9 00 00 11 00 00 00 ab 00 0d 00 00 00 01 00 00 00 00 16 80 bc 15 
00 ca 00 00 11 00 00 00 0a 02 4d 00 00 00 01 00 00 00 00 16 80 bc 15 00 cb 00 00 11 00 00 00 f2 
03 34 00 00 00 01 00 00 00 00 16 80 bc 15 00 cc 00 00 11 00 00 00 ed 03 4d 00 00 00 01 00 00 00 
00 16 80 bc 15 00 cd 00 00 11 00 00 00 9f 00 19 00 00 00 01 00 00 00 00 16 80 bc 15 00 ce 00 00 
11 00 00 00 f1 03 34 00 00 00 01 00 00 00 00 16 80 bc 15 00 cf 00 00 11 00 00 00 0c 02 34 00 00 
00 01 00 00 00 00 16 80 bc 15 00 d0 00 00 11 00 00 00 b7 00 4d 00 00 00 01 00 00 00 00 
.....W.2....Brothers of Destiny Doom............"............X....-e.@..........................
....................W.5....Brothers of Destiny Frater.........."............X........@......W@..
..tU................................W.7....Brothers of Destiny Nemesis........."............X...
.K..@......s......................................W.4....Brothers of Destiny Frater.........."..
..........X........@......W@........................................@....V......................
V......................V....................C....V..............................................
..........M......................4......................M.......................................
......4......................4......................M........

Client->GAME [12:35:21 07/15/09] packet size: 1 CRYPTED, Flags: 3f ServerSeq: 8 ClientSeq: 8
02 
.

GAME->Client [12:35:21 07/15/09] packet size: 724 CRYPTED, Flags: 7f ServerSeq: 9 ClientSeq: 7
82 bb db fa 48 03 01 00 02 13 00 13 00 02 0c a6 6e 29 9b 46 00 80 fc c3 2e b7 47 c6 01 00 0c 57 
02 38 cd ab 11 8e 42 72 6f 74 68 65 72 73 20 6f 66 20 44 65 73 74 69 6e 79 20 4e 65 6d 65 73 69 
73 00 00 00 00 00 00 10 00 00 22 d4 ea 04 1c 00 c6 01 80 c1 fb 09 00 58 00 00 00 57 f6 88 d0 40 
00 00 00 00 00 10 73 c0 00 00 00 00 d6 90 bf c0 c0 01 82 02 a8 12 ee 02 b2 09 ee 02 07 08 00 00 
81 ef 1a 00 00 02 04 0b 00 00 01 00 0c 57 02 33 cd ab 13 8e 42 72 6f 74 68 65 72 73 20 6f 66 20 
44 65 73 74 69 6e 79 20 46 72 61 74 65 72 00 00 00 00 00 00 00 10 00 00 22 d4 09 ff 1b 00 c6 01 
80 d1 f8 09 00 58 0a 00 00 00 60 a2 59 cd 40 00 00 00 00 00 c0 57 40 00 00 00 d0 56 5b cb c0 c0 
01 83 01 03 a8 11 db 01 b2 09 db 01 07 08 00 00 81 ef 1a 00 00 02 04 09 00 00 01 00 08 50 02 12 
15 80 07 da cd ab 02 09 00 00 00 00 80 62 d3 40 00 00 00 00 00 50 7d c0 00 00 00 00 00 c7 c5 c0 
00 00 00 00 60 83 6c bf 00 00 00 00 12 ef c3 3e 07 00 00 01 00 0c 57 02 39 cd ab 11 8e 42 72 6f 
74 68 65 72 73 20 6f 66 20 44 65 73 74 69 6e 79 20 48 61 7a 61 72 64 00 00 00 00 00 00 00 10 00 
00 22 d4 e4 03 1c 00 c6 01 80 c1 f8 09 00 58 00 00 00 78 42 8d d4 40 00 00 00 00 00 10 73 c0 00 
00 00 40 9e 62 be c0 c0 01 82 03 a8 12 f4 01 b2 09 f4 01 07 08 00 00 81 ef 1a 00 00 02 04 05 00 
00 00 00 04 01 00 4c 0e 16 80 bc 15 00 d1 00 00 11 00 00 00 f3 03 46 00 00 00 01 00 00 00 00 0b 
80 bd 05 11 00 00 00 00 00 00 00 16 80 bc 15 00 f3 00 00 11 00 00 00 ab 00 0d 00 00 00 00 00 00 
00 00 16 80 bc 15 00 f4 00 00 11 00 00 00 0a 02 4d 00 00 00 00 00 00 00 00 16 80 bc 15 00 f5 00 
00 11 00 00 00 f2 03 34 00 00 00 00 00 00 00 00 16 80 bc 15 00 f6 00 00 11 00 00 00 ed 03 4d 00 
00 00 00 00 00 00 00 16 80 bc 15 00 f7 00 00 11 00 00 00 9f 00 19 00 00 00 00 00 00 00 00 16 80 
bc 15 00 f8 00 00 11 00 00 00 f1 03 34 00 00 00 00 00 00 00 00 16 80 bc 15 00 f9 00 00 11 00 00 
00 0c 02 34 00 00 00 00 00 00 00 00 16 80 bc 15 00 fa 00 00 11 00 00 00 b7 00 4d 00 00 00 00 00 
00 00 00 16 80 bc 15 00 fb 00 00 11 00 00 00 f3 03 46 00 00 00 00 00 00 00 00 0b 80 bd 05 11 00 
00 00 00 00 00 01 16 80 bc 15 00 f3 00 00 11 00 00 00 ab 00 0d 00 00 00 01 00 00 00 00 16 80 bc 
15 00 f4 00 00 11 00 00 00 0a 02 4d 00 00 00 01 00 00 00 00 
....H...........n).F......G....W.8....Brothers of Destiny Nemesis........."............X...W...@
......s......................................W.3....Brothers of Destiny Frater..........".......
.....X....`.Y.@......W@....V[................................P...............b.@.....P}.........
....`.l........>......W.9....Brothers of Destiny Hazard.........."............X...xB..@......s..
..@.b.................................L...............F.........................................
................M......................4......................M.................................
............4......................4......................M......................F..............
...........................................M........

Client->GAME [12:35:21 07/15/09] packet size: 1 CRYPTED, Flags: 7f ServerSeq: 9 ClientSeq: 9
02 
.

GAME->Client [12:35:21 07/15/09] packet size: 699 CRYPTED, Flags: 7f ServerSeq: 10 ClientSeq: 8
02 03 01 00 0c 57 02 3a cd ab 12 8e 42 72 6f 74 68 65 72 73 20 6f 66 20 44 65 73 74 69 6e 79 20 
48 61 7a 61 72 64 00 00 00 00 00 00 00 10 00 00 22 d4 f6 03 1c 00 c6 01 80 c1 f9 09 00 58 00 00 
00 e4 f1 9d d3 40 00 00 00 00 00 10 73 c0 00 00 00 c0 8e d6 ba c0 c0 01 83 04 03 a8 12 f4 01 b2 
09 f4 01 07 08 00 00 81 ef 1a 00 00 02 04 03 00 00 13 00 02 0e 00 b0 6e 29 9b 46 00 80 fc c3 2e 
b7 47 c6 0d 00 02 0e 05 c7 52 9e 67 46 00 00 be 42 5f 20 4d c6 00 00 04 01 00 5a 19 16 80 bc 15 
00 f5 00 00 11 00 00 00 f2 03 34 00 00 00 01 00 00 00 00 16 80 bc 15 00 f6 00 00 11 00 00 00 ed 
03 4d 00 00 00 01 00 00 00 00 16 80 bc 15 00 f7 00 00 11 00 00 00 9f 00 19 00 00 00 01 00 00 00 
00 16 80 bc 15 00 f8 00 00 11 00 00 00 f1 03 34 00 00 00 01 00 00 00 00 16 80 bc 15 00 f9 00 00 
11 00 00 00 0c 02 34 00 00 00 01 00 00 00 00 16 80 bc 15 00 fa 00 00 11 00 00 00 b7 00 4d 00 00 
00 01 00 00 00 00 16 80 bc 15 00 fb 00 00 11 00 00 00 f3 03 46 00 00 00 01 00 00 00 00 04 80 b3 
11 00 16 80 bc 45 03 11 00 00 02 00 00 00 11 00 32 00 00 00 01 00 00 00 00 16 80 bc 55 00 ae 00 
00 02 00 00 00 cc 00 0c 00 00 00 01 00 00 00 00 08 80 b2 11 00 32 00 08 02 16 80 bc 45 03 11 00 
00 02 00 00 00 11 00 32 00 00 00 00 00 00 00 00 16 80 bc 55 00 fc 00 00 02 00 00 00 cc 00 0c 00 
00 00 00 00 00 00 00 16 80 bc 15 00 fd 00 00 11 00 00 00 ab 00 0d 00 00 00 00 00 00 00 00 16 80 
bc 15 00 fe 00 00 11 00 00 00 0a 02 4d 00 00 00 00 00 00 00 00 16 80 bc 15 00 ff 00 00 11 00 00 
00 f2 03 34 00 00 00 00 00 00 00 00 16 80 bc 15 00 00 01 00 11 00 00 00 ed 03 4d 00 00 00 00 00 
00 00 00 16 80 bc 15 00 01 01 00 11 00 00 00 9f 00 19 00 00 00 00 00 00 00 00 16 80 bc 15 00 02 
01 00 11 00 00 00 f1 03 34 00 00 00 00 00 00 00 00 16 80 bc 15 00 03 01 00 11 00 00 00 0c 02 34 
00 00 00 00 00 00 00 00 16 80 bc 15 00 04 01 00 11 00 00 00 b7 00 4d 00 00 00 00 00 00 00 00 16 
80 bc 15 00 05 01 00 11 00 00 00 f3 03 46 00 00 00 00 00 00 00 00 16 80 bc 55 00 af 00 00 0b 00 
00 00 37 02 96 00 00 00 01 00 00 00 00 16 80 bc 55 00 06 01 00 0b 00 00 00 37 02 96 00 00 00 00 
00 00 00 00 16 80 bc 55 00 b0 00 00 2d 00 00 00 23 04 0a 00 00 00 01 00 00 00 00 
.....W.:....Brothers of Destiny Hazard.........."............X.......@......s...................
.......................n).F......G.......R.gF...B_ M......Z...............4.....................
.M.............................................4......................4......................M..
....................F................E..........2...........U........................2......E...
.......2...........U........................................................M...................
...4......................M.............................................4......................4
......................M......................F...........U........7.............U........7......
.......U....-...#..........

Client->GAME [12:35:21 07/15/09] packet size: 1 CRYPTED, Flags: 7f ServerSeq: 10 ClientSeq: 10
02 
.

GAME->Client [12:35:21 07/15/09] packet size: 692 CRYPTED, Flags: 7f ServerSeq: 11 ClientSeq: 9
02 03 01 00 02 13 00 03 00 02 0c 00 8f ef 9c 46 00 80 98 c3 76 b4 d6 c5 13 00 06 0e 00 b9 6e 29 
9b 46 00 80 fc c3 2e b7 47 c6 80 80 80 80 c0 4c 0a 00 28 01 01 0d 00 02 0e 00 bd 52 9e 67 46 00 
00 be 42 5f 20 4d c6 09 00 02 0c 52 ca 3f 6b 46 00 00 be 42 96 a4 59 c6 00 00 04 02 00 73 13 16 
80 bc 55 00 b1 00 00 2d 00 00 00 20 04 0a 00 00 00 01 00 00 00 00 16 80 bc 55 00 b2 00 00 2d 00 
00 00 19 04 05 00 00 00 01 00 00 00 00 16 80 bc 55 00 b3 00 00 2d 00 00 00 42 04 05 00 00 00 01 
00 00 00 00 16 80 bc 55 00 07 01 00 2d 00 00 00 23 04 0a 00 00 00 00 00 00 00 00 16 80 bc 55 00 
08 01 00 2d 00 00 00 20 04 0a 00 00 00 00 00 00 00 00 16 80 bc 55 00 09 01 00 2d 00 00 00 19 04 
05 00 00 00 00 00 00 00 00 16 80 bc 55 00 0a 01 00 2d 00 00 00 42 04 05 00 00 00 00 00 00 00 00 
16 80 bc 55 00 b4 00 00 34 00 00 00 83 02 c8 00 00 00 01 00 00 00 00 16 80 bc 55 00 0b 01 00 34 
00 00 00 83 02 c8 00 00 00 00 00 00 00 00 04 80 b3 3d 04 16 80 bc 45 03 3d 04 00 43 00 00 00 3d 
04 00 00 00 00 01 00 00 00 00 08 80 b2 3d 04 00 00 08 02 16 80 bc 45 03 3d 04 00 43 00 00 00 3d 
04 00 00 00 00 00 00 00 00 00 16 80 bc 55 00 b5 00 00 4b 00 00 00 1f 04 19 00 00 00 01 00 00 00 
00 16 80 bc 55 00 0c 01 00 4b 00 00 00 1f 04 19 00 00 00 00 00 00 00 00 16 80 bc 55 00 b6 00 00 
5f 00 00 00 7c 04 0f 00 00 00 01 00 00 00 00 16 80 bc 55 00 b7 00 00 5f 00 00 00 07 04 0f 00 00 
00 01 00 00 00 00 16 80 bc 55 00 0d 01 00 5f 00 00 00 7c 04 0f 00 00 00 00 00 00 00 00 16 80 bc 
55 00 0e 01 00 5f 00 00 00 07 04 0f 00 00 00 00 00 00 00 00 00 86 0b 16 80 bc 55 00 b8 00 00 62 
00 00 00 06 04 01 00 00 00 01 00 00 00 00 04 80 b3 35 04 16 80 bc 45 03 35 04 00 62 00 00 00 35 
04 00 00 00 00 01 00 00 00 00 16 80 bc 55 00 b9 00 00 62 00 00 00 15 04 01 00 00 00 01 00 00 00 
00 16 80 bc 55 00 0f 01 00 62 00 00 00 06 04 01 00 00 00 00 00 00 00 00 08 80 b2 35 04 00 00 08 
02 16 80 bc 45 03 35 04 00 62 00 00 00 35 04 00 00 00 00 00 00 00 00 00 16 80 bc 55 00 10 01 00 
62 00 00 00 15 04 01 00 00 00 00 00 00 00 00 04 80 b3 3e 04 16 80 bc 45 03 3e 04 00 4f 01 00 00 
3e 04 00 00 00 00 01 00 00 00 00 08 80 b2 3e 04 00 00 08 02 
...............F....v.........n).F......G......L..(........R.gF...B_ M.....R.?kF...B..Y......s..
..U....-... .............U....-.................U....-...B.............U....-...#.............U.
...-... .............U....-.................U....-...B.............U....4.................U....4
.................=....E.=..C...=.............=........E.=..C...=.............U....K.............
....U....K.................U...._...|.............U...._.................U...._...|.............
U...._....................U....b.................5....E.5..b...5.............U....b.............
....U....b.................5........E.5..b...5.............U....b.................>....E.>..O...
>.............>.....

Client->GAME [12:35:21 07/15/09] packet size: 1 CRYPTED, Flags: 7f ServerSeq: 11 ClientSeq: 11
02 
.

GAME->Client [12:35:21 07/15/09] packet size: 708 CRYPTED, Flags: 7f ServerSeq: 12 ClientSeq: 10
02 03 0d 00 02 0e 00 b3 52 9e 67 46 00 00 be 42 5f 20 4d c6 03 00 02 0e 00 0a 8f ef 9c 46 00 80 
98 c3 76 b4 d6 c5 00 00 04 01 00 91 1f 16 80 bc 45 03 3e 04 00 4f 01 00 00 3e 04 00 00 00 00 00 
00 00 00 00 16 80 bc 55 00 ba 00 00 5a 01 00 00 07 04 05 00 00 00 01 00 00 00 00 16 80 bc 55 00 
bb 00 00 5a 01 00 00 1d 04 0f 00 00 00 01 00 00 00 00 16 80 bc 55 00 11 01 00 5a 01 00 00 07 04 
05 00 00 00 00 00 00 00 00 16 80 bc 55 00 12 01 00 5a 01 00 00 1d 04 0f 00 00 00 00 00 00 00 00 
04 80 b3 3f 04 16 80 bc 45 03 3f 04 00 64 01 00 00 3f 04 00 00 00 00 01 00 00 00 00 16 80 bc 55 
00 bc 00 00 64 01 00 00 1f 04 05 00 00 00 01 00 00 00 00 08 80 b2 3f 04 00 00 08 02 16 80 bc 45 
03 3f 04 00 64 01 00 00 3f 04 00 00 00 00 00 00 00 00 00 16 80 bc 55 00 13 01 00 64 01 00 00 1f 
04 05 00 00 00 00 00 00 00 00 16 80 bc 55 00 bd 00 00 66 01 00 00 7b 04 05 00 00 00 01 00 00 00 
00 16 80 bc 55 00 be 00 00 66 01 00 00 12 04 0a 00 00 00 01 00 00 00 00 16 80 bc 55 00 bf 00 00 
66 01 00 00 06 04 0b 00 00 00 01 00 00 00 00 16 80 bc 55 00 14 01 00 66 01 00 00 7b 04 05 00 00 
00 00 00 00 00 00 16 80 bc 55 00 15 01 00 66 01 00 00 12 04 0a 00 00 00 00 00 00 00 00 16 80 bc 
55 00 16 01 00 66 01 00 00 06 04 0b 00 00 00 00 00 00 00 00 16 80 bc 55 00 c0 00 00 8e 01 00 00 
03 04 05 00 00 00 01 00 00 00 00 16 80 bc 55 00 c1 00 00 8e 01 00 00 12 04 0f 00 00 00 01 00 00 
00 00 16 80 bc 55 00 c2 00 00 8e 01 00 00 77 04 05 00 00 00 01 00 00 00 00 16 80 bc 55 00 17 01 
00 8e 01 00 00 03 04 05 00 00 00 00 00 00 00 00 16 80 bc 55 00 18 01 00 8e 01 00 00 12 04 0f 00 
00 00 00 00 00 00 00 16 80 bc 55 00 19 01 00 8e 01 00 00 77 04 05 00 00 00 00 00 00 00 00 16 80 
bc 55 00 c3 00 00 cd 01 00 00 e5 03 05 00 00 00 01 00 00 00 00 16 80 bc 55 00 c4 00 00 cd 01 00 
00 73 04 05 00 00 00 01 00 00 00 00 16 80 bc 55 00 c5 00 00 cd 01 00 00 e3 03 0f 00 00 00 01 00 
00 00 00 16 80 bc 55 00 1a 01 00 cd 01 00 00 e5 03 05 00 00 00 00 00 00 00 00 16 80 bc 55 00 1b 
01 00 cd 01 00 00 73 04 05 00 00 00 00 00 00 00 00 16 80 bc 55 00 1c 01 00 cd 01 00 00 e3 03 0f 
00 00 00 00 00 00 00 00 04 80 b3 40 04 16 80 bc 45 03 40 04 00 d5 01 00 00 40 04 00 00 00 00 01 
00 00 00 00 
........R.gF...B_ M..........F....v.............E.>..O...>.............U....Z.................U.
...Z.................U....Z.................U....Z.................?....E.?..d...?.............U
....d.................?........E.?..d...?.............U....d.................U....f...{.........
....U....f.................U....f.................U....f...{.............U....f.................
U....f.................U......................U......................U........w.............U...
...................U......................U........w.............U......................U.......
.s.............U......................U......................U........s.............U...........
...........@....E.@......@..........

Client->GAME [12:35:21 07/15/09] packet size: 1 CRYPTED, Flags: 7f ServerSeq: 12 ClientSeq: 12
02 
.

GAME->Client [12:35:21 07/15/09] packet size: 709 CRYPTED, Flags: 7f ServerSeq: 13 ClientSeq: 11
02 03 0d 00 02 0c b2 52 9e 67 46 00 00 be 42 5f 20 4d c6 03 00 02 0e 00 11 8f ef 9c 46 00 80 98 
c3 76 b4 d6 c5 00 00 04 02 00 b0 1c 16 80 bc 55 00 c6 00 00 d5 01 00 00 e3 03 05 00 00 00 01 00 
00 00 00 08 80 b2 40 04 00 00 08 02 16 80 bc 45 03 40 04 00 d5 01 00 00 40 04 00 00 00 00 00 00 
00 00 00 16 80 bc 55 00 1d 01 00 d5 01 00 00 e3 03 05 00 00 00 00 00 00 00 00 16 80 bc 55 00 c7 
00 00 36 02 00 00 37 02 0a 00 00 00 01 00 00 00 00 16 80 bc 55 00 1e 01 00 36 02 00 00 37 02 0a 
00 00 00 00 00 00 00 00 16 80 bc 55 00 c8 00 00 74 02 00 00 34 02 1e 00 00 00 01 00 00 00 00 16 
80 bc 55 00 1f 01 00 74 02 00 00 34 02 1e 00 00 00 00 00 00 00 00 16 80 bc 15 00 fd 00 00 11 00 
00 00 ab 00 0d 00 00 00 01 00 00 00 00 16 80 bc 15 00 fe 00 00 11 00 00 00 0a 02 4d 00 00 00 01 
00 00 00 00 16 80 bc 15 00 ff 00 00 11 00 00 00 f2 03 34 00 00 00 01 00 00 00 00 16 80 bc 15 00 
00 01 00 11 00 00 00 ed 03 4d 00 00 00 01 00 00 00 00 16 80 bc 15 00 01 01 00 11 00 00 00 9f 00 
19 00 00 00 01 00 00 00 00 16 80 bc 15 00 02 01 00 11 00 00 00 f1 03 34 00 00 00 01 00 00 00 00 
16 80 bc 15 00 03 01 00 11 00 00 00 0c 02 34 00 00 00 01 00 00 00 00 16 80 bc 15 00 04 01 00 11 
00 00 00 b7 00 4d 00 00 00 01 00 00 00 00 16 80 bc 15 00 05 01 00 11 00 00 00 f3 03 46 00 00 00 
01 00 00 00 00 0b 80 bd 05 11 00 00 00 00 00 00 00 16 80 bc 15 00 20 01 00 11 00 00 00 ab 00 0d 
00 00 00 00 00 00 00 00 16 80 bc 15 00 21 01 00 11 00 00 00 0a 02 4d 00 00 00 00 00 00 00 00 16 
80 bc 15 00 22 01 00 11 00 00 00 f2 03 34 00 00 00 00 00 00 00 00 16 80 bc 15 00 23 01 00 11 00 
00 00 ed 03 4d 00 00 00 00 00 00 00 00 16 80 bc 15 00 24 01 00 11 00 00 00 9f 00 19 00 00 00 00 
00 00 00 00 16 80 bc 15 00 25 01 00 11 00 00 00 f1 03 34 00 00 00 00 00 00 00 00 16 80 bc 15 00 
26 01 00 11 00 00 00 0c 02 34 00 00 00 00 00 00 00 00 16 80 bc 15 00 27 01 00 11 00 00 00 b7 00 
4d 00 00 00 00 00 00 00 00 16 80 bc 15 00 28 01 00 11 00 00 00 f3 03 46 00 00 00 00 00 00 00 00 
0b 80 bd 05 11 00 00 00 00 00 00 01 00 cc 02 17 3a 05 00 11 00 0a 00 50 76 50 53 65 72 76 65 72 
00 04 00 06 00 00 00 1d 3a 05 00 17 00 10 00 50 76 50 4d 61 78 53 61 66 65 4c 65 76 65 6c 00 04 
00 0f 00 00 00 
.......R.gF...B_ M..........F....v.............U......................@........E.@......@.......
......U......................U....6...7.............U....6...7.............U....t...4...........
..U....t...4...............................................M......................4.............
.........M.............................................4......................4.................
.....M......................F......................... ......................!........M.........
...."........4.............#........M.............$......................%........4.............
&........4.............'........M.............(........F........................:......PvPServer
........:......PvPMaxSafeLevel.......

Client->GAME [12:35:21 07/15/09] packet size: 1 CRYPTED, Flags: 7f ServerSeq: 13 ClientSeq: 13
02 
.

GAME->Client [12:35:21 07/15/09] packet size: 706 CRYPTED, Flags: 7f ServerSeq: 14 ClientSeq: 12
02 03 11 00 02 0e 05 0d b5 b3 6f 46 00 00 be 42 3d f0 48 c6 09 00 02 08 d1 33 6c 46 00 00 be 42 
00 18 5a c6 00 00 04 01 00 ce 19 3f 3a 05 00 14 00 0d 00 57 52 5f 52 65 7a 45 76 65 6e 74 73 00 
29 00 48 61 6c 6c 6f 77 65 65 6e 5f 45 76 65 6e 74 2c 57 69 6e 74 65 72 33 50 6c 75 73 48 61 6c 
6c 6f 77 65 65 6e 54 53 45 43 00 1b 3a 05 00 19 00 12 00 45 76 65 6e 74 53 6c 6f 74 31 5f 45 66 
66 65 63 74 00 00 00 28 3a 05 00 19 00 12 00 45 76 65 6e 74 53 6c 6f 74 32 5f 45 66 66 65 63 74 
00 0d 00 66 6c 79 6d 61 6e 5f 69 64 6c 65 33 00 25 3a 05 00 19 00 12 00 45 76 65 6e 74 53 6c 6f 
74 33 5f 45 66 66 65 63 74 00 0a 00 66 6c 79 5f 76 69 72 75 73 00 1f 3a 05 00 1b 00 14 00 46 69 
78 65 64 42 69 6e 6b 49 44 4f 76 65 72 72 69 64 65 00 02 00 20 00 16 80 bc 15 00 88 00 00 f7 03 
00 00 08 02 00 00 00 00 00 00 00 00 00 16 80 bc 15 00 89 00 00 f7 03 00 00 07 02 ec ff ff ff 00 
00 00 00 00 16 80 bc 15 00 8a 00 00 f7 03 00 00 50 04 00 00 00 00 00 00 00 00 00 16 80 bc 15 00 
8b 00 00 f7 03 00 00 f4 03 00 00 00 00 00 00 00 00 00 16 80 bc 15 00 8c 00 00 f7 03 00 00 51 04 
f6 ff ff ff 00 00 00 00 00 16 80 bc 15 00 8d 00 00 f7 03 00 00 52 04 0f 00 00 00 00 00 00 00 00 
16 80 bc 11 00 d2 00 00 00 00 00 00 cb 02 00 00 00 00 00 00 00 00 00 16 80 bc 56 00 d3 00 00 0a 
95 00 00 06 04 02 00 00 00 00 00 00 00 00 16 80 bc 56 00 d4 00 00 0a 95 00 00 b4 00 11 00 00 00 
00 00 00 00 00 16 80 bc 56 00 d5 00 00 0a 95 00 00 b5 00 11 00 00 00 00 00 00 00 00 16 80 bc 56 
00 d6 00 00 0a 95 00 00 07 04 02 00 00 00 00 00 00 00 00 16 80 bc 56 00 d7 00 00 8a b2 00 00 23 
04 02 00 00 00 00 00 00 00 00 16 80 bc 56 00 d8 00 00 8a b2 00 00 21 04 01 00 00 00 00 00 00 00 
00 16 80 bc 56 00 d9 00 00 8a b2 00 00 b4 00 1d 00 00 00 00 00 00 00 00 16 80 bc 56 00 da 00 00 
8a b2 00 00 09 04 1d 00 00 00 00 00 00 00 00 16 80 bc 56 00 db 00 00 8a b2 00 00 9d 00 1d 00 00 
00 00 00 00 00 00 16 80 bc 56 00 dc 00 00 8a b2 00 00 06 04 01 00 00 00 00 00 00 00 00 16 80 bc 
56 00 dd 00 00 24 b3 00 00 89 02 02 00 00 00 00 00 00 00 00 16 80 bc 56 00 de 00 00 24 b3 00 00 
1a 04 01 00 00 00 00 00 00 00 00 16 80 bc 56 00 df 00 00 24 b3 00 00 b4 00 21 00 00 00 00 00 00 
00 00 
..........oF...B=.H......3lF...B..Z........?:......WR_RezEvents.).Halloween_Event,Winter3PlusHal
loweenTSEC..:......EventSlot1_Effect...(:......EventSlot2_Effect...flyman_idle3.%:......EventSlo
t3_Effect...fly_virus..:......FixedBinkIDOverride... ...........................................
................P.............................................Q......................R..........
..........................V......................V......................V......................V
......................V........#.............V........!.............V......................V....
..................V......................V......................V....$.................V....$...
..............V....$.....!........

Client->GAME [12:35:21 07/15/09] packet size: 1 CRYPTED, Flags: 7f ServerSeq: 14 ClientSeq: 14
02 
.

GAME->Client [12:35:21 07/15/09] packet size: 694 CRYPTED, Flags: 7f ServerSeq: 15 ClientSeq: 13
02 03 11 00 02 0e 05 03 b5 b3 6f 46 00 00 be 42 3d f0 48 c6 00 00 04 01 00 e7 1d 16 80 bc 56 00 
e0 00 00 24 b3 00 00 09 04 21 00 00 00 00 00 00 00 00 16 80 bc 56 00 e1 00 00 24 b3 00 00 15 04 
02 00 00 00 00 00 00 00 00 16 80 bc 56 00 e2 00 00 24 b3 00 00 b5 00 21 00 00 00 00 00 00 00 00 
16 80 bc 56 00 e3 00 00 95 a7 00 00 b4 00 12 00 00 00 00 00 00 00 00 16 80 bc 56 00 e4 00 00 95 
a7 00 00 b5 00 12 00 00 00 00 00 00 00 00 16 80 bc 56 00 e5 00 00 95 a7 00 00 09 04 12 00 00 00 
00 00 00 00 00 16 80 bc 56 00 e6 00 00 95 a7 00 00 70 00 0f 00 00 00 00 00 00 00 00 16 80 bc 56 
00 e7 00 00 2c b3 00 00 17 04 01 00 00 00 00 00 00 00 00 16 80 bc 56 00 e8 00 00 2c b3 00 00 b4 
00 21 00 00 00 00 00 00 00 00 16 80 bc 56 00 e9 00 00 2c b3 00 00 09 04 21 00 00 00 00 00 00 00 
00 16 80 bc 56 00 ea 00 00 2c b3 00 00 12 04 02 00 00 00 00 00 00 00 00 16 80 bc 56 00 eb 00 00 
2c b3 00 00 07 04 02 00 00 00 00 00 00 00 00 16 80 bc 56 00 ec 00 00 2c b3 00 00 b5 00 21 00 00 
00 00 00 00 00 00 16 80 bc 56 00 ed 00 00 c3 b2 00 00 89 02 02 00 00 00 00 00 00 00 00 16 80 bc 
56 00 ee 00 00 c3 b2 00 00 21 04 02 00 00 00 00 00 00 00 00 16 80 bc 56 00 ef 00 00 c3 b2 00 00 
b4 00 1f 00 00 00 00 00 00 00 00 16 80 bc 56 00 f0 00 00 c3 b2 00 00 09 04 1f 00 00 00 00 00 00 
00 00 16 80 bc 56 00 f1 00 00 c3 b2 00 00 1e 04 01 00 00 00 00 00 00 00 00 16 80 bc 56 00 f2 00 
00 c3 b2 00 00 9d 00 1f 00 00 00 00 00 00 00 00 16 80 bc 55 00 fc 00 00 02 00 00 00 cc 00 0c 00 
00 00 00 00 00 00 00 16 80 bc 55 00 06 01 00 0b 00 00 00 37 02 96 00 00 00 00 00 00 00 00 16 80 
bc 55 00 07 01 00 2d 00 00 00 23 04 0a 00 00 00 00 00 00 00 00 16 80 bc 55 00 08 01 00 2d 00 00 
00 20 04 0a 00 00 00 00 00 00 00 00 16 80 bc 55 00 09 01 00 2d 00 00 00 19 04 05 00 00 00 00 00 
00 00 00 16 80 bc 55 00 0a 01 00 2d 00 00 00 42 04 05 00 00 00 00 00 00 00 00 16 80 bc 55 00 0b 
01 00 34 00 00 00 83 02 c8 00 00 00 00 00 00 00 00 16 80 bc 55 00 0c 01 00 4b 00 00 00 1f 04 19 
00 00 00 00 00 00 00 00 16 80 bc 55 00 0d 01 00 5f 00 00 00 7c 04 0f 00 00 00 00 00 00 00 00 16 
80 bc 55 00 0e 01 00 5f 00 00 00 07 04 0f 00 00 00 00 00 00 00 00 
..........oF...B=.H...........V....$.....!...........V....$.................V....$.....!........
...V......................V......................V......................V........p.............V
....,.................V....,.....!...........V....,.....!...........V....,.................V....
,.................V....,.....!...........V......................V........!.............V........
..............V......................V......................V......................U............
..........U........7.............U....-...#.............U....-... .............U....-...........
......U....-...B.............U....4.................U....K.................U...._...|...........
..U...._..............

Client->GAME [12:35:21 07/15/09] packet size: 1 CRYPTED, Flags: 7f ServerSeq: 15 ClientSeq: 15
02 
.

GAME->Client [12:35:21 07/15/09] packet size: 696 CRYPTED, Flags: 7f ServerSeq: 16 ClientSeq: 14
02 03 11 00 02 0c f9 b5 b3 6f 46 00 00 be 42 3d f0 48 c6 00 00 04 02 01 04 03 16 80 bc 55 00 0f 
01 00 62 00 00 00 06 04 01 00 00 00 00 00 00 00 00 16 80 bc 55 00 10 01 00 62 00 00 00 15 04 01 
00 00 00 00 00 00 00 00 16 80 bc 55 00 11 01 00 5a 01 00 00 07 04 05 00 00 00 00 00 00 00 00 01 
07 1a 16 80 bc 55 00 12 01 00 5a 01 00 00 1d 04 0f 00 00 00 00 00 00 00 00 16 80 bc 55 00 13 01 
00 64 01 00 00 1f 04 05 00 00 00 00 00 00 00 00 16 80 bc 55 00 14 01 00 66 01 00 00 7b 04 05 00 
00 00 00 00 00 00 00 16 80 bc 55 00 15 01 00 66 01 00 00 12 04 0a 00 00 00 00 00 00 00 00 16 80 
bc 55 00 16 01 00 66 01 00 00 06 04 0b 00 00 00 00 00 00 00 00 16 80 bc 55 00 17 01 00 8e 01 00 
00 03 04 05 00 00 00 00 00 00 00 00 16 80 bc 55 00 18 01 00 8e 01 00 00 12 04 0f 00 00 00 00 00 
00 00 00 16 80 bc 55 00 19 01 00 8e 01 00 00 77 04 05 00 00 00 00 00 00 00 00 16 80 bc 55 00 1a 
01 00 cd 01 00 00 e5 03 05 00 00 00 00 00 00 00 00 16 80 bc 55 00 1b 01 00 cd 01 00 00 73 04 05 
00 00 00 00 00 00 00 00 16 80 bc 55 00 1c 01 00 cd 01 00 00 e3 03 0f 00 00 00 00 00 00 00 00 16 
80 bc 55 00 1d 01 00 d5 01 00 00 e3 03 05 00 00 00 00 00 00 00 00 16 80 bc 55 00 1e 01 00 36 02 
00 00 37 02 0a 00 00 00 00 00 00 00 00 16 80 bc 55 00 1f 01 00 74 02 00 00 34 02 1e 00 00 00 00 
00 00 00 00 16 80 bc 15 00 20 01 00 11 00 00 00 ab 00 0d 00 00 00 00 00 00 00 00 16 80 bc 15 00 
21 01 00 11 00 00 00 0a 02 4d 00 00 00 00 00 00 00 00 16 80 bc 15 00 22 01 00 11 00 00 00 f2 03 
34 00 00 00 00 00 00 00 00 16 80 bc 15 00 23 01 00 11 00 00 00 ed 03 4d 00 00 00 00 00 00 00 00 
16 80 bc 15 00 24 01 00 11 00 00 00 9f 00 19 00 00 00 00 00 00 00 00 16 80 bc 15 00 25 01 00 11 
00 00 00 f1 03 34 00 00 00 00 00 00 00 00 16 80 bc 15 00 26 01 00 11 00 00 00 0c 02 34 00 00 00 
00 00 00 00 00 16 80 bc 15 00 27 01 00 11 00 00 00 b7 00 4d 00 00 00 00 00 00 00 00 16 80 bc 15 
00 28 01 00 11 00 00 00 f3 03 46 00 00 00 00 00 00 00 00 16 80 bc 45 03 11 00 00 02 00 00 00 11 
00 32 00 00 00 00 00 00 00 00 16 80 bc 45 03 35 04 00 62 00 00 00 35 04 00 00 00 00 00 00 00 00 
00 16 80 bc 45 03 3d 04 00 43 00 00 00 3d 04 00 00 00 00 00 00 00 00 00 
.........oF...B=.H...........U....b.................U....b.................U....Z...............
.....U....Z.................U....d.................U....f...{.............U....f................
.U....f.................U......................U......................U........w.............U..
....................U........s.............U......................U......................U....6.
..7.............U....t...4............... ......................!........M............."........
4.............#........M.............$......................%........4.............&........4...
..........'........M.............(........F...........E..........2...........E.5..b...5.........
....E.=..C...=..........

