Client->GAME [12:46:13 07/15/09] packet size: 25 CRYPTED, Flags: 7f ServerSeq: 771 ClientSeq: 819
02 04 01 00 25 01 12 81 8e 14 00 00 00 03 00 00 00 16 00 00 00 03 00 00 00 
....%....................

GAME->Client [12:46:13 07/15/09] packet size: 39 CRYPTED, Flags: 7f ServerSeq: 804 ClientSeq: 769
02 03 0b 00 02 0e 00 43 e6 55 99 47 00 20 8a c4 d1 0f 8e 45 04 00 02 0c 76 77 f1 8f 47 00 20 8a 
c4 97 2b bf 45 00 00 
.......C.U.G. .....E....vw..G. ...+.E..

Client->GAME [12:46:13 07/15/09] packet size: 1 CRYPTED, Flags: 7f ServerSeq: 772 ClientSeq: 820
02 
.

GAME->Client [12:46:13 07/15/09] packet size: 39 CRYPTED, Flags: 7f ServerSeq: 805 ClientSeq: 770
02 03 0b 00 02 0e 00 3a e6 55 99 47 00 20 8a c4 d1 0f 8e 45 04 00 02 0c 76 56 f4 8f 47 00 20 8a 
c4 66 7d be 45 00 00 
.......:.U.G. .....E....vV..G. ..f}.E..

Client->GAME [12:46:14 07/15/09] packet size: 1 CRYPTED, Flags: 7f ServerSeq: 773 ClientSeq: 821
02 
.

GAME->Client [12:46:14 07/15/09] packet size: 700 CRYPTED, Flags: 7f ServerSeq: 806 ClientSeq: 772
82 5e 2d fb 48 04 01 01 29 1e 16 80 bc 15 00 ad 03 00 f7 03 00 00 08 02 00 00 00 00 01 00 00 00 
00 16 80 bc 15 00 ae 03 00 f7 03 00 00 07 02 ec ff ff ff 01 00 00 00 00 16 80 bc 15 00 af 03 00 
f7 03 00 00 50 04 00 00 00 00 01 00 00 00 00 16 80 bc 15 00 b0 03 00 f7 03 00 00 f4 03 00 00 00 
00 01 00 00 00 00 16 80 bc 15 00 b1 03 00 f7 03 00 00 51 04 f6 ff ff ff 01 00 00 00 00 16 80 bc 
15 00 b2 03 00 f7 03 00 00 52 04 0f 00 00 00 01 00 00 00 00 16 80 bc 11 00 b3 03 00 00 00 00 00 
cb 02 00 00 00 00 01 00 00 00 00 16 80 bc 56 00 f8 03 00 0a 95 00 00 06 04 02 00 00 00 01 00 00 
00 00 16 80 bc 56 00 f9 03 00 0a 95 00 00 b4 00 11 00 00 00 01 00 00 00 00 16 80 bc 56 00 fa 03 
00 0a 95 00 00 b5 00 11 00 00 00 01 00 00 00 00 16 80 bc 56 00 fb 03 00 0a 95 00 00 07 04 02 00 
00 00 01 00 00 00 00 16 80 bc 56 00 fc 03 00 8a b2 00 00 23 04 02 00 00 00 01 00 00 00 00 16 80 
bc 56 00 fd 03 00 8a b2 00 00 21 04 01 00 00 00 01 00 00 00 00 16 80 bc 56 00 fe 03 00 8a b2 00 
00 b4 00 1d 00 00 00 01 00 00 00 00 16 80 bc 56 00 ff 03 00 8a b2 00 00 09 04 1d 00 00 00 01 00 
00 00 00 16 80 bc 56 00 00 04 00 8a b2 00 00 9d 00 1d 00 00 00 01 00 00 00 00 16 80 bc 56 00 01 
04 00 8a b2 00 00 06 04 01 00 00 00 01 00 00 00 00 16 80 bc 56 00 02 04 00 24 b3 00 00 89 02 02 
00 00 00 01 00 00 00 00 16 80 bc 56 00 03 04 00 24 b3 00 00 1a 04 01 00 00 00 01 00 00 00 00 16 
80 bc 56 00 04 04 00 24 b3 00 00 b4 00 21 00 00 00 01 00 00 00 00 16 80 bc 56 00 05 04 00 24 b3 
00 00 09 04 21 00 00 00 01 00 00 00 00 16 80 bc 56 00 06 04 00 24 b3 00 00 15 04 02 00 00 00 01 
00 00 00 00 16 80 bc 56 00 07 04 00 24 b3 00 00 b5 00 21 00 00 00 01 00 00 00 00 16 80 bc 56 00 
08 04 00 95 a7 00 00 b4 00 12 00 00 00 01 00 00 00 00 16 80 bc 56 00 09 04 00 95 a7 00 00 b5 00 
12 00 00 00 01 00 00 00 00 16 80 bc 56 00 0a 04 00 95 a7 00 00 09 04 12 00 00 00 01 00 00 00 00 
16 80 bc 56 00 0b 04 00 95 a7 00 00 70 00 0f 00 00 00 01 00 00 00 00 16 80 bc 56 00 0c 04 00 2c 
b3 00 00 17 04 01 00 00 00 01 00 00 00 00 16 80 bc 56 00 0d 04 00 2c b3 00 00 b4 00 21 00 00 00 
01 00 00 00 00 16 80 bc 56 00 0e 04 00 2c b3 00 00 09 04 21 00 00 00 01 00 00 00 00 
.^-.H...)...........................................................P...........................
..................Q......................R....................................V.................
.....V......................V......................V......................V........#............
.V........!.............V......................V......................V......................V..
....................V....$.................V....$.................V....$.....!...........V....$.
....!...........V....$.................V....$.....!...........V......................V..........
............V......................V........p.............V....,.................V....,.....!...
........V....,.....!........

Client->GAME [12:46:14 07/15/09] packet size: 1 CRYPTED, Flags: 7f ServerSeq: 774 ClientSeq: 822
02 
.

GAME->Client [12:46:14 07/15/09] packet size: 696 CRYPTED, Flags: 7f ServerSeq: 807 ClientSeq: 773
02 04 01 01 47 1e 16 80 bc 56 00 0f 04 00 2c b3 00 00 12 04 02 00 00 00 01 00 00 00 00 16 80 bc 
56 00 10 04 00 2c b3 00 00 07 04 02 00 00 00 01 00 00 00 00 16 80 bc 56 00 11 04 00 2c b3 00 00 
b5 00 21 00 00 00 01 00 00 00 00 16 80 bc 56 00 12 04 00 c3 b2 00 00 89 02 02 00 00 00 01 00 00 
00 00 16 80 bc 56 00 13 04 00 c3 b2 00 00 21 04 02 00 00 00 01 00 00 00 00 16 80 bc 56 00 14 04 
00 c3 b2 00 00 b4 00 1f 00 00 00 01 00 00 00 00 16 80 bc 56 00 15 04 00 c3 b2 00 00 09 04 1f 00 
00 00 01 00 00 00 00 16 80 bc 56 00 16 04 00 c3 b2 00 00 1e 04 01 00 00 00 01 00 00 00 00 16 80 
bc 56 00 17 04 00 c3 b2 00 00 9d 00 1f 00 00 00 01 00 00 00 00 16 80 bc 55 00 21 04 00 02 00 00 
00 cc 00 0c 00 00 00 01 00 00 00 00 16 80 bc 55 00 2b 04 00 0b 00 00 00 37 02 96 00 00 00 01 00 
00 00 00 16 80 bc 55 00 2c 04 00 2d 00 00 00 23 04 0a 00 00 00 01 00 00 00 00 16 80 bc 55 00 2d 
04 00 2d 00 00 00 20 04 0a 00 00 00 01 00 00 00 00 16 80 bc 55 00 2e 04 00 2d 00 00 00 19 04 05 
00 00 00 01 00 00 00 00 16 80 bc 55 00 2f 04 00 2d 00 00 00 42 04 05 00 00 00 01 00 00 00 00 16 
80 bc 55 00 30 04 00 34 00 00 00 83 02 c8 00 00 00 01 00 00 00 00 16 80 bc 55 00 31 04 00 4b 00 
00 00 1f 04 19 00 00 00 01 00 00 00 00 16 80 bc 55 00 32 04 00 5f 00 00 00 7c 04 0f 00 00 00 01 
00 00 00 00 16 80 bc 55 00 33 04 00 5f 00 00 00 07 04 0f 00 00 00 01 00 00 00 00 16 80 bc 55 00 
34 04 00 62 00 00 00 06 04 01 00 00 00 01 00 00 00 00 16 80 bc 55 00 35 04 00 62 00 00 00 15 04 
01 00 00 00 01 00 00 00 00 16 80 bc 55 00 36 04 00 5a 01 00 00 07 04 05 00 00 00 01 00 00 00 00 
16 80 bc 55 00 37 04 00 5a 01 00 00 1d 04 0f 00 00 00 01 00 00 00 00 16 80 bc 55 00 38 04 00 64 
01 00 00 1f 04 05 00 00 00 01 00 00 00 00 16 80 bc 55 00 39 04 00 66 01 00 00 7b 04 05 00 00 00 
01 00 00 00 00 16 80 bc 55 00 3a 04 00 66 01 00 00 12 04 0a 00 00 00 01 00 00 00 00 16 80 bc 55 
00 3b 04 00 66 01 00 00 06 04 0b 00 00 00 01 00 00 00 00 16 80 bc 55 00 3c 04 00 8e 01 00 00 03 
04 05 00 00 00 01 00 00 00 00 16 80 bc 55 00 3d 04 00 8e 01 00 00 12 04 0f 00 00 00 01 00 00 00 
00 16 80 bc 55 00 3e 04 00 8e 01 00 00 77 04 05 00 00 00 01 00 00 00 00 
....G....V....,.................V....,.................V....,.....!...........V.................
.....V........!.............V......................V......................V.....................
.V......................U.!....................U.+......7.............U.,..-...#.............U.-
..-... .............U....-.................U./..-...B.............U.0..4.................U.1..K.
................U.2.._...|.............U.3.._.................U.4..b.................U.5..b.....
............U.6..Z.................U.7..Z.................U.8..d.................U.9..f...{.....
........U.:..f.................U.;..f.................U.<....................U.=................
....U.>......w..........

Client->GAME [12:46:14 07/15/09] packet size: 1 CRYPTED, Flags: 7f ServerSeq: 775 ClientSeq: 823
02 
.

GAME->Client [12:46:14 07/15/09] packet size: 700 CRYPTED, Flags: 7f ServerSeq: 808 ClientSeq: 774
02 04 02 01 65 03 16 80 bc 55 00 3f 04 00 cd 01 00 00 e5 03 05 00 00 00 01 00 00 00 00 16 80 bc 
55 00 40 04 00 cd 01 00 00 73 04 05 00 00 00 01 00 00 00 00 16 80 bc 55 00 41 04 00 cd 01 00 00 
e3 03 0f 00 00 00 01 00 00 00 00 01 68 1c 16 80 bc 55 00 42 04 00 d5 01 00 00 e3 03 05 00 00 00 
01 00 00 00 00 16 80 bc 55 00 43 04 00 36 02 00 00 37 02 0a 00 00 00 01 00 00 00 00 16 80 bc 55 
00 44 04 00 74 02 00 00 34 02 1e 00 00 00 01 00 00 00 00 16 80 bc 15 00 45 04 00 11 00 00 00 ab 
00 0d 00 00 00 01 00 00 00 00 16 80 bc 15 00 46 04 00 11 00 00 00 0a 02 4d 00 00 00 01 00 00 00 
00 16 80 bc 15 00 47 04 00 11 00 00 00 f2 03 34 00 00 00 01 00 00 00 00 16 80 bc 15 00 48 04 00 
11 00 00 00 ed 03 4d 00 00 00 01 00 00 00 00 16 80 bc 15 00 49 04 00 11 00 00 00 9f 00 19 00 00 
00 01 00 00 00 00 16 80 bc 15 00 4a 04 00 11 00 00 00 f1 03 34 00 00 00 01 00 00 00 00 16 80 bc 
15 00 4b 04 00 11 00 00 00 0c 02 34 00 00 00 01 00 00 00 00 16 80 bc 15 00 4c 04 00 11 00 00 00 
b7 00 4d 00 00 00 01 00 00 00 00 16 80 bc 15 00 4d 04 00 11 00 00 00 f3 03 46 00 00 00 01 00 00 
00 00 0b 80 bd 05 11 00 00 00 00 00 00 00 16 80 bc 15 00 4e 04 00 11 00 00 00 ab 00 0c 00 00 00 
00 00 00 00 00 16 80 bc 15 00 4f 04 00 11 00 00 00 0a 02 4b 00 00 00 00 00 00 00 00 16 80 bc 15 
00 50 04 00 11 00 00 00 f2 03 31 00 00 00 00 00 00 00 00 16 80 bc 15 00 51 04 00 11 00 00 00 ed 
03 4b 00 00 00 00 00 00 00 00 16 80 bc 15 00 52 04 00 11 00 00 00 9f 00 19 00 00 00 00 00 00 00 
00 16 80 bc 15 00 53 04 00 11 00 00 00 f1 03 31 00 00 00 00 00 00 00 00 16 80 bc 15 00 54 04 00 
11 00 00 00 0c 02 34 00 00 00 00 00 00 00 00 16 80 bc 15 00 55 04 00 11 00 00 00 b7 00 46 00 00 
00 00 00 00 00 00 16 80 bc 15 00 56 04 00 11 00 00 00 f3 03 46 00 00 00 00 00 00 00 00 0b 80 bd 
05 11 00 00 00 00 00 00 01 16 80 bc 15 00 4e 04 00 11 00 00 00 ab 00 0c 00 00 00 01 00 00 00 00 
16 80 bc 15 00 4f 04 00 11 00 00 00 0a 02 4b 00 00 00 01 00 00 00 00 16 80 bc 15 00 50 04 00 11 
00 00 00 f2 03 31 00 00 00 01 00 00 00 00 16 80 bc 15 00 51 04 00 11 00 00 00 ed 03 4b 00 00 00 
01 00 00 00 00 16 80 bc 15 00 52 04 00 11 00 00 00 9f 00 19 00 00 00 01 00 00 00 00 
....e....U.?....................U.@......s.............U.A..................h....U.B............
........U.C..6...7.............U.D..t...4...............E......................F........M.......
......G........4.............H........M.............I......................J........4...........
..K........4.............L........M.............M........F.........................N............
..........O........K.............P........1.............Q........K.............R................
......S........1.............T........4.............U........F.............V........F...........
..............N......................O........K.............P........1.............Q........K...
..........R.................

Client->GAME [12:46:14 07/15/09] packet size: 1 CRYPTED, Flags: 7f ServerSeq: 776 ClientSeq: 824
02 
.

GAME->Client [12:46:14 07/15/09] packet size: 269 CRYPTED, Flags: 7f ServerSeq: 809 ClientSeq: 775
02 04 01 01 84 11 16 80 bc 15 00 53 04 00 11 00 00 00 f1 03 31 00 00 00 01 00 00 00 00 16 80 bc 
15 00 54 04 00 11 00 00 00 0c 02 34 00 00 00 01 00 00 00 00 16 80 bc 15 00 55 04 00 11 00 00 00 
b7 00 46 00 00 00 01 00 00 00 00 16 80 bc 15 00 56 04 00 11 00 00 00 f3 03 46 00 00 00 01 00 00 
00 00 04 80 b3 11 00 16 80 bc 45 03 11 00 00 02 00 00 00 11 00 32 00 00 00 01 00 00 00 00 04 80 
b3 35 04 16 80 bc 45 03 35 04 00 62 00 00 00 35 04 00 00 00 00 01 00 00 00 00 04 80 b3 3d 04 16 
80 bc 45 03 3d 04 00 43 00 00 00 3d 04 00 00 00 00 01 00 00 00 00 04 80 b3 3e 04 16 80 bc 45 03 
3e 04 00 4f 01 00 00 3e 04 00 00 00 00 01 00 00 00 00 04 80 b3 3f 04 16 80 bc 45 03 3f 04 00 64 
01 00 00 3f 04 00 00 00 00 01 00 00 00 00 04 80 b3 40 04 16 80 bc 45 03 40 04 00 d5 01 00 00 40 
04 00 00 00 00 01 00 00 00 00 02 81 07 
...........S........1.............T........4.............U........F.............V........F......
..........E..........2...........5....E.5..b...5.............=....E.=..C...=.............>....E.
>..O...>.............?....E.?..d...?.............@....E.@......@.............

Client->GAME [12:46:14 07/15/09] packet size: 13 CRYPTED, Flags: 7f ServerSeq: 777 ClientSeq: 825
02 04 01 00 26 01 06 81 08 00 00 00 00 
....&........

GAME->Client [12:46:14 07/15/09] packet size: 1 CRYPTED, Flags: 7f ServerSeq: 810 ClientSeq: 777
02 
.

GAME->Client [12:46:15 07/15/09] packet size: 1 CRYPTED, Flags: 7f ServerSeq: 811 ClientSeq: 777
42 
B

GAME->Client [12:46:15 07/15/09] packet size: 5 CRYPTED, Flags: 7f ServerSeq: 812 ClientSeq: 777
c2 86 2d fb 48 
..-.H

Client->GAME [12:46:15 07/15/09] packet size: 1 CRYPTED, Flags: 7f ServerSeq: 780 ClientSeq: 826
02 
.

GAME->Client [12:46:15 07/15/09] packet size: 1 CRYPTED, Flags: 7f ServerSeq: 813 ClientSeq: 777
42 
B

Client->GAME [12:46:15 07/15/09] packet size: 1 CRYPTED, Flags: 7f ServerSeq: 781 ClientSeq: 827
42 
B

GAME->Client [12:46:15 07/15/09] packet size: 1 CRYPTED, Flags: 7f ServerSeq: 814 ClientSeq: 778
42 
B

Client->GAME [12:46:15 07/15/09] packet size: 13 CRYPTED, Flags: 0 ServerSeq: 0 ClientSeq: 1
22 04 01 00 00 01 06 81 51 00 00 00 00 
".......Q....

GAME->Client [12:46:15 07/15/09] packet size: 1 CRYPTED, Flags: 7f ServerSeq: 815 ClientSeq: 779
42 
B

GAME->Client [12:46:16 07/15/09] packet size: 72 CRYPTED, Flags: 1 ServerSeq: 2 ClientSeq: 1
02 04 01 00 03 01 41 81 67 17 00 27 00 1c 22 00 c6 01 11 00 00 00 00 00 00 00 37 00 00 08 0e 00 
41 66 74 65 72 57 68 6f 72 75 4e 65 6f 00 0e 00 41 66 74 65 72 57 68 6f 72 75 4e 65 6f 00 02 00 
4b 00 00 00 00 00 00 00 
......A.g..'.."...........7.....AfterWhoruNeo...AfterWhoruNeo...K.......

Client->GAME [12:46:16 07/15/09] packet size: 1 CRYPTED, Flags: 2 ServerSeq: 2 ClientSeq: 2
02 
.

GAME->Client [12:46:16 07/15/09] packet size: 138 CRYPTED, Flags: 3 ServerSeq: 3 ClientSeq: 2
02 04 01 00 00 03 6d 06 0e 00 03 00 00 00 98 2d fb 48 01 42 00 32 00 72 65 73 6f 75 72 63 65 2f 
77 6f 72 6c 64 73 2f 66 69 6e 61 6c 5f 77 6f 72 6c 64 2f 69 6e 74 65 72 6e 61 74 69 6f 6e 61 6c 
2f 69 74 2e 6d 65 74 72 00 29 00 48 61 6c 6c 6f 77 65 65 6e 5f 45 76 65 6e 74 2c 57 69 6e 74 65 
72 33 50 6c 75 73 48 61 6c 6c 6f 77 65 65 6e 54 53 45 43 00 0a 80 e5 e7 cb c0 12 00 00 00 00 0a 
80 e4 bc 58 7a 00 00 00 00 00 
......m........-.H.B.2.resource/worlds/final_world/international/it.metr.).Halloween_Event,Winte
r3PlusHalloweenTSEC................Xz.....

Client->GAME [12:46:16 07/15/09] packet size: 6 CRYPTED, Flags: 5 ServerSeq: 3 ClientSeq: 3
02 05 02 0c 00 00 
......

GAME->Client [12:46:17 07/15/09] packet size: 1 CRYPTED, Flags: 7 ServerSeq: 4 ClientSeq: 3
02 
.

Client->GAME [12:46:19 07/15/09] packet size: 8 CRYPTED, Flags: 5 ServerSeq: 3 ClientSeq: 4
02 04 01 00 01 01 01 05 
........

GAME->Client [12:46:20 07/15/09] packet size: 223 CRYPTED, Flags: f ServerSeq: 5 ClientSeq: 4
82 29 2e fb 48 03 01 00 0c 0c 00 28 cd ab 1c 8b 81 ff 71 02 00 00 41 6e 64 65 72 73 6f 6e 00 00 
00 00 00 00 00 00 00 00 00 00 00 00 00 00 00 00 00 00 00 00 00 00 90 54 68 6f 6d 61 73 00 00 00 
00 00 00 00 00 00 00 00 00 00 00 00 00 00 00 00 00 00 00 00 00 00 00 80 d8 28 0a 0c 00 00 00 01 
8e 81 ff f7 00 31 5e 00 00 c6 67 00 41 66 74 65 72 57 68 6f 72 75 4e 65 6f 00 00 00 00 00 00 00 
00 00 00 00 00 00 00 00 00 00 00 00 28 0a fd 64 01 00 00 67 00 75 d4 01 00 4b b1 00 00 00 00 73 
1a e9 88 80 60 04 00 02 8e 00 00 00 f7 00 9d 00 00 00 00 00 f3 e6 40 00 00 00 00 00 44 91 c0 00 
00 00 00 80 38 ea c0 81 ff 32 22 80 89 46 d4 a6 1e 40 1c 01 11 00 00 00 67 00 02 00 00 00 00 
.)..H......(......q...Anderson.........................Thomas............................(......
.....1^...g.AfterWhoruNeo...................(..d...g.u...K.....s....`.................@.....D...
....8....2"..F...@......g......

Client->GAME [12:46:21 07/15/09] packet size: 55 CRYPTED, Flags: 17 ServerSeq: 5 ClientSeq: 5
02 03 02 00 02 60 08 41 6e 64 65 72 73 6f 6e 06 54 68 6f 6d 61 73 00 00 04 01 00 02 05 02 80 be 
07 3f 4e 00 10 00 00 00 08 3e 6b 00 10 00 00 00 00 02 81 48 02 0c 01 
.....`.Anderson.Thomas...........?N......>k........H...

GAME->Client [12:46:21 07/15/09] packet size: 720 CRYPTED, Flags: 1f ServerSeq: 6 ClientSeq: 5
02 03 01 00 08 43 1b 06 00 90 15 a8 cd ab 03 84 00 00 00 00 f3 04 35 3f 00 00 00 00 f3 04 35 3f 
11 00 00 00 00 00 da e6 40 00 00 00 00 00 7c 90 c0 00 00 00 00 80 ed e9 c0 ff ff ff ff 27 00 00 
01 00 0c 57 02 29 cd ab 13 8e 50 68 6f 65 6e 69 78 20 45 6d 62 65 72 00 00 00 00 00 00 00 00 00 
00 00 00 00 00 00 00 00 00 00 00 10 00 00 22 d4 d2 6c 1c 00 c6 01 80 d1 e6 09 00 58 0a 00 00 00 
d0 b3 d1 e6 40 00 00 00 00 00 44 91 c0 00 00 00 8c a8 5f ec c0 c0 01 83 01 02 a8 0e 58 02 b2 09 
58 02 07 08 00 00 81 b5 02 00 00 02 03 25 00 00 01 00 0c 57 02 2a cd ab 12 8e 50 68 6f 65 6e 69 
78 20 45 6d 62 65 72 00 00 00 00 00 00 00 00 00 00 00 00 00 00 00 00 00 00 00 00 10 00 00 22 d4 
d3 6c 1c 00 c6 01 80 c1 e6 09 00 58 00 00 00 80 71 ec e6 40 00 00 00 00 00 44 91 c0 00 00 00 dc 
87 3b ec c0 c0 01 83 05 02 a8 0e 58 02 b2 09 58 02 07 08 00 00 81 b5 02 00 00 02 03 23 00 00 01 
00 0c 57 02 2b cd ab 12 8e 50 68 6f 65 6e 69 78 20 45 6d 62 65 72 00 00 00 00 00 00 00 00 00 00 
00 00 00 00 00 00 00 00 00 00 10 00 00 22 d4 24 6c 1c 00 c6 01 80 c1 e6 09 00 58 00 00 00 68 95 
97 e4 40 00 00 00 00 00 f8 8b 40 00 00 00 28 e0 59 e9 c0 c0 01 83 04 02 a8 0e 58 02 b2 09 58 02 
07 08 00 00 81 b5 02 00 00 02 03 21 00 00 01 00 08 43 1b 04 00 90 15 a7 cd ab 03 84 00 00 00 00 
f3 04 35 3f 00 00 00 00 f3 04 35 3f 11 00 00 00 00 00 da e6 40 00 00 00 00 00 7c 90 c0 00 00 00 
00 80 06 ea c0 ff ff ff ff 19 00 00 00 00 04 01 00 04 0b 16 80 bc 56 00 55 04 00 0a 95 00 00 06 
04 02 00 00 00 01 00 00 00 00 16 80 bc 56 00 56 04 00 0a 95 00 00 b4 00 11 00 00 00 01 00 00 00 
00 16 80 bc 56 00 57 04 00 0a 95 00 00 b5 00 11 00 00 00 01 00 00 00 00 16 80 bc 56 00 58 04 00 
0a 95 00 00 07 04 02 00 00 00 01 00 00 00 00 16 80 bc 56 00 99 04 00 0a 95 00 00 06 04 02 00 00 
00 00 00 00 00 00 16 80 bc 56 00 9a 04 00 0a 95 00 00 b4 00 11 00 00 00 00 00 00 00 00 16 80 bc 
56 00 9b 04 00 0a 95 00 00 b5 00 11 00 00 00 00 00 00 00 00 16 80 bc 56 00 9c 04 00 0a 95 00 00 
07 04 02 00 00 00 00 00 00 00 00 16 80 bc 56 00 59 04 00 8a b2 00 00 23 04 02 00 00 00 01 00 00 
00 00 16 80 bc 56 00 5a 04 00 8a b2 00 00 21 04 01 00 00 00 01 00 00 00 00 16 80 bc 56 00 5b 04 
00 8a b2 00 00 b4 00 1d 00 00 00 01 00 00 00 00 
.....C................5?......5?........@.....|..............'.....W.)....Phoenix Ember.........
.............."..l.........X........@.....D......._.........X...X............%.....W.*....Phoeni
x Ember......................."..l.........X....q..@.....D.......;.........X...X............#...
..W.+....Phoenix Ember.......................".$l.........X...h...@.......@...(.Y.........X...X.
...........!.....C................5?......5?........@.....|...........................V.U.......
.............V.V....................V.W....................V.X....................V.............
.........V......................V......................V......................V.Y......#........
.....V.Z......!.............V.[.................

GAME->Client [12:46:21 07/15/09] packet size: 732 CRYPTED, Flags: 1f ServerSeq: 7 ClientSeq: 5
82 49 2e fb 48 03 01 00 0c 57 02 2c cd ab 12 8e 50 68 6f 65 6e 69 78 20 41 73 68 00 00 00 00 00 
00 00 00 00 00 00 00 00 00 00 00 00 00 00 00 00 00 10 00 00 22 d4 59 68 1c 00 c6 01 80 c1 e6 09 
00 58 00 00 00 f0 13 e8 e4 40 00 00 00 00 00 44 91 c0 00 00 00 68 51 80 e7 c0 c0 01 83 05 02 a8 
0b e7 01 b2 09 e7 01 07 08 00 00 81 b5 02 00 00 02 02 1f 00 00 01 00 0c 57 02 2d cd ab 11 8e 50 
68 6f 65 6e 69 78 20 50 79 72 65 00 00 00 00 00 00 00 00 00 00 00 00 00 00 00 00 00 00 00 00 00 
10 00 00 22 d4 ae 6d 1c 00 c6 01 80 c1 e4 09 00 58 00 00 00 fa 8f fa e7 40 00 00 00 00 00 44 91 
c0 00 00 00 00 88 63 eb c0 c0 01 82 01 a8 0e 20 03 b2 04 20 03 07 08 00 00 81 b5 02 00 00 02 03 
1d 00 00 01 00 0c 57 02 2e cd ab 13 8e 50 68 6f 65 6e 69 78 20 45 6d 62 65 72 00 00 00 00 00 00 
00 00 00 00 00 00 00 00 00 00 00 00 00 00 10 00 00 22 d4 c4 6c 1c 00 c6 01 80 d1 e6 09 00 58 0a 
00 00 00 e8 aa b6 e5 40 00 00 00 00 00 f8 8b 40 00 00 00 20 12 ae e8 c0 c0 01 83 01 02 a8 0e 58 
02 b2 09 58 02 07 08 00 00 81 b5 02 00 00 02 03 1b 00 00 01 00 0c 57 02 2f cd ab 11 8e 50 68 6f 
65 6e 69 78 20 41 73 68 00 00 00 00 00 00 00 00 00 00 00 00 00 00 00 00 00 00 00 00 00 00 10 00 
00 22 d4 3b 68 1c 00 c6 01 80 c1 e6 09 00 58 00 00 00 f0 6b 36 e5 40 00 00 00 00 00 44 91 c0 00 
00 00 f8 53 71 e7 c0 c0 01 82 02 a8 0b e7 01 b2 09 e7 01 07 08 00 00 81 b5 02 00 00 02 02 17 00 
00 00 00 04 01 00 0f 0c 16 80 bc 56 00 5c 04 00 8a b2 00 00 09 04 1d 00 00 00 01 00 00 00 00 16 
80 bc 56 00 5d 04 00 8a b2 00 00 9d 00 1d 00 00 00 01 00 00 00 00 16 80 bc 56 00 5e 04 00 8a b2 
00 00 06 04 01 00 00 00 01 00 00 00 00 16 80 bc 56 00 9d 04 00 8a b2 00 00 23 04 02 00 00 00 00 
00 00 00 00 16 80 bc 56 00 9e 04 00 8a b2 00 00 21 04 01 00 00 00 00 00 00 00 00 16 80 bc 56 00 
9f 04 00 8a b2 00 00 b4 00 1d 00 00 00 00 00 00 00 00 16 80 bc 56 00 a0 04 00 8a b2 00 00 09 04 
1d 00 00 00 00 00 00 00 00 16 80 bc 56 00 a1 04 00 8a b2 00 00 9d 00 1d 00 00 00 00 00 00 00 00 
16 80 bc 56 00 a2 04 00 8a b2 00 00 06 04 01 00 00 00 00 00 00 00 00 16 80 bc 56 00 5f 04 00 24 
b3 00 00 89 02 02 00 00 00 01 00 00 00 00 16 80 bc 56 00 60 04 00 24 b3 00 00 1a 04 01 00 00 00 
01 00 00 00 00 16 80 bc 56 00 61 04 00 24 b3 00 00 b4 00 21 00 00 00 01 00 00 00 00 
.I..H....W.,....Phoenix Ash.........................".Yh.........X.......@.....D.....hQ.........
........................W.-....Phoenix Pyre........................"..m.........X.......@.....D.
......c........ ... ..................W......Phoenix Ember......................."..l.........X.
.......@.......@... ...........X...X..................W./....Phoenix Ash........................
.".;h.........X....k6.@.....D......Sq......................................V.\..................
..V.]....................V.^....................V........#.............V........!.............V.
.....................V......................V......................V......................V._..$
.................V.`..$.................V.a..$.....!........

Client->GAME [12:46:21 07/15/09] packet size: 1 CRYPTED, Flags: 5f ServerSeq: 7 ClientSeq: 6
02 
.

GAME->Client [12:46:21 07/15/09] packet size: 720 CRYPTED, Flags: 1f ServerSeq: 8 ClientSeq: 5
02 03 01 00 02 13 00 25 00 02 0c d1 e3 75 36 47 00 20 8a c4 59 f2 62 c7 01 00 02 13 00 23 00 02 
0c c7 8c 63 37 47 00 20 8a c4 3f dc 61 c7 01 00 02 13 00 21 00 02 0c 30 ab bc 24 47 00 c0 5f 44 
01 cf 4a c7 01 00 02 14 00 1f 00 02 0e 00 4d a0 40 27 47 00 20 8a c4 8b 02 3c c7 01 00 0c 57 02 
30 cd ab 13 8e 50 68 6f 65 6e 69 78 20 45 6d 62 65 72 00 00 00 00 00 00 00 00 00 00 00 00 00 00 
00 00 00 00 00 00 10 00 00 22 d4 75 6c 1c 00 c6 01 80 d1 e6 09 00 58 0a 00 00 00 ea 54 af e8 40 
00 00 00 00 00 f8 8b 40 00 00 00 98 e9 9f ec c0 c0 01 83 01 02 a8 0e 58 02 b2 09 58 02 07 08 00 
00 81 b5 02 00 00 02 03 15 00 00 01 00 0c 57 02 31 cd ab 13 8e 50 68 6f 65 6e 69 78 20 45 6d 62 
65 72 00 00 00 00 00 00 00 00 00 00 00 00 00 00 00 00 00 00 00 00 10 00 00 22 d4 49 6c 1c 00 c6 
01 80 d1 e6 09 00 58 0a 00 00 00 52 0d ad e8 40 00 00 00 00 00 44 91 c0 00 00 00 d0 9a 7f e7 c0 
c0 01 83 01 02 a8 0e 58 02 b2 09 58 02 07 08 00 00 81 b5 02 00 00 02 03 13 00 00 01 00 0c 57 02 
32 cd ab 12 8e 50 68 6f 65 6e 69 78 20 54 69 6e 64 65 72 00 00 00 00 00 00 00 00 00 00 00 00 00 
00 00 00 00 00 00 10 00 00 22 d4 b2 6b 1c 00 c6 01 80 c1 e1 09 00 58 00 00 00 6a 3d d3 e7 40 00 
00 00 00 00 44 91 c0 00 00 00 ac 82 e1 eb c0 c0 01 83 04 03 a8 0e 90 01 b2 09 90 01 07 08 00 00 
81 b5 02 00 00 02 03 11 00 00 01 00 08 50 02 6a 04 90 15 a9 cd ab 02 09 00 00 00 00 80 e6 e6 40 
00 00 00 00 00 b0 90 c0 00 00 00 00 80 38 ea c0 00 00 00 00 f2 04 35 3f 00 00 00 00 f3 04 35 3f 
0b 00 00 00 00 04 01 00 1b 0a 16 80 bc 56 00 62 04 00 24 b3 00 00 09 04 21 00 00 00 01 00 00 00 
00 16 80 bc 56 00 63 04 00 24 b3 00 00 15 04 02 00 00 00 01 00 00 00 00 16 80 bc 56 00 64 04 00 
24 b3 00 00 b5 00 21 00 00 00 01 00 00 00 00 16 80 bc 56 00 a3 04 00 24 b3 00 00 89 02 02 00 00 
00 00 00 00 00 00 16 80 bc 56 00 a4 04 00 24 b3 00 00 1a 04 01 00 00 00 00 00 00 00 00 16 80 bc 
56 00 a5 04 00 24 b3 00 00 b4 00 21 00 00 00 00 00 00 00 00 16 80 bc 56 00 a6 04 00 24 b3 00 00 
09 04 21 00 00 00 00 00 00 00 00 16 80 bc 56 00 a7 04 00 24 b3 00 00 15 04 02 00 00 00 00 00 00 
00 00 16 80 bc 56 00 a8 04 00 24 b3 00 00 b5 00 21 00 00 00 00 00 00 00 00 16 80 bc 56 00 65 04 
00 95 a7 00 00 b4 00 12 00 00 00 01 00 00 00 00 
.......%.....u6G. ..Y.b......#.....c7G. ..?.a......!...0..$G.._D..J...........M.@'G. ....<....W.
0....Phoenix Ember.......................".ul.........X.....T..@.......@...............X...X....
..............W.1....Phoenix Ember.......................".Il.........X....R...@.....D..........
.......X...X..................W.2....Phoenix Tinder......................"..k.........X...j=..@.
....D........................................P.j...............@.............8........5?......5?
.............V.b..$.....!...........V.c..$.................V.d..$.....!...........V....$........
.........V....$.................V....$.....!...........V....$.....!...........V....$............
.....V....$.....!...........V.e.................

Client->GAME [12:46:21 07/15/09] packet size: 1 CRYPTED, Flags: 3f ServerSeq: 8 ClientSeq: 7
02 
.

GAME->Client [12:46:21 07/15/09] packet size: 728 CRYPTED, Flags: 3f ServerSeq: 9 ClientSeq: 6
02 03 01 00 02 13 00 15 00 02 0c 78 66 7d 45 47 00 c0 5f 44 1c 0d 65 c7 01 00 02 13 00 11 00 02 
0c b8 eb 99 3e 47 00 20 8a c4 15 0c 5f c7 01 00 0c 57 02 33 cd ab 10 8e 50 68 6f 65 6e 69 78 20 
45 6d 62 65 72 00 00 00 00 00 00 00 00 00 00 00 00 00 00 00 00 00 00 00 00 10 00 00 22 d0 6c 1c 
00 c6 01 80 c1 e6 09 00 58 00 00 00 00 20 1a e6 40 00 00 00 00 00 f8 8b 40 00 00 00 60 6c 97 e8 
c0 c0 01 82 02 a8 0e 58 02 b2 09 58 02 07 08 00 00 81 b5 02 00 00 02 03 0f 00 00 01 00 0c 57 02 
34 cd ab 13 8e 50 68 6f 65 6e 69 78 20 54 69 6e 64 65 72 00 00 00 00 00 00 00 00 00 00 00 00 00 
00 00 00 00 00 00 10 00 00 22 d4 88 6b 1c 00 c6 01 80 d1 e2 09 00 58 0a 00 00 e0 d1 3d 85 e7 40 
00 00 00 00 00 44 91 c0 00 00 00 c8 6d cb eb c0 c0 01 83 01 03 a8 0e 90 01 b2 09 90 01 07 08 00 
00 81 b5 02 00 00 02 03 0d 00 00 01 00 0c 57 02 35 cd ab 13 8e 50 68 6f 65 6e 69 78 20 45 6d 62 
65 72 00 00 00 00 00 00 00 00 00 00 00 00 00 00 00 00 00 00 00 00 10 00 00 22 d4 27 6c 1c 00 c6 
01 80 d1 e6 09 00 58 0a 00 00 00 28 64 83 e8 40 00 00 00 00 00 44 91 c0 00 00 00 c0 22 ad e7 c0 
c0 01 83 01 02 a8 0e 58 02 b2 09 58 02 07 08 00 00 81 b5 02 00 00 02 03 09 00 00 01 00 0c 57 02 
36 cd ab 13 8e 50 68 6f 65 6e 69 78 20 45 6d 62 65 72 00 00 00 00 00 00 00 00 00 00 00 00 00 00 
00 00 00 00 00 00 10 00 00 22 d4 5a 6c 1c 00 c6 01 80 d1 e6 09 00 58 0a 00 00 00 f8 18 78 e4 40 
00 00 00 00 00 f8 8b 40 00 00 00 88 58 c4 e9 c0 c0 01 83 01 02 a8 0e 58 02 b2 09 58 02 07 08 00 
00 81 b5 02 00 00 02 03 07 00 00 00 00 04 01 00 25 0a 16 80 bc 56 00 66 04 00 95 a7 00 00 b5 00 
12 00 00 00 01 00 00 00 00 16 80 bc 56 00 67 04 00 95 a7 00 00 09 04 12 00 00 00 01 00 00 00 00 
16 80 bc 56 00 68 04 00 95 a7 00 00 70 00 0f 00 00 00 01 00 00 00 00 16 80 bc 56 00 a9 04 00 95 
a7 00 00 b4 00 12 00 00 00 00 00 00 00 00 16 80 bc 56 00 aa 04 00 95 a7 00 00 b5 00 12 00 00 00 
00 00 00 00 00 16 80 bc 56 00 ab 04 00 95 a7 00 00 09 04 12 00 00 00 00 00 00 00 00 16 80 bc 56 
00 ac 04 00 95 a7 00 00 70 00 0f 00 00 00 00 00 00 00 00 16 80 bc 56 00 69 04 00 2c b3 00 00 17 
04 01 00 00 00 01 00 00 00 00 16 80 bc 56 00 6a 04 00 2c b3 00 00 b4 00 21 00 00 00 01 00 00 00 
00 16 80 bc 56 00 6b 04 00 2c b3 00 00 09 04 21 00 00 00 01 00 00 00 00 
...........xf}EG.._D..e.............>G. ...._....W.3....Phoenix Ember.......................".l.
........X.... ..@.......@...`l.........X...X..................W.4....Phoenix Tinder.............
........."..k.........X.....=..@.....D......m.................................W.5....Phoenix Emb
er.......................".'l.........X....(d..@.....D......"..........X...X..................W.
6....Phoenix Ember.......................".Zl.........X......x.@.......@....X..........X...X....
................%....V.f....................V.g....................V.h......p.............V.....
.................V......................V......................V........p.............V.i..,....
.............V.j..,.....!...........V.k..,.....!........

Client->GAME [12:46:21 07/15/09] packet size: 1 CRYPTED, Flags: 7f ServerSeq: 9 ClientSeq: 8
02 
.

GAME->Client [12:46:21 07/15/09] packet size: 722 CRYPTED, Flags: 7f ServerSeq: 10 ClientSeq: 7
02 03 01 00 02 13 00 0d 00 02 0c 88 46 25 3c 47 00 20 8a c4 71 71 5e c7 01 00 02 12 00 09 00 02 
08 d7 2d 44 47 00 20 8a c4 96 5c 3d c7 01 00 0c 57 02 37 cd ab 11 8e 50 68 6f 65 6e 69 78 20 45 
6d 62 65 72 00 00 00 00 00 00 00 00 00 00 00 00 00 00 00 00 00 00 00 00 10 00 00 22 d4 9a 6c 1c 
00 c6 01 80 c1 e3 09 00 58 00 00 40 43 9e 7c e7 40 00 00 00 00 00 44 91 c0 00 00 00 54 01 62 eb 
c0 c0 01 82 02 a8 0e 58 02 b2 09 58 02 07 08 00 00 81 b5 02 00 00 02 03 05 00 00 01 00 0c 57 02 
38 cd ab 13 8e 50 68 6f 65 6e 69 78 20 45 6d 62 65 72 00 00 00 00 00 00 00 00 00 00 00 00 00 00 
00 00 00 00 00 00 10 00 00 22 d4 71 6c 1c 00 c6 01 80 d1 e6 09 00 58 0a 00 00 00 ce 00 b2 e8 40 
00 00 00 00 00 f8 8b 40 00 00 00 bc 39 a5 ec c0 c0 01 83 01 02 a8 0e 58 02 b2 09 58 02 07 08 00 
00 81 b5 02 00 00 02 03 03 00 00 25 00 02 0c d2 b5 54 36 47 00 20 8a c4 f6 e2 62 c7 23 00 02 0c 
b7 8c 63 37 47 00 20 8a c4 3f dc 61 c7 21 00 02 0e 00 40 ab bc 24 47 00 c0 5f 44 01 cf 4a c7 1f 
00 06 0c 41 a0 40 27 47 00 20 8a c4 8b 02 3c c7 80 80 80 80 c0 4c 0a 00 28 01 01 00 00 04 01 00 
2f 10 16 80 bc 56 00 6c 04 00 2c b3 00 00 12 04 02 00 00 00 01 00 00 00 00 16 80 bc 56 00 6d 04 
00 2c b3 00 00 07 04 02 00 00 00 01 00 00 00 00 16 80 bc 56 00 6e 04 00 2c b3 00 00 b5 00 21 00 
00 00 01 00 00 00 00 16 80 bc 56 00 ad 04 00 2c b3 00 00 17 04 01 00 00 00 00 00 00 00 00 16 80 
bc 56 00 ae 04 00 2c b3 00 00 b4 00 21 00 00 00 00 00 00 00 00 16 80 bc 56 00 af 04 00 2c b3 00 
00 09 04 21 00 00 00 00 00 00 00 00 16 80 bc 56 00 b0 04 00 2c b3 00 00 12 04 02 00 00 00 00 00 
00 00 00 16 80 bc 56 00 b1 04 00 2c b3 00 00 07 04 02 00 00 00 00 00 00 00 00 16 80 bc 56 00 b2 
04 00 2c b3 00 00 b5 00 21 00 00 00 00 00 00 00 00 16 80 bc 56 00 6f 04 00 c3 b2 00 00 89 02 02 
00 00 00 01 00 00 00 00 16 80 bc 56 00 70 04 00 c3 b2 00 00 21 04 02 00 00 00 01 00 00 00 00 16 
80 bc 56 00 71 04 00 c3 b2 00 00 b4 00 1f 00 00 00 01 00 00 00 00 16 80 bc 56 00 72 04 00 c3 b2 
00 00 09 04 1f 00 00 00 01 00 00 00 00 16 80 bc 56 00 73 04 00 c3 b2 00 00 1e 04 01 00 00 00 01 
00 00 00 00 16 80 bc 56 00 74 04 00 c3 b2 00 00 9d 00 1f 00 00 00 01 00 00 00 00 16 80 bc 56 00 
b3 04 00 c3 b2 00 00 89 02 02 00 00 00 00 00 00 00 00 
............F%<G. ..qq^...........-DG. ...\=....W.7....Phoenix Ember......................."..l.
........X..@C.|.@.....D.....T.b........X...X..................W.8....Phoenix Ember..............
.........".ql.........X........@.......@....9..........X...X...............%.....T6G. ....b.#...
..c7G. ..?.a.!....@..$G.._D..J.....A.@'G. ....<......L..(......./....V.l..,.................V.m.
.,.................V.n..,.....!...........V....,.................V....,.....!...........V....,..
...!...........V....,.................V....,.................V....,.....!...........V.o.........
...........V.p......!.............V.q....................V.r....................V.s.............
.......V.t....................V...................

Client->GAME [12:46:21 07/15/09] packet size: 1 CRYPTED, Flags: 7f ServerSeq: 10 ClientSeq: 9
02 
.

GAME->Client [12:46:21 07/15/09] packet size: 716 CRYPTED, Flags: 7f ServerSeq: 11 ClientSeq: 8
02 03 01 00 02 13 00 05 00 02 0c 9a f2 e4 3b 47 00 20 8a c4 0b 10 5b c7 01 00 02 13 00 03 00 02 
0c 71 26 99 45 47 00 c0 5f 44 75 41 65 c7 23 00 02 0c ac 8c 63 37 47 00 20 8a c4 3f dc 61 c7 21 
00 02 0e 00 45 ab bc 24 47 00 c0 5f 44 01 cf 4a c7 17 00 04 80 80 80 80 c0 4c 0a 00 28 01 01 13 
00 02 0c 48 f9 a4 45 47 00 20 8a c4 cc 09 3c c7 11 00 02 0e 00 cd eb 99 3e 47 00 20 8a c4 15 0c 
5f c7 00 00 04 02 00 3f 04 16 80 bc 56 00 b4 04 00 c3 b2 00 00 21 04 02 00 00 00 00 00 00 00 00 
16 80 bc 56 00 b5 04 00 c3 b2 00 00 b4 00 1f 00 00 00 00 00 00 00 00 16 80 bc 56 00 b6 04 00 c3 
b2 00 00 09 04 1f 00 00 00 00 00 00 00 00 16 80 bc 56 00 b7 04 00 c3 b2 00 00 1e 04 01 00 00 00 
00 00 00 00 00 00 43 16 16 80 bc 56 00 b8 04 00 c3 b2 00 00 9d 00 1f 00 00 00 00 00 00 00 00 16 
80 bc 15 00 90 04 00 11 00 00 00 ab 00 0d 00 00 00 01 00 00 00 00 16 80 bc 15 00 91 04 00 11 00 
00 00 0a 02 4d 00 00 00 01 00 00 00 00 16 80 bc 15 00 92 04 00 11 00 00 00 f2 03 34 00 00 00 01 
00 00 00 00 16 80 bc 15 00 93 04 00 11 00 00 00 ed 03 4d 00 00 00 01 00 00 00 00 16 80 bc 15 00 
94 04 00 11 00 00 00 9f 00 19 00 00 00 01 00 00 00 00 16 80 bc 15 00 95 04 00 11 00 00 00 f1 03 
34 00 00 00 01 00 00 00 00 16 80 bc 15 00 96 04 00 11 00 00 00 0c 02 34 00 00 00 01 00 00 00 00 
16 80 bc 15 00 97 04 00 11 00 00 00 b7 00 4d 00 00 00 01 00 00 00 00 16 80 bc 15 00 98 04 00 11 
00 00 00 f3 03 46 00 00 00 01 00 00 00 00 0b 80 bd 05 11 00 00 00 00 00 00 00 16 80 bc 15 00 b9 
04 00 11 00 00 00 ab 00 0d 00 00 00 00 00 00 00 00 16 80 bc 15 00 ba 04 00 11 00 00 00 0a 02 4d 
00 00 00 00 00 00 00 00 16 80 bc 15 00 bb 04 00 11 00 00 00 f2 03 34 00 00 00 00 00 00 00 00 16 
80 bc 15 00 bc 04 00 11 00 00 00 ed 03 4d 00 00 00 00 00 00 00 00 16 80 bc 15 00 bd 04 00 11 00 
00 00 9f 00 19 00 00 00 00 00 00 00 00 16 80 bc 15 00 be 04 00 11 00 00 00 f1 03 34 00 00 00 00 
00 00 00 00 16 80 bc 15 00 bf 04 00 11 00 00 00 0c 02 34 00 00 00 00 00 00 00 00 16 80 bc 15 00 
c0 04 00 11 00 00 00 b7 00 4d 00 00 00 00 00 00 00 00 16 80 bc 15 00 c1 04 00 11 00 00 00 f3 03 
46 00 00 00 00 00 00 00 00 0b 80 bd 05 11 00 00 00 00 00 00 01 16 80 bc 15 00 b9 04 00 11 00 00 
00 ab 00 0d 00 00 00 01 00 00 00 00 
..............;G. ....[..........q&.EG.._DuAe.#.....c7G. ..?.a.!....E..$G.._D..J.........L..(...
...H..EG. ....<.........>G. ...._......?....V........!.............V......................V.....
.................V....................C....V....................................................
....M......................4......................M.............................................
4......................4......................M......................F..........................
...............................M......................4......................M..................
...........................4......................4......................M......................
F...........................................

Client->GAME [12:46:21 07/15/09] packet size: 1 CRYPTED, Flags: 7f ServerSeq: 11 ClientSeq: 10
02 
.

GAME->Client [12:46:21 07/15/09] packet size: 707 CRYPTED, Flags: 7f ServerSeq: 12 ClientSeq: 9
02 03 23 00 02 0c a2 8c 63 37 47 00 20 8a c4 3f dc 61 c7 11 00 02 0e 00 d6 eb 99 3e 47 00 20 8a 
c4 15 0c 5f c7 0d 00 02 0c 89 22 1b 3c 47 00 20 8a c4 2c a0 5e c7 09 00 02 0c 27 22 55 44 47 00 
20 8a c4 56 41 3d c7 03 00 02 0c 70 7e a1 45 47 00 c0 5f 44 51 56 65 c7 00 00 04 01 00 59 1c 16 
80 bc 15 00 ba 04 00 11 00 00 00 0a 02 4d 00 00 00 01 00 00 00 00 16 80 bc 15 00 bb 04 00 11 00 
00 00 f2 03 34 00 00 00 01 00 00 00 00 16 80 bc 15 00 bc 04 00 11 00 00 00 ed 03 4d 00 00 00 01 
00 00 00 00 16 80 bc 15 00 bd 04 00 11 00 00 00 9f 00 19 00 00 00 01 00 00 00 00 16 80 bc 15 00 
be 04 00 11 00 00 00 f1 03 34 00 00 00 01 00 00 00 00 16 80 bc 15 00 bf 04 00 11 00 00 00 0c 02 
34 00 00 00 01 00 00 00 00 16 80 bc 15 00 c0 04 00 11 00 00 00 b7 00 4d 00 00 00 01 00 00 00 00 
16 80 bc 15 00 c1 04 00 11 00 00 00 f3 03 46 00 00 00 01 00 00 00 00 04 80 b3 11 00 16 80 bc 45 
03 11 00 00 02 00 00 00 11 00 32 00 00 00 01 00 00 00 00 16 80 bc 55 00 75 04 00 02 00 00 00 cc 
00 0c 00 00 00 01 00 00 00 00 08 80 b2 11 00 32 00 08 02 16 80 bc 45 03 11 00 00 02 00 00 00 11 
00 32 00 00 00 00 00 00 00 00 16 80 bc 55 00 c2 04 00 02 00 00 00 cc 00 0c 00 00 00 00 00 00 00 
00 16 80 bc 15 00 c3 04 00 11 00 00 00 ab 00 0d 00 00 00 00 00 00 00 00 16 80 bc 15 00 c4 04 00 
11 00 00 00 0a 02 4d 00 00 00 00 00 00 00 00 16 80 bc 15 00 c5 04 00 11 00 00 00 f2 03 34 00 00 
00 00 00 00 00 00 16 80 bc 15 00 c6 04 00 11 00 00 00 ed 03 4d 00 00 00 00 00 00 00 00 16 80 bc 
15 00 c7 04 00 11 00 00 00 9f 00 19 00 00 00 00 00 00 00 00 16 80 bc 15 00 c8 04 00 11 00 00 00 
f1 03 34 00 00 00 00 00 00 00 00 16 80 bc 15 00 c9 04 00 11 00 00 00 0c 02 34 00 00 00 00 00 00 
00 00 16 80 bc 15 00 ca 04 00 11 00 00 00 b7 00 4d 00 00 00 00 00 00 00 00 16 80 bc 15 00 cb 04 
00 11 00 00 00 f3 03 46 00 00 00 00 00 00 00 00 16 80 bc 55 00 76 04 00 0b 00 00 00 37 02 96 00 
00 00 01 00 00 00 00 16 80 bc 55 00 cc 04 00 0b 00 00 00 37 02 96 00 00 00 00 00 00 00 00 16 80 
bc 55 00 77 04 00 2d 00 00 00 23 04 0a 00 00 00 01 00 00 00 00 16 80 bc 55 00 78 04 00 2d 00 00 
00 20 04 0a 00 00 00 01 00 00 00 00 16 80 bc 55 00 79 04 00 2d 00 00 00 19 04 05 00 00 00 01 00 
00 00 00 
..#.....c7G. ..?.a.........>G. ...._......".<G. ..,.^.....'"UDG. ..VA=.....p~.EG.._DQVe......Y..
.............M......................4......................M....................................
.........4......................4......................M......................F................E
..........2...........U.u......................2......E..........2...........U..................
......................................M......................4......................M...........
..................................4......................4......................M...............
.......F...........U.v......7.............U........7.............U.w..-...#.............U.x..-..
. .............U.y..-..............

Client->GAME [12:46:21 07/15/09] packet size: 1 CRYPTED, Flags: 7f ServerSeq: 12 ClientSeq: 11
02 
.

GAME->Client [12:46:22 07/15/09] packet size: 708 CRYPTED, Flags: 7f ServerSeq: 13 ClientSeq: 10
02 03 23 00 02 0c 98 8c 63 37 47 00 20 8a c4 3f dc 61 c7 1b 00 02 08 ed 30 2d 47 00 c0 5f 44 86 
63 45 c7 00 00 04 02 00 75 11 16 80 bc 55 00 7a 04 00 2d 00 00 00 42 04 05 00 00 00 01 00 00 00 
00 16 80 bc 55 00 cd 04 00 2d 00 00 00 23 04 0a 00 00 00 00 00 00 00 00 16 80 bc 55 00 ce 04 00 
2d 00 00 00 20 04 0a 00 00 00 00 00 00 00 00 16 80 bc 55 00 cf 04 00 2d 00 00 00 19 04 05 00 00 
00 00 00 00 00 00 16 80 bc 55 00 d0 04 00 2d 00 00 00 42 04 05 00 00 00 00 00 00 00 00 16 80 bc 
55 00 7b 04 00 34 00 00 00 83 02 c8 00 00 00 01 00 00 00 00 16 80 bc 55 00 d1 04 00 34 00 00 00 
83 02 c8 00 00 00 00 00 00 00 00 04 80 b3 3d 04 16 80 bc 45 03 3d 04 00 43 00 00 00 3d 04 00 00 
00 00 01 00 00 00 00 08 80 b2 3d 04 00 00 08 02 16 80 bc 45 03 3d 04 00 43 00 00 00 3d 04 00 00 
00 00 00 00 00 00 00 16 80 bc 55 00 7c 04 00 4b 00 00 00 1f 04 19 00 00 00 01 00 00 00 00 16 80 
bc 55 00 d2 04 00 4b 00 00 00 1f 04 19 00 00 00 00 00 00 00 00 16 80 bc 55 00 7d 04 00 5f 00 00 
00 7c 04 0f 00 00 00 01 00 00 00 00 16 80 bc 55 00 7e 04 00 5f 00 00 00 07 04 0f 00 00 00 01 00 
00 00 00 16 80 bc 55 00 d3 04 00 5f 00 00 00 7c 04 0f 00 00 00 00 00 00 00 00 16 80 bc 55 00 d4 
04 00 5f 00 00 00 07 04 0f 00 00 00 00 00 00 00 00 00 86 10 16 80 bc 55 00 7f 04 00 62 00 00 00 
06 04 01 00 00 00 01 00 00 00 00 04 80 b3 35 04 16 80 bc 45 03 35 04 00 62 00 00 00 35 04 00 00 
00 00 01 00 00 00 00 16 80 bc 55 00 80 04 00 62 00 00 00 15 04 01 00 00 00 01 00 00 00 00 16 80 
bc 55 00 d5 04 00 62 00 00 00 06 04 01 00 00 00 00 00 00 00 00 08 80 b2 35 04 00 00 08 02 16 80 
bc 45 03 35 04 00 62 00 00 00 35 04 00 00 00 00 00 00 00 00 00 16 80 bc 55 00 d6 04 00 62 00 00 
00 15 04 01 00 00 00 00 00 00 00 00 04 80 b3 3e 04 16 80 bc 45 03 3e 04 00 4f 01 00 00 3e 04 00 
00 00 00 01 00 00 00 00 08 80 b2 3e 04 00 00 08 02 16 80 bc 45 03 3e 04 00 4f 01 00 00 3e 04 00 
00 00 00 00 00 00 00 00 16 80 bc 55 00 81 04 00 5a 01 00 00 07 04 05 00 00 00 01 00 00 00 00 16 
80 bc 55 00 82 04 00 5a 01 00 00 1d 04 0f 00 00 00 01 00 00 00 00 16 80 bc 55 00 d7 04 00 5a 01 
00 00 07 04 05 00 00 00 00 00 00 00 00 16 80 bc 55 00 d8 04 00 5a 01 00 00 1d 04 0f 00 00 00 00 
00 00 00 00 
..#.....c7G. ..?.a......0-G.._D.cE......u....U.z..-...B.............U....-...#.............U....
-... .............U....-.................U....-...B.............U.{..4.................U....4...
..............=....E.=..C...=.............=........E.=..C...=.............U.|..K................
.U....K.................U.}.._...|.............U.~.._.................U...._...|.............U..
.._....................U....b.................5....E.5..b...5.............U....b................
.U....b.................5........E.5..b...5.............U....b.................>....E.>..O...>..
...........>........E.>..O...>.............U....Z.................U....Z.................U....Z.
................U....Z..............

Client->GAME [12:46:22 07/15/09] packet size: 1 CRYPTED, Flags: 7f ServerSeq: 13 ClientSeq: 12
02 
.

GAME->Client [12:46:22 07/15/09] packet size: 702 CRYPTED, Flags: 7f ServerSeq: 14 ClientSeq: 11
02 03 23 00 02 0c 8d 8c 63 37 47 00 20 8a c4 3f dc 61 c7 1b 00 02 0e 04 c9 f8 22 2d 47 00 c0 5f 
44 26 62 45 c7 13 00 02 08 b2 e9 45 47 00 20 8a c4 61 18 3c c7 07 00 02 08 7f 20 24 47 00 c0 5f 
44 f4 67 4e c7 00 00 04 01 00 96 1e 04 80 b3 3f 04 16 80 bc 45 03 3f 04 00 64 01 00 00 3f 04 00 
00 00 00 01 00 00 00 00 16 80 bc 55 00 83 04 00 64 01 00 00 1f 04 05 00 00 00 01 00 00 00 00 08 
80 b2 3f 04 00 00 08 02 16 80 bc 45 03 3f 04 00 64 01 00 00 3f 04 00 00 00 00 00 00 00 00 00 16 
80 bc 55 00 d9 04 00 64 01 00 00 1f 04 05 00 00 00 00 00 00 00 00 16 80 bc 55 00 84 04 00 66 01 
00 00 7b 04 05 00 00 00 01 00 00 00 00 16 80 bc 55 00 85 04 00 66 01 00 00 12 04 0a 00 00 00 01 
00 00 00 00 16 80 bc 55 00 86 04 00 66 01 00 00 06 04 0b 00 00 00 01 00 00 00 00 16 80 bc 55 00 
da 04 00 66 01 00 00 7b 04 05 00 00 00 00 00 00 00 00 16 80 bc 55 00 db 04 00 66 01 00 00 12 04 
0a 00 00 00 00 00 00 00 00 16 80 bc 55 00 dc 04 00 66 01 00 00 06 04 0b 00 00 00 00 00 00 00 00 
16 80 bc 55 00 87 04 00 8e 01 00 00 03 04 05 00 00 00 01 00 00 00 00 16 80 bc 55 00 88 04 00 8e 
01 00 00 12 04 0f 00 00 00 01 00 00 00 00 16 80 bc 55 00 89 04 00 8e 01 00 00 77 04 05 00 00 00 
01 00 00 00 00 16 80 bc 55 00 dd 04 00 8e 01 00 00 03 04 05 00 00 00 00 00 00 00 00 16 80 bc 55 
00 de 04 00 8e 01 00 00 12 04 0f 00 00 00 00 00 00 00 00 16 80 bc 55 00 df 04 00 8e 01 00 00 77 
04 05 00 00 00 00 00 00 00 00 16 80 bc 55 00 8a 04 00 cd 01 00 00 e5 03 05 00 00 00 01 00 00 00 
00 16 80 bc 55 00 8b 04 00 cd 01 00 00 73 04 05 00 00 00 01 00 00 00 00 16 80 bc 55 00 8c 04 00 
cd 01 00 00 e3 03 0f 00 00 00 01 00 00 00 00 16 80 bc 55 00 e0 04 00 cd 01 00 00 e5 03 05 00 00 
00 00 00 00 00 00 16 80 bc 55 00 e1 04 00 cd 01 00 00 73 04 05 00 00 00 00 00 00 00 00 16 80 bc 
55 00 e2 04 00 cd 01 00 00 e3 03 0f 00 00 00 00 00 00 00 00 04 80 b3 40 04 16 80 bc 45 03 40 04 
00 d5 01 00 00 40 04 00 00 00 00 01 00 00 00 00 16 80 bc 55 00 8d 04 00 d5 01 00 00 e3 03 05 00 
00 00 01 00 00 00 00 08 80 b2 40 04 00 00 08 02 16 80 bc 45 03 40 04 00 d5 01 00 00 40 04 00 00 
00 00 00 00 00 00 00 16 80 bc 55 00 e3 04 00 d5 01 00 00 e3 03 05 00 00 00 00 00 00 00 00 
..#.....c7G. ..?.a........"-G.._D&bE.......EG. ..a.<...... $G.._D.gN...........?....E.?..d...?..
...........U....d.................?........E.?..d...?.............U....d.................U....f.
..{.............U....f.................U....f.................U....f...{.............U....f.....
............U....f.................U......................U......................U........w.....
........U......................U......................U........w.............U..................
....U........s.............U......................U......................U........s.............
U......................@....E.@......@.............U......................@........E.@......@...
..........U...................

Client->GAME [12:46:22 07/15/09] packet size: 1 CRYPTED, Flags: 7f ServerSeq: 14 ClientSeq: 13
02 
.

GAME->Client [12:46:22 07/15/09] packet size: 663 CRYPTED, Flags: 7f ServerSeq: 15 ClientSeq: 12
02 03 23 00 02 0c 82 8c 63 37 47 00 20 8a c4 3f dc 61 c7 1b 00 02 0e 00 d4 f8 22 2d 47 00 c0 5f 
44 26 62 45 c7 15 00 02 08 61 99 45 47 00 c0 5f 44 c5 99 65 c7 03 00 02 08 a2 bc 45 47 00 c0 5f 
44 2f 9a 65 c7 00 00 04 02 00 b4 18 16 80 bc 55 00 8e 04 00 36 02 00 00 37 02 0a 00 00 00 01 00 
00 00 00 16 80 bc 55 00 e4 04 00 36 02 00 00 37 02 0a 00 00 00 00 00 00 00 00 16 80 bc 55 00 8f 
04 00 74 02 00 00 34 02 1e 00 00 00 01 00 00 00 00 16 80 bc 55 00 e5 04 00 74 02 00 00 34 02 1e 
00 00 00 00 00 00 00 00 16 80 bc 15 00 c3 04 00 11 00 00 00 ab 00 0d 00 00 00 01 00 00 00 00 16 
80 bc 15 00 c4 04 00 11 00 00 00 0a 02 4d 00 00 00 01 00 00 00 00 16 80 bc 15 00 c5 04 00 11 00 
00 00 f2 03 34 00 00 00 01 00 00 00 00 16 80 bc 15 00 c6 04 00 11 00 00 00 ed 03 4d 00 00 00 01 
00 00 00 00 16 80 bc 15 00 c7 04 00 11 00 00 00 9f 00 19 00 00 00 01 00 00 00 00 16 80 bc 15 00 
c8 04 00 11 00 00 00 f1 03 34 00 00 00 01 00 00 00 00 16 80 bc 15 00 c9 04 00 11 00 00 00 0c 02 
34 00 00 00 01 00 00 00 00 16 80 bc 15 00 ca 04 00 11 00 00 00 b7 00 4d 00 00 00 01 00 00 00 00 
16 80 bc 15 00 cb 04 00 11 00 00 00 f3 03 46 00 00 00 01 00 00 00 00 0b 80 bd 05 11 00 00 00 00 
00 00 00 16 80 bc 15 00 e6 04 00 11 00 00 00 ab 00 0d 00 00 00 00 00 00 00 00 16 80 bc 15 00 e7 
04 00 11 00 00 00 0a 02 4d 00 00 00 00 00 00 00 00 16 80 bc 15 00 e8 04 00 11 00 00 00 f2 03 34 
00 00 00 00 00 00 00 00 16 80 bc 15 00 e9 04 00 11 00 00 00 ed 03 4d 00 00 00 00 00 00 00 00 16 
80 bc 15 00 ea 04 00 11 00 00 00 9f 00 19 00 00 00 00 00 00 00 00 16 80 bc 15 00 eb 04 00 11 00 
00 00 f1 03 34 00 00 00 00 00 00 00 00 16 80 bc 15 00 ec 04 00 11 00 00 00 0c 02 34 00 00 00 00 
00 00 00 00 16 80 bc 15 00 ed 04 00 11 00 00 00 b7 00 4d 00 00 00 00 00 00 00 00 16 80 bc 15 00 
ee 04 00 11 00 00 00 f3 03 46 00 00 00 00 00 00 00 00 0b 80 bd 05 11 00 00 00 00 00 00 01 00 cc 
02 17 3a 05 00 11 00 0a 00 50 76 50 53 65 72 76 65 72 00 04 00 06 00 00 00 1d 3a 05 00 17 00 10 
00 50 76 50 4d 61 78 53 61 66 65 4c 65 76 65 6c 00 04 00 0f 00 00 00 
..#.....c7G. ..?.a........"-G.._D&bE.....a.EG.._D..e.......EG.._D/.e...........U....6...7.......
......U....6...7.............U....t...4.............U....t...4..................................
.............M......................4......................M....................................
.........4......................4......................M......................F.................
........................................M......................4......................M.........
....................................4......................4......................M.............
.........F........................:......PvPServer........:......PvPMaxSafeLevel.......

Client->GAME [12:46:22 07/15/09] packet size: 1 CRYPTED, Flags: 7f ServerSeq: 15 ClientSeq: 14
02 
.

GAME->Client [12:46:22 07/15/09] packet size: 721 CRYPTED, Flags: 7f ServerSeq: 16 ClientSeq: 13
82 6d 2e fb 48 03 25 00 02 0c d1 ee d9 35 47 00 20 8a c4 df aa 62 c7 23 00 02 0c 7c 8c 63 37 47 
00 20 8a c4 3f dc 61 c7 1b 00 02 0e 00 da f8 22 2d 47 00 c0 5f 44 26 62 45 c7 13 00 02 0c 49 31 
10 46 47 00 20 8a c4 ac 20 3c c7 0d 00 02 0c 88 3f 09 3c 47 00 20 8a c4 7c f5 5e c7 09 00 02 0c 
28 1b 9d 44 47 00 20 8a c4 2a 10 3d c7 07 00 02 0c 59 7e 40 24 47 00 c0 5f 44 e9 7e 4e c7 03 00 
02 0c 71 b3 c1 45 47 00 c0 5f 44 51 a7 65 c7 00 00 04 01 00 ce 15 3f 3a 05 00 14 00 0d 00 57 52 
5f 52 65 7a 45 76 65 6e 74 73 00 29 00 48 61 6c 6c 6f 77 65 65 6e 5f 45 76 65 6e 74 2c 57 69 6e 
74 65 72 33 50 6c 75 73 48 61 6c 6c 6f 77 65 65 6e 54 53 45 43 00 1b 3a 05 00 19 00 12 00 45 76 
65 6e 74 53 6c 6f 74 31 5f 45 66 66 65 63 74 00 00 00 28 3a 05 00 19 00 12 00 45 76 65 6e 74 53 
6c 6f 74 32 5f 45 66 66 65 63 74 00 0d 00 66 6c 79 6d 61 6e 5f 69 64 6c 65 33 00 25 3a 05 00 19 
00 12 00 45 76 65 6e 74 53 6c 6f 74 33 5f 45 66 66 65 63 74 00 0a 00 66 6c 79 5f 76 69 72 75 73 
00 1f 3a 05 00 1b 00 14 00 46 69 78 65 64 42 69 6e 6b 49 44 4f 76 65 72 72 69 64 65 00 02 00 20 
00 16 80 bc 15 00 4e 04 00 f7 03 00 00 08 02 00 00 00 00 00 00 00 00 00 16 80 bc 15 00 4f 04 00 
f7 03 00 00 07 02 ec ff ff ff 00 00 00 00 00 16 80 bc 15 00 50 04 00 f7 03 00 00 50 04 00 00 00 
00 00 00 00 00 00 16 80 bc 15 00 51 04 00 f7 03 00 00 f4 03 00 00 00 00 00 00 00 00 00 16 80 bc 
15 00 52 04 00 f7 03 00 00 51 04 f6 ff ff ff 00 00 00 00 00 16 80 bc 15 00 53 04 00 f7 03 00 00 
52 04 0f 00 00 00 00 00 00 00 00 16 80 bc 11 00 54 04 00 00 00 00 00 cb 02 00 00 00 00 00 00 00 
00 00 16 80 bc 56 00 99 04 00 0a 95 00 00 06 04 02 00 00 00 00 00 00 00 00 16 80 bc 56 00 9a 04 
00 0a 95 00 00 b4 00 11 00 00 00 00 00 00 00 00 16 80 bc 56 00 9b 04 00 0a 95 00 00 b5 00 11 00 
00 00 00 00 00 00 00 16 80 bc 56 00 9c 04 00 0a 95 00 00 07 04 02 00 00 00 00 00 00 00 00 16 80 
bc 56 00 9d 04 00 8a b2 00 00 23 04 02 00 00 00 00 00 00 00 00 16 80 bc 56 00 9e 04 00 8a b2 00 
00 21 04 01 00 00 00 00 00 00 00 00 16 80 bc 56 00 9f 04 00 8a b2 00 00 b4 00 1d 00 00 00 00 00 
00 00 00 16 80 bc 56 00 a0 04 00 8a b2 00 00 09 04 1d 00 00 00 00 00 00 00 00 16 80 bc 56 00 a1 
04 00 8a b2 00 00 9d 00 1d 00 00 00 00 00 00 00 00 
.m..H.%......5G. ....b.#...|.c7G. ..?.a........"-G.._D&bE.....I1.FG. ... <......?.<G. ..|.^.....
(..DG. ..*.=.....Y~@$G.._D.~N.....q..EG.._DQ.e........?:......WR_RezEvents.).Halloween_Event,Win
ter3PlusHalloweenTSEC..:......EventSlot1_Effect...(:......EventSlot2_Effect...flyman_idle3.%:...
...EventSlot3_Effect...fly_virus..:......FixedBinkIDOverride... ......N......................O..
....................P......P...............Q......................R......Q...............S......
R...............T....................V......................V......................V............
..........V......................V........#.............V........!.............V................
......V......................V...................

Client->GAME [12:46:22 07/15/09] packet size: 1 CRYPTED, Flags: 7f ServerSeq: 0 ClientSeq: 15
02 
.

Client->GAME [12:46:22 07/15/09] packet size: 44 CRYPTED, Flags: 7f ServerSeq: 0 ClientSeq: 16
02 04 01 00 07 02 12 80 c9 07 00 c0 12 00 98 37 47 00 80 13 c4 00 e8 7d c7 12 80 c9 40 00 c0 12 
00 e8 00 47 00 80 13 c4 00 e8 7d c7 
...............7G......}....@......G......}.

GAME->Client [12:46:22 07/15/09] packet size: 706 CRYPTED, Flags: 7f ServerSeq: 17 ClientSeq: 14
02 03 23 00 02 0e 00 72 8c 63 37 47 00 20 8a c4 3f dc 61 c7 1b 00 02 0c dd f8 22 2d 47 00 c0 5f 
44 26 62 45 c7 0d 00 02 0e 00 8e c9 06 3c 47 00 20 8a c4 72 00 5f c7 00 00 04 01 00 e3 1c 16 80 
bc 56 00 a2 04 00 8a b2 00 00 06 04 01 00 00 00 00 00 00 00 00 16 80 bc 56 00 a3 04 00 24 b3 00 
00 89 02 02 00 00 00 00 00 00 00 00 16 80 bc 56 00 a4 04 00 24 b3 00 00 1a 04 01 00 00 00 00 00 
00 00 00 16 80 bc 56 00 a5 04 00 24 b3 00 00 b4 00 21 00 00 00 00 00 00 00 00 16 80 bc 56 00 a6 
04 00 24 b3 00 00 09 04 21 00 00 00 00 00 00 00 00 16 80 bc 56 00 a7 04 00 24 b3 00 00 15 04 02 
00 00 00 00 00 00 00 00 16 80 bc 56 00 a8 04 00 24 b3 00 00 b5 00 21 00 00 00 00 00 00 00 00 16 
80 bc 56 00 a9 04 00 95 a7 00 00 b4 00 12 00 00 00 00 00 00 00 00 16 80 bc 56 00 aa 04 00 95 a7 
00 00 b5 00 12 00 00 00 00 00 00 00 00 16 80 bc 56 00 ab 04 00 95 a7 00 00 09 04 12 00 00 00 00 
00 00 00 00 16 80 bc 56 00 ac 04 00 95 a7 00 00 70 00 0f 00 00 00 00 00 00 00 00 16 80 bc 56 00 
ad 04 00 2c b3 00 00 17 04 01 00 00 00 00 00 00 00 00 16 80 bc 56 00 ae 04 00 2c b3 00 00 b4 00 
21 00 00 00 00 00 00 00 00 16 80 bc 56 00 af 04 00 2c b3 00 00 09 04 21 00 00 00 00 00 00 00 00 
16 80 bc 56 00 b0 04 00 2c b3 00 00 12 04 02 00 00 00 00 00 00 00 00 16 80 bc 56 00 b1 04 00 2c 
b3 00 00 07 04 02 00 00 00 00 00 00 00 00 16 80 bc 56 00 b2 04 00 2c b3 00 00 b5 00 21 00 00 00 
00 00 00 00 00 16 80 bc 56 00 b3 04 00 c3 b2 00 00 89 02 02 00 00 00 00 00 00 00 00 16 80 bc 56 
00 b4 04 00 c3 b2 00 00 21 04 02 00 00 00 00 00 00 00 00 16 80 bc 56 00 b5 04 00 c3 b2 00 00 b4 
00 1f 00 00 00 00 00 00 00 00 16 80 bc 56 00 b6 04 00 c3 b2 00 00 09 04 1f 00 00 00 00 00 00 00 
00 16 80 bc 56 00 b7 04 00 c3 b2 00 00 1e 04 01 00 00 00 00 00 00 00 00 16 80 bc 56 00 b8 04 00 
c3 b2 00 00 9d 00 1f 00 00 00 00 00 00 00 00 16 80 bc 55 00 c2 04 00 02 00 00 00 cc 00 0c 00 00 
00 00 00 00 00 00 16 80 bc 55 00 cc 04 00 0b 00 00 00 37 02 96 00 00 00 00 00 00 00 00 16 80 bc 
55 00 cd 04 00 2d 00 00 00 23 04 0a 00 00 00 00 00 00 00 00 16 80 bc 55 00 ce 04 00 2d 00 00 00 
20 04 0a 00 00 00 00 00 00 00 00 16 80 bc 55 00 cf 04 00 2d 00 00 00 19 04 05 00 00 00 00 00 00 
00 00 
..#....r.c7G. ..?.a......."-G.._D&bE.........<G. ..r._...........V......................V....$..
...............V....$.................V....$.....!...........V....$.....!...........V....$......
...........V....$.....!...........V......................V......................V...............
.......V........p.............V....,.................V....,.....!...........V....,.....!........
...V....,.................V....,.................V....,.....!...........V......................V
........!.............V......................V......................V......................V....
..................U......................U........7.............U....-...#.............U....-...
 .............U....-..............

Client->GAME [12:46:22 07/15/09] packet size: 1 CRYPTED, Flags: 7f ServerSeq: 1 ClientSeq: 17
02 
.

GAME->Client [12:46:22 07/15/09] packet size: 708 CRYPTED, Flags: 7f ServerSeq: 18 ClientSeq: 0
02 03 23 00 02 0e 00 67 8c 63 37 47 00 20 8a c4 3f dc 61 c7 0d 00 02 0e 00 96 c9 06 3c 47 00 20 
8a c4 72 00 5f c7 09 00 02 08 94 c4 44 47 00 20 8a c4 20 f5 3c c7 00 00 04 02 00 ff 08 16 80 bc 
55 00 d0 04 00 2d 00 00 00 42 04 05 00 00 00 00 00 00 00 00 16 80 bc 55 00 d1 04 00 34 00 00 00 
83 02 c8 00 00 00 00 00 00 00 00 16 80 bc 55 00 d2 04 00 4b 00 00 00 1f 04 19 00 00 00 00 00 00 
00 00 16 80 bc 55 00 d3 04 00 5f 00 00 00 7c 04 0f 00 00 00 00 00 00 00 00 16 80 bc 55 00 d4 04 
00 5f 00 00 00 07 04 0f 00 00 00 00 00 00 00 00 16 80 bc 55 00 d5 04 00 62 00 00 00 06 04 01 00 
00 00 00 00 00 00 00 16 80 bc 55 00 d6 04 00 62 00 00 00 15 04 01 00 00 00 00 00 00 00 00 16 80 
bc 55 00 d7 04 00 5a 01 00 00 07 04 05 00 00 00 00 00 00 00 00 01 07 14 16 80 bc 55 00 d8 04 00 
5a 01 00 00 1d 04 0f 00 00 00 00 00 00 00 00 16 80 bc 55 00 d9 04 00 64 01 00 00 1f 04 05 00 00 
00 00 00 00 00 00 16 80 bc 55 00 da 04 00 66 01 00 00 7b 04 05 00 00 00 00 00 00 00 00 16 80 bc 
55 00 db 04 00 66 01 00 00 12 04 0a 00 00 00 00 00 00 00 00 16 80 bc 55 00 dc 04 00 66 01 00 00 
06 04 0b 00 00 00 00 00 00 00 00 16 80 bc 55 00 dd 04 00 8e 01 00 00 03 04 05 00 00 00 00 00 00 
00 00 16 80 bc 55 00 de 04 00 8e 01 00 00 12 04 0f 00 00 00 00 00 00 00 00 16 80 bc 55 00 df 04 
00 8e 01 00 00 77 04 05 00 00 00 00 00 00 00 00 16 80 bc 55 00 e0 04 00 cd 01 00 00 e5 03 05 00 
00 00 00 00 00 00 00 16 80 bc 55 00 e1 04 00 cd 01 00 00 73 04 05 00 00 00 00 00 00 00 00 16 80 
bc 55 00 e2 04 00 cd 01 00 00 e3 03 0f 00 00 00 00 00 00 00 00 16 80 bc 55 00 e3 04 00 d5 01 00 
00 e3 03 05 00 00 00 00 00 00 00 00 16 80 bc 55 00 e4 04 00 36 02 00 00 37 02 0a 00 00 00 00 00 
00 00 00 16 80 bc 55 00 e5 04 00 74 02 00 00 34 02 1e 00 00 00 00 00 00 00 00 16 80 bc 15 00 e6 
04 00 11 00 00 00 ab 00 0d 00 00 00 00 00 00 00 00 16 80 bc 15 00 e7 04 00 11 00 00 00 0a 02 4d 
00 00 00 00 00 00 00 00 16 80 bc 15 00 e8 04 00 11 00 00 00 f2 03 34 00 00 00 00 00 00 00 00 16 
80 bc 15 00 e9 04 00 11 00 00 00 ed 03 4d 00 00 00 00 00 00 00 00 16 80 bc 15 00 ea 04 00 11 00 
00 00 9f 00 19 00 00 00 00 00 00 00 00 16 80 bc 15 00 eb 04 00 11 00 00 00 f1 03 34 00 00 00 00 
00 00 00 00 
..#....g.c7G. ..?.a.........<G. ..r._.......DG. .. .<...........U....-...B.............U....4...
..............U....K.................U...._...|.............U...._.................U....b.......
..........U....b.................U....Z....................U....Z.................U....d........
.........U....f...{.............U....f.................U....f.................U.................
.....U......................U........w.............U......................U........s............
.U......................U......................U....6...7.............U....t...4................
...............................M......................4......................M..................
...........................4........

Client->GAME [12:46:22 07/15/09] packet size: 1 CRYPTED, Flags: 7f ServerSeq: 2 ClientSeq: 18
02 
.

GAME->Client [12:46:22 07/15/09] packet size: 423 CRYPTED, Flags: 7f ServerSeq: 19 ClientSeq: 1
02 04 01 01 1b 0d 16 80 bc 15 00 ec 04 00 11 00 00 00 0c 02 34 00 00 00 00 00 00 00 00 16 80 bc 
15 00 ed 04 00 11 00 00 00 b7 00 4d 00 00 00 00 00 00 00 00 16 80 bc 15 00 ee 04 00 11 00 00 00 
f3 03 46 00 00 00 00 00 00 00 00 16 80 bc 45 03 11 00 00 02 00 00 00 11 00 32 00 00 00 00 00 00 
00 00 16 80 bc 45 03 35 04 00 62 00 00 00 35 04 00 00 00 00 00 00 00 00 00 16 80 bc 45 03 3d 04 
00 43 00 00 00 3d 04 00 00 00 00 00 00 00 00 00 16 80 bc 45 03 3e 04 00 4f 01 00 00 3e 04 00 00 
00 00 00 00 00 00 00 16 80 bc 45 03 3f 04 00 64 01 00 00 3f 04 00 00 00 00 00 00 00 00 00 16 80 
bc 45 03 40 04 00 d5 01 00 00 40 04 00 00 00 00 00 00 00 00 00 0b 80 bd 05 11 00 00 00 00 00 00 
01 41 81 67 17 00 27 00 1c 22 00 c6 01 11 00 00 00 00 00 00 00 37 00 00 08 0e 00 41 66 74 65 72 
57 68 6f 72 75 4e 65 6f 00 0e 00 41 66 74 65 72 57 68 6f 72 75 4e 65 6f 00 02 00 4d 00 00 00 00 
00 00 00 41 81 67 17 00 27 00 1c 22 00 c6 01 11 00 00 00 00 00 00 00 37 00 00 08 0e 00 41 66 74 
65 72 57 68 6f 72 75 4e 65 6f 00 0e 00 41 66 74 65 72 57 68 6f 72 75 4e 65 6f 00 02 00 4d 00 00 
00 00 00 00 00 41 81 67 17 00 27 00 1c 22 00 c6 01 11 00 00 00 00 00 00 00 37 00 00 08 0e 00 41 
66 74 65 72 57 68 6f 72 75 4e 65 6f 00 0e 00 41 66 74 65 72 57 68 6f 72 75 4e 65 6f 00 02 00 4d 
00 00 00 00 00 00 00 
....................4......................M......................F...........E..........2......
.....E.5..b...5.............E.=..C...=.............E.>..O...>.............E.?..d...?............
.E.@......@......................A.g..'.."...........7.....AfterWhoruNeo...AfterWhoruNeo...M....
...A.g..'.."...........7.....AfterWhoruNeo...AfterWhoruNeo...M.......A.g..'.."...........7.....A
fterWhoruNeo...AfterWhoruNeo...M.......

Client->GAME [12:46:22 07/15/09] packet size: 1 CRYPTED, Flags: 7f ServerSeq: 3 ClientSeq: 19
02 
.

GAME->Client [12:46:22 07/15/09] packet size: 32 CRYPTED, Flags: 7f ServerSeq: 20 ClientSeq: 3
02 03 21 00 04 80 80 80 80 c0 4c 0a 00 28 01 01 07 00 04 80 80 80 80 c0 4c 0a 00 28 01 01 00 00 
..!.......L..(..........L..(....

