Client->GAME [12:49:22 07/15/09] packet size: 25 CRYPTED, Flags: 7f ServerSeq: 525 ClientSeq: 561
02 04 01 00 23 01 12 81 8e 05 00 00 00 03 00 00 00 0b 00 00 00 03 00 00 00 
....#....................

GAME->Client [12:49:22 07/15/09] packet size: 20 CRYPTED, Flags: 7f ServerSeq: 542 ClientSeq: 513
02 03 13 00 02 08 66 dc 44 c6 00 00 be 42 2b 1e c0 c6 00 00 
......f.D....B+.....

Client->GAME [12:49:22 07/15/09] packet size: 1 CRYPTED, Flags: 7f ServerSeq: 526 ClientSeq: 562
02 
.

GAME->Client [12:49:22 07/15/09] packet size: 696 CRYPTED, Flags: 7f ServerSeq: 543 ClientSeq: 513
02 04 01 01 29 1e 16 80 bc 15 00 ef 04 00 f7 03 00 00 08 02 00 00 00 00 01 00 00 00 00 16 80 bc 
15 00 f0 04 00 f7 03 00 00 07 02 ec ff ff ff 01 00 00 00 00 16 80 bc 15 00 f1 04 00 f7 03 00 00 
50 04 00 00 00 00 01 00 00 00 00 16 80 bc 15 00 f2 04 00 f7 03 00 00 f4 03 00 00 00 00 01 00 00 
00 00 16 80 bc 15 00 f3 04 00 f7 03 00 00 51 04 f6 ff ff ff 01 00 00 00 00 16 80 bc 15 00 f4 04 
00 f7 03 00 00 52 04 0f 00 00 00 01 00 00 00 00 16 80 bc 11 00 f5 04 00 00 00 00 00 cb 02 00 00 
00 00 01 00 00 00 00 16 80 bc 56 00 3a 05 00 0a 95 00 00 06 04 02 00 00 00 01 00 00 00 00 16 80 
bc 56 00 3b 05 00 0a 95 00 00 b4 00 11 00 00 00 01 00 00 00 00 16 80 bc 56 00 3c 05 00 0a 95 00 
00 b5 00 11 00 00 00 01 00 00 00 00 16 80 bc 56 00 3d 05 00 0a 95 00 00 07 04 02 00 00 00 01 00 
00 00 00 16 80 bc 56 00 3e 05 00 8a b2 00 00 23 04 02 00 00 00 01 00 00 00 00 16 80 bc 56 00 3f 
05 00 8a b2 00 00 21 04 01 00 00 00 01 00 00 00 00 16 80 bc 56 00 40 05 00 8a b2 00 00 b4 00 1d 
00 00 00 01 00 00 00 00 16 80 bc 56 00 41 05 00 8a b2 00 00 09 04 1d 00 00 00 01 00 00 00 00 16 
80 bc 56 00 42 05 00 8a b2 00 00 9d 00 1d 00 00 00 01 00 00 00 00 16 80 bc 56 00 43 05 00 8a b2 
00 00 06 04 01 00 00 00 01 00 00 00 00 16 80 bc 56 00 44 05 00 24 b3 00 00 89 02 02 00 00 00 01 
00 00 00 00 16 80 bc 56 00 45 05 00 24 b3 00 00 1a 04 01 00 00 00 01 00 00 00 00 16 80 bc 56 00 
46 05 00 24 b3 00 00 b4 00 21 00 00 00 01 00 00 00 00 16 80 bc 56 00 47 05 00 24 b3 00 00 09 04 
21 00 00 00 01 00 00 00 00 16 80 bc 56 00 48 05 00 24 b3 00 00 15 04 02 00 00 00 01 00 00 00 00 
16 80 bc 56 00 49 05 00 24 b3 00 00 b5 00 21 00 00 00 01 00 00 00 00 16 80 bc 56 00 4a 05 00 95 
a7 00 00 b4 00 12 00 00 00 01 00 00 00 00 16 80 bc 56 00 4b 05 00 95 a7 00 00 b5 00 12 00 00 00 
01 00 00 00 00 16 80 bc 56 00 4c 05 00 95 a7 00 00 09 04 12 00 00 00 01 00 00 00 00 16 80 bc 56 
00 4d 05 00 95 a7 00 00 70 00 0f 00 00 00 01 00 00 00 00 16 80 bc 56 00 4e 05 00 2c b3 00 00 17 
04 01 00 00 00 01 00 00 00 00 16 80 bc 56 00 4f 05 00 2c b3 00 00 b4 00 21 00 00 00 01 00 00 00 
00 16 80 bc 56 00 50 05 00 2c b3 00 00 09 04 21 00 00 00 01 00 00 00 00 
....)...........................................................P...............................
..............Q......................R....................................V.:...................
.V.;....................V.<....................V.=....................V.>......#.............V.?
......!.............V.@....................V.A....................V.B....................V.C....
................V.D..$.................V.E..$.................V.F..$.....!...........V.G..$.....
!...........V.H..$.................V.I..$.....!...........V.J....................V.K............
........V.L....................V.M......p.............V.N..,.................V.O..,.....!.......
....V.P..,.....!........

Client->GAME [12:49:22 07/15/09] packet size: 1 CRYPTED, Flags: 7f ServerSeq: 527 ClientSeq: 563
02 
.

GAME->Client [12:49:22 07/15/09] packet size: 700 CRYPTED, Flags: 7f ServerSeq: 544 ClientSeq: 514
82 ed 44 fb 48 04 01 01 47 1e 16 80 bc 56 00 51 05 00 2c b3 00 00 12 04 02 00 00 00 01 00 00 00 
00 16 80 bc 56 00 52 05 00 2c b3 00 00 07 04 02 00 00 00 01 00 00 00 00 16 80 bc 56 00 53 05 00 
2c b3 00 00 b5 00 21 00 00 00 01 00 00 00 00 16 80 bc 56 00 54 05 00 c3 b2 00 00 89 02 02 00 00 
00 01 00 00 00 00 16 80 bc 56 00 55 05 00 c3 b2 00 00 21 04 02 00 00 00 01 00 00 00 00 16 80 bc 
56 00 56 05 00 c3 b2 00 00 b4 00 1f 00 00 00 01 00 00 00 00 16 80 bc 56 00 57 05 00 c3 b2 00 00 
09 04 1f 00 00 00 01 00 00 00 00 16 80 bc 56 00 58 05 00 c3 b2 00 00 1e 04 01 00 00 00 01 00 00 
00 00 16 80 bc 56 00 59 05 00 c3 b2 00 00 9d 00 1f 00 00 00 01 00 00 00 00 16 80 bc 55 00 63 05 
00 02 00 00 00 cc 00 0c 00 00 00 01 00 00 00 00 16 80 bc 55 00 6d 05 00 0b 00 00 00 37 02 96 00 
00 00 01 00 00 00 00 16 80 bc 55 00 6e 05 00 2d 00 00 00 23 04 0a 00 00 00 01 00 00 00 00 16 80 
bc 55 00 6f 05 00 2d 00 00 00 20 04 0a 00 00 00 01 00 00 00 00 16 80 bc 55 00 70 05 00 2d 00 00 
00 19 04 05 00 00 00 01 00 00 00 00 16 80 bc 55 00 71 05 00 2d 00 00 00 42 04 05 00 00 00 01 00 
00 00 00 16 80 bc 55 00 72 05 00 34 00 00 00 83 02 c8 00 00 00 01 00 00 00 00 16 80 bc 55 00 73 
05 00 4b 00 00 00 1f 04 19 00 00 00 01 00 00 00 00 16 80 bc 55 00 74 05 00 5f 00 00 00 7c 04 0f 
00 00 00 01 00 00 00 00 16 80 bc 55 00 75 05 00 5f 00 00 00 07 04 0f 00 00 00 01 00 00 00 00 16 
80 bc 55 00 76 05 00 62 00 00 00 06 04 01 00 00 00 01 00 00 00 00 16 80 bc 55 00 77 05 00 62 00 
00 00 15 04 01 00 00 00 01 00 00 00 00 16 80 bc 55 00 78 05 00 5a 01 00 00 07 04 05 00 00 00 01 
00 00 00 00 16 80 bc 55 00 79 05 00 5a 01 00 00 1d 04 0f 00 00 00 01 00 00 00 00 16 80 bc 55 00 
7a 05 00 64 01 00 00 1f 04 05 00 00 00 01 00 00 00 00 16 80 bc 55 00 7b 05 00 66 01 00 00 7b 04 
05 00 00 00 01 00 00 00 00 16 80 bc 55 00 7c 05 00 66 01 00 00 12 04 0a 00 00 00 01 00 00 00 00 
16 80 bc 55 00 7d 05 00 66 01 00 00 06 04 0b 00 00 00 01 00 00 00 00 16 80 bc 55 00 7e 05 00 8e 
01 00 00 03 04 05 00 00 00 01 00 00 00 00 16 80 bc 55 00 7f 05 00 8e 01 00 00 12 04 0f 00 00 00 
01 00 00 00 00 16 80 bc 55 00 80 05 00 8e 01 00 00 77 04 05 00 00 00 01 00 00 00 00 
..D.H...G....V.Q..,.................V.R..,.................V.S..,.....!...........V.T...........
.........V.U......!.............V.V....................V.W....................V.X...............
.....V.Y....................U.c....................U.m......7.............U.n..-...#............
.U.o..-... .............U.p..-.................U.q..-...B.............U.r..4.................U.s
..K.................U.t.._...|.............U.u.._.................U.v..b.................U.w..b.
................U.x..Z.................U.y..Z.................U.z..d.................U.{..f...{.
............U.|..f.................U.}..f.................U.~....................U..............
........U........w..........

Client->GAME [12:49:22 07/15/09] packet size: 1 CRYPTED, Flags: 7f ServerSeq: 512 ClientSeq: 564
02 
.

GAME->Client [12:49:22 07/15/09] packet size: 700 CRYPTED, Flags: 7f ServerSeq: 545 ClientSeq: 515
02 04 02 01 65 03 16 80 bc 55 00 81 05 00 cd 01 00 00 e5 03 05 00 00 00 01 00 00 00 00 16 80 bc 
55 00 82 05 00 cd 01 00 00 73 04 05 00 00 00 01 00 00 00 00 16 80 bc 55 00 83 05 00 cd 01 00 00 
e3 03 0f 00 00 00 01 00 00 00 00 01 68 1c 16 80 bc 55 00 84 05 00 d5 01 00 00 e3 03 05 00 00 00 
01 00 00 00 00 16 80 bc 55 00 85 05 00 36 02 00 00 37 02 0a 00 00 00 01 00 00 00 00 16 80 bc 55 
00 86 05 00 74 02 00 00 34 02 1e 00 00 00 01 00 00 00 00 16 80 bc 15 00 87 05 00 11 00 00 00 ab 
00 0d 00 00 00 01 00 00 00 00 16 80 bc 15 00 88 05 00 11 00 00 00 0a 02 4d 00 00 00 01 00 00 00 
00 16 80 bc 15 00 89 05 00 11 00 00 00 f2 03 34 00 00 00 01 00 00 00 00 16 80 bc 15 00 8a 05 00 
11 00 00 00 ed 03 4d 00 00 00 01 00 00 00 00 16 80 bc 15 00 8b 05 00 11 00 00 00 9f 00 19 00 00 
00 01 00 00 00 00 16 80 bc 15 00 8c 05 00 11 00 00 00 f1 03 34 00 00 00 01 00 00 00 00 16 80 bc 
15 00 8d 05 00 11 00 00 00 0c 02 34 00 00 00 01 00 00 00 00 16 80 bc 15 00 8e 05 00 11 00 00 00 
b7 00 4d 00 00 00 01 00 00 00 00 16 80 bc 15 00 8f 05 00 11 00 00 00 f3 03 46 00 00 00 01 00 00 
00 00 0b 80 bd 05 11 00 00 00 00 00 00 00 16 80 bc 15 00 90 05 00 11 00 00 00 ab 00 0c 00 00 00 
00 00 00 00 00 16 80 bc 15 00 91 05 00 11 00 00 00 0a 02 4b 00 00 00 00 00 00 00 00 16 80 bc 15 
00 92 05 00 11 00 00 00 f2 03 31 00 00 00 00 00 00 00 00 16 80 bc 15 00 93 05 00 11 00 00 00 ed 
03 4b 00 00 00 00 00 00 00 00 16 80 bc 15 00 94 05 00 11 00 00 00 9f 00 19 00 00 00 00 00 00 00 
00 16 80 bc 15 00 95 05 00 11 00 00 00 f1 03 31 00 00 00 00 00 00 00 00 16 80 bc 15 00 96 05 00 
11 00 00 00 0c 02 34 00 00 00 00 00 00 00 00 16 80 bc 15 00 97 05 00 11 00 00 00 b7 00 46 00 00 
00 00 00 00 00 00 16 80 bc 15 00 98 05 00 11 00 00 00 f3 03 46 00 00 00 00 00 00 00 00 0b 80 bd 
05 11 00 00 00 00 00 00 01 16 80 bc 15 00 90 05 00 11 00 00 00 ab 00 0c 00 00 00 01 00 00 00 00 
16 80 bc 15 00 91 05 00 11 00 00 00 0a 02 4b 00 00 00 01 00 00 00 00 16 80 bc 15 00 92 05 00 11 
00 00 00 f2 03 31 00 00 00 01 00 00 00 00 16 80 bc 15 00 93 05 00 11 00 00 00 ed 03 4b 00 00 00 
01 00 00 00 00 16 80 bc 15 00 94 05 00 11 00 00 00 9f 00 19 00 00 00 01 00 00 00 00 
....e....U......................U........s.............U....................h....U..............
........U....6...7.............U....t...4...............................................M.......
...............4......................M.............................................4...........
...........4......................M......................F......................................
...................K......................1......................K..............................
...............1......................4......................F......................F...........
..............................................K......................1......................K...
............................

Client->GAME [12:49:23 07/15/09] packet size: 1 CRYPTED, Flags: 7f ServerSeq: 513 ClientSeq: 565
02 
.

GAME->Client [12:49:23 07/15/09] packet size: 269 CRYPTED, Flags: 7f ServerSeq: 546 ClientSeq: 516
02 04 01 01 84 11 16 80 bc 15 00 95 05 00 11 00 00 00 f1 03 31 00 00 00 01 00 00 00 00 16 80 bc 
15 00 96 05 00 11 00 00 00 0c 02 34 00 00 00 01 00 00 00 00 16 80 bc 15 00 97 05 00 11 00 00 00 
b7 00 46 00 00 00 01 00 00 00 00 16 80 bc 15 00 98 05 00 11 00 00 00 f3 03 46 00 00 00 01 00 00 
00 00 04 80 b3 11 00 16 80 bc 45 03 11 00 00 02 00 00 00 11 00 32 00 00 00 01 00 00 00 00 04 80 
b3 35 04 16 80 bc 45 03 35 04 00 62 00 00 00 35 04 00 00 00 00 01 00 00 00 00 04 80 b3 3d 04 16 
80 bc 45 03 3d 04 00 43 00 00 00 3d 04 00 00 00 00 01 00 00 00 00 04 80 b3 3e 04 16 80 bc 45 03 
3e 04 00 4f 01 00 00 3e 04 00 00 00 00 01 00 00 00 00 04 80 b3 3f 04 16 80 bc 45 03 3f 04 00 64 
01 00 00 3f 04 00 00 00 00 01 00 00 00 00 04 80 b3 40 04 16 80 bc 45 03 40 04 00 d5 01 00 00 40 
04 00 00 00 00 01 00 00 00 00 02 81 07 
....................1......................4......................F......................F......
..........E..........2...........5....E.5..b...5.............=....E.=..C...=.............>....E.
>..O...>.............?....E.?..d...?.............@....E.@......@.............

Client->GAME [12:49:23 07/15/09] packet size: 13 CRYPTED, Flags: 7f ServerSeq: 514 ClientSeq: 566
02 04 01 00 24 01 06 81 08 00 00 00 00 
....$........

GAME->Client [12:49:23 07/15/09] packet size: 1 CRYPTED, Flags: 7f ServerSeq: 547 ClientSeq: 518
02 
.

GAME->Client [12:49:23 07/15/09] packet size: 1 CRYPTED, Flags: 7f ServerSeq: 548 ClientSeq: 518
42 
B

GAME->Client [12:49:24 07/15/09] packet size: 5 CRYPTED, Flags: 7f ServerSeq: 549 ClientSeq: 518
c2 15 45 fb 48 
..E.H

Client->GAME [12:49:24 07/15/09] packet size: 1 CRYPTED, Flags: 7f ServerSeq: 517 ClientSeq: 567
02 
.

GAME->Client [12:49:24 07/15/09] packet size: 1 CRYPTED, Flags: 7f ServerSeq: 550 ClientSeq: 518
42 
B

Client->GAME [12:49:24 07/15/09] packet size: 1 CRYPTED, Flags: 7f ServerSeq: 518 ClientSeq: 568
42 
B

GAME->Client [12:49:24 07/15/09] packet size: 1 CRYPTED, Flags: 7f ServerSeq: 551 ClientSeq: 519
42 
B

GAME->Client [12:49:24 07/15/09] packet size: 1 CRYPTED, Flags: 7f ServerSeq: 552 ClientSeq: 519
42 
B

Client->GAME [12:49:24 07/15/09] packet size: 13 CRYPTED, Flags: 0 ServerSeq: 0 ClientSeq: 1
22 04 01 00 00 01 06 81 51 00 00 00 00 
".......Q....

Client->GAME [12:49:24 07/15/09] packet size: 12
00 00 00 00 00 01 04 08 7f 1c c9 00 
............

Client->GAME [12:49:25 07/15/09] packet size: 13 CRYPTED, Flags: 0 ServerSeq: 0 ClientSeq: 2
22 04 01 00 00 01 06 81 51 00 00 00 00 
".......Q....

Client->GAME [12:49:26 07/15/09] packet size: 13 CRYPTED, Flags: 0 ServerSeq: 0 ClientSeq: 3
22 04 01 00 00 01 06 81 51 00 00 00 00 
".......Q....

Client->GAME [12:49:27 07/15/09] packet size: 13 CRYPTED, Flags: 0 ServerSeq: 0 ClientSeq: 4
22 04 01 00 00 01 06 81 51 00 00 00 00 
".......Q....

GAME->Client [12:49:28 07/15/09] packet size: 72 CRYPTED, Flags: 1 ServerSeq: 2 ClientSeq: 1
02 04 01 00 03 01 41 81 67 17 00 27 00 1c 22 00 c6 01 11 00 00 00 00 00 00 00 37 00 00 08 0e 00 
41 66 74 65 72 57 68 6f 72 75 4e 65 6f 00 0e 00 41 66 74 65 72 57 68 6f 72 75 4e 65 6f 00 02 00 
4b 00 00 00 00 00 00 00 
......A.g..'.."...........7.....AfterWhoruNeo...AfterWhoruNeo...K.......

GAME->Client [12:49:28 07/15/09] packet size: 12
00 00 00 00 00 01 04 08 7f 1c c9 00 
............

GAME->Client [12:49:28 07/15/09] packet size: 1 CRYPTED, Flags: 3 ServerSeq: 3 ClientSeq: 2
02 
.

GAME->Client [12:49:28 07/15/09] packet size: 142 CRYPTED, Flags: 3 ServerSeq: 4 ClientSeq: 2
82 56 45 fb 48 04 01 00 00 03 6d 06 0e 00 03 00 00 00 21 45 fb 48 01 42 00 32 00 72 65 73 6f 75 
72 63 65 2f 77 6f 72 6c 64 73 2f 66 69 6e 61 6c 5f 77 6f 72 6c 64 2f 69 6e 74 65 72 6e 61 74 69 
6f 6e 61 6c 2f 69 74 2e 6d 65 74 72 00 29 00 48 61 6c 6c 6f 77 65 65 6e 5f 45 76 65 6e 74 2c 57 
69 6e 74 65 72 33 50 6c 75 73 48 61 6c 6c 6f 77 65 65 6e 54 53 45 43 00 0a 80 e5 e7 cb c0 12 00 
00 00 00 0a 80 e4 bc 58 7a 00 00 00 00 00 
.VE.H.....m.......!E.H.B.2.resource/worlds/final_world/international/it.metr.).Halloween_Event,W
inter3PlusHalloweenTSEC................Xz.....

GAME->Client [12:49:28 07/15/09] packet size: 72 CRYPTED, Flags: 3 ServerSeq: 5 ClientSeq: 2
02 04 01 00 03 01 41 81 67 17 00 27 00 1c 22 00 c6 01 11 00 00 00 00 00 00 00 37 00 00 08 0e 00 
41 66 74 65 72 57 68 6f 72 75 4e 65 6f 00 0e 00 41 66 74 65 72 57 68 6f 72 75 4e 65 6f 00 02 00 
4b 00 00 00 00 00 00 00 
......A.g..'.."...........7.....AfterWhoruNeo...AfterWhoruNeo...K.......

GAME->Client [12:49:28 07/15/09] packet size: 1 CRYPTED, Flags: 7 ServerSeq: 6 ClientSeq: 3
02 
.

Client->GAME [12:49:28 07/15/09] packet size: 1 CRYPTED, Flags: 2 ServerSeq: 2 ClientSeq: 5
02 
.

GAME->Client [12:49:28 07/15/09] packet size: 138 CRYPTED, Flags: 7 ServerSeq: 7 ClientSeq: 3
02 04 01 00 00 03 6d 06 0e 00 03 00 00 00 21 45 fb 48 01 42 00 32 00 72 65 73 6f 75 72 63 65 2f 
77 6f 72 6c 64 73 2f 66 69 6e 61 6c 5f 77 6f 72 6c 64 2f 69 6e 74 65 72 6e 61 74 69 6f 6e 61 6c 
2f 69 74 2e 6d 65 74 72 00 29 00 48 61 6c 6c 6f 77 65 65 6e 5f 45 76 65 6e 74 2c 57 69 6e 74 65 
72 33 50 6c 75 73 48 61 6c 6c 6f 77 65 65 6e 54 53 45 43 00 0a 80 e5 e7 cb c0 12 00 00 00 00 0a 
80 e4 bc 58 7a 00 00 00 00 00 
......m.......!E.H.B.2.resource/worlds/final_world/international/it.metr.).Halloween_Event,Winte
r3PlusHalloweenTSEC................Xz.....

GAME->Client [12:49:28 07/15/09] packet size: 76 CRYPTED, Flags: f ServerSeq: 8 ClientSeq: 4
82 99 45 fb 48 04 01 00 03 01 41 81 67 17 00 27 00 1c 22 00 c6 01 11 00 00 00 00 00 00 00 37 00 
00 08 0e 00 41 66 74 65 72 57 68 6f 72 75 4e 65 6f 00 0e 00 41 66 74 65 72 57 68 6f 72 75 4e 65 
6f 00 02 00 4b 00 00 00 00 00 00 00 
..E.H.....A.g..'.."...........7.....AfterWhoruNeo...AfterWhoruNeo...K.......

GAME->Client [12:49:29 07/15/09] packet size: 138 CRYPTED, Flags: 1f ServerSeq: 9 ClientSeq: 5
02 04 01 00 00 03 6d 06 0e 00 03 00 00 00 21 45 fb 48 01 42 00 32 00 72 65 73 6f 75 72 63 65 2f 
77 6f 72 6c 64 73 2f 66 69 6e 61 6c 5f 77 6f 72 6c 64 2f 69 6e 74 65 72 6e 61 74 69 6f 6e 61 6c 
2f 69 74 2e 6d 65 74 72 00 29 00 48 61 6c 6c 6f 77 65 65 6e 5f 45 76 65 6e 74 2c 57 69 6e 74 65 
72 33 50 6c 75 73 48 61 6c 6c 6f 77 65 65 6e 54 53 45 43 00 0a 80 e5 e7 cb c0 12 00 00 00 00 0a 
80 e4 bc 58 7a 00 00 00 00 00 
......m.......!E.H.B.2.resource/worlds/final_world/international/it.metr.).Halloween_Event,Winte
r3PlusHalloweenTSEC................Xz.....

GAME->Client [12:49:29 07/15/09] packet size: 72 CRYPTED, Flags: 1f ServerSeq: 10 ClientSeq: 5
02 04 01 00 03 01 41 81 67 17 00 27 00 1c 22 00 c6 01 11 00 00 00 00 00 00 00 37 00 00 08 0e 00 
41 66 74 65 72 57 68 6f 72 75 4e 65 6f 00 0e 00 41 66 74 65 72 57 68 6f 72 75 4e 65 6f 00 02 00 
4b 00 00 00 00 00 00 00 
......A.g..'.."...........7.....AfterWhoruNeo...AfterWhoruNeo...K.......

GAME->Client [12:49:30 07/15/09] packet size: 142 CRYPTED, Flags: 1f ServerSeq: 11 ClientSeq: 5
82 e7 45 fb 48 04 01 00 00 03 6d 06 0e 00 03 00 00 00 21 45 fb 48 01 42 00 32 00 72 65 73 6f 75 
72 63 65 2f 77 6f 72 6c 64 73 2f 66 69 6e 61 6c 5f 77 6f 72 6c 64 2f 69 6e 74 65 72 6e 61 74 69 
6f 6e 61 6c 2f 69 74 2e 6d 65 74 72 00 29 00 48 61 6c 6c 6f 77 65 65 6e 5f 45 76 65 6e 74 2c 57 
69 6e 74 65 72 33 50 6c 75 73 48 61 6c 6c 6f 77 65 65 6e 54 53 45 43 00 0a 80 e5 e7 cb c0 12 00 
00 00 00 0a 80 e4 bc 58 7a 00 00 00 00 00 
..E.H.....m.......!E.H.B.2.resource/worlds/final_world/international/it.metr.).Halloween_Event,W
inter3PlusHalloweenTSEC................Xz.....

GAME->Client [12:49:31 07/15/09] packet size: 72 CRYPTED, Flags: 1f ServerSeq: 12 ClientSeq: 5
02 04 01 00 03 01 41 81 67 17 00 27 00 1c 22 00 c6 01 11 00 00 00 00 00 00 00 37 00 00 08 0e 00 
41 66 74 65 72 57 68 6f 72 75 4e 65 6f 00 0e 00 41 66 74 65 72 57 68 6f 72 75 4e 65 6f 00 02 00 
4b 00 00 00 00 00 00 00 
......A.g..'.."...........7.....AfterWhoruNeo...AfterWhoruNeo...K.......

Client->GAME [12:49:31 07/15/09] packet size: 13 CRYPTED, Flags: 2f ServerSeq: 6 ClientSeq: 6
02 04 01 00 01 01 01 05 05 02 0c 00 00 
.............

Client->GAME [12:49:31 07/15/09] packet size: 13 CRYPTED, Flags: 7f ServerSeq: 12 ClientSeq: 7
02 04 01 00 00 01 06 81 51 00 00 00 00 
........Q....

GAME->Client [12:49:32 07/15/09] packet size: 334 CRYPTED, Flags: 7f ServerSeq: 13 ClientSeq: 7
02 03 01 00 0c 0c 00 5e cd ab 1c 8b 81 ff 71 02 00 00 41 6e 64 65 72 73 6f 6e 00 00 00 00 00 00 
00 00 00 00 00 00 00 00 00 00 00 00 00 00 00 00 00 00 90 54 68 6f 6d 61 73 00 00 00 00 00 00 00 
00 00 00 00 00 00 00 00 00 00 00 00 00 00 00 00 00 00 00 80 d8 28 0a 0c 00 00 00 01 8e 81 ff f7 
00 31 5e 00 00 c6 67 00 41 66 74 65 72 57 68 6f 72 75 4e 65 6f 00 00 00 00 00 00 00 00 00 00 00 
00 00 00 00 00 00 00 00 28 0a fd 64 01 00 00 67 00 75 d4 01 00 4b b1 00 00 00 00 73 1a e9 88 80 
60 04 00 02 8e 00 00 00 f7 00 9d 00 00 00 00 00 a7 c2 c0 00 00 00 00 00 c0 57 40 00 00 00 00 00 
30 c1 c0 81 ff 32 22 80 89 e5 f6 aa 1e 40 1c 01 11 00 00 00 67 00 02 00 00 00 00 04 01 00 00 01 
6d 06 0e 00 03 00 00 00 21 45 fb 48 01 42 00 32 00 72 65 73 6f 75 72 63 65 2f 77 6f 72 6c 64 73 
2f 66 69 6e 61 6c 5f 77 6f 72 6c 64 2f 69 6e 74 65 72 6e 61 74 69 6f 6e 61 6c 2f 69 74 2e 6d 65 
74 72 00 29 00 48 61 6c 6c 6f 77 65 65 6e 5f 45 76 65 6e 74 2c 57 69 6e 74 65 72 33 50 6c 75 73 
48 61 6c 6c 6f 77 65 65 6e 54 53 45 43 00 
.......^......q...Anderson.........................Thomas............................(..........
.1^...g.AfterWhoruNeo...................(..d...g.u...K.....s....`........................W@.....
0....2"......@......g...........m.......!E.H.B.2.resource/worlds/final_world/international/it.me
tr.).Halloween_Event,Winter3PlusHalloweenTSEC.

GAME->Client [12:49:32 07/15/09] packet size: 32 CRYPTED, Flags: 7f ServerSeq: 14 ClientSeq: 7
82 28 46 fb 48 04 01 00 01 02 0a 80 e5 e7 cb c0 12 00 00 00 00 0a 80 e4 bc 58 7a 00 00 00 00 00 
.(F.H....................Xz.....

Client->GAME [12:49:33 07/15/09] packet size: 55 CRYPTED, Flags: 7f ServerSeq: 13 ClientSeq: 8
02 03 02 00 02 60 08 41 6e 64 65 72 73 6f 6e 06 54 68 6f 6d 61 73 00 00 04 01 00 02 05 02 80 be 
07 3f 4e 00 10 00 00 00 08 3e 6b 00 10 00 00 00 00 02 81 48 02 0c 01 
.....`.Anderson.Thomas...........?N......>k........H...

Client->GAME [12:49:33 07/15/09] packet size: 1 CRYPTED, Flags: 7f ServerSeq: 14 ClientSeq: 9
02 
.

GAME->Client [12:49:33 07/15/09] packet size: 728 CRYPTED, Flags: 7f ServerSeq: 15 ClientSeq: 9
02 03 01 00 0c 57 02 5d cd ab 11 8e 44 65 73 74 69 74 75 74 65 20 52 65 6d 6e 61 6e 74 00 00 00 
00 00 00 00 00 00 00 00 00 00 00 00 00 10 00 00 22 d4 70 45 1c 00 c6 01 80 c1 14 00 00 4e 00 00 
00 e4 e7 b9 cc c0 00 00 00 00 00 c0 57 40 00 00 00 20 db 9c c9 c0 c0 01 82 01 a8 10 84 03 b2 04 
84 03 07 08 00 00 81 ef 1a 00 00 02 04 3d 00 00 01 00 0c 68 a7 ea cd ab 01 01 00 00 00 80 14 8a 
c1 c0 00 00 00 00 00 00 5f 40 00 00 00 80 5d 91 c6 c0 3b 00 00 01 00 0c 57 02 58 cd ab 11 8e 44 
65 73 74 69 74 75 74 65 20 54 72 61 73 68 00 00 00 00 00 00 00 00 00 00 00 00 00 00 00 00 00 00 
10 00 00 22 d4 5c 43 1c 00 c6 01 80 c1 1c 00 00 5c 00 00 00 b0 e0 75 c5 c0 00 00 00 00 00 c0 57 
40 00 00 00 f0 82 ad c3 c0 c0 01 82 03 a8 10 c2 01 b2 09 c2 01 07 08 00 00 81 ef 1a 00 00 02 04 
39 00 00 01 00 0c 57 02 5f cd ab 13 8e 44 65 73 74 69 74 75 74 65 20 54 72 61 73 68 00 00 00 00 
00 00 00 00 00 00 00 00 00 00 00 00 00 00 10 00 00 22 d5 01 5e 43 1c 00 c6 01 80 c3 1a 00 00 5c 
4c 0a 00 28 00 00 00 80 51 a8 c4 c0 00 00 00 00 00 c0 57 40 00 00 00 26 25 ec c1 c0 c0 01 82 03 
a8 10 c2 01 b2 09 c2 01 07 08 00 00 81 ef 1a 00 00 02 04 37 00 00 01 00 0c 57 02 60 cd ab 15 8e 
44 65 73 74 69 74 75 74 65 20 54 72 61 73 68 00 00 00 00 00 00 00 00 00 00 00 00 00 00 00 00 00 
00 10 00 00 22 d5 01 a2 43 1c 00 c6 01 80 d3 1b 00 00 5c 4c 0a 00 28 0a 00 00 00 a0 d0 5f ae c0 
00 00 00 00 00 c0 57 40 00 00 80 27 a1 4d c3 c0 c0 01 83 01 03 a8 10 c2 01 b2 09 c2 01 07 08 00 
00 81 ef 1a 00 00 02 04 35 00 00 00 00 04 01 00 04 0a 16 80 bc 56 00 97 05 00 0a 95 00 00 06 04 
02 00 00 00 01 00 00 00 00 16 80 bc 56 00 98 05 00 0a 95 00 00 b4 00 11 00 00 00 01 00 00 00 00 
16 80 bc 56 00 99 05 00 0a 95 00 00 b5 00 11 00 00 00 01 00 00 00 00 16 80 bc 56 00 9a 05 00 0a 
95 00 00 07 04 02 00 00 00 01 00 00 00 00 16 80 bc 56 00 db 05 00 0a 95 00 00 06 04 02 00 00 00 
00 00 00 00 00 16 80 bc 56 00 dc 05 00 0a 95 00 00 b4 00 11 00 00 00 00 00 00 00 00 16 80 bc 56 
00 dd 05 00 0a 95 00 00 b5 00 11 00 00 00 00 00 00 00 00 16 80 bc 56 00 de 05 00 0a 95 00 00 07 
04 02 00 00 00 00 00 00 00 00 16 80 bc 56 00 9b 05 00 8a b2 00 00 23 04 02 00 00 00 01 00 00 00 
00 16 80 bc 56 00 9c 05 00 8a b2 00 00 21 04 01 00 00 00 01 00 00 00 00 
.....W.]....Destitute Remnant...................".pE.........N..............W@... ..............
.............=.....h...................._@....]...;.....W.X....Destitute Trash..................
...".\C.........\.....u........W@...............................9.....W._....Destitute Trash....
................."..^C.........\L..(....Q.........W@...&%..........................7.....W.`....
Destitute Trash....................."...C.........\L..(......_........W@...'.M..................
........5............V......................V......................V......................V.....
.................V......................V......................V......................V.........
.............V........#.............V........!..........

Client->GAME [12:49:33 07/15/09] packet size: 1 CRYPTED, Flags: 7f ServerSeq: 15 ClientSeq: 10
02 
.

GAME->Client [12:49:33 07/15/09] packet size: 728 CRYPTED, Flags: 7f ServerSeq: 16 ClientSeq: 9
02 03 01 00 0c 57 02 61 cd ab 11 8e 44 65 73 74 69 74 75 74 65 20 54 72 61 73 68 00 00 00 00 00 
00 00 00 00 00 00 00 00 00 00 00 00 00 10 00 00 22 d4 06 43 1c 00 c6 01 80 c1 1b 00 00 5c 00 00 
00 df 0f 03 b7 c0 00 00 00 00 00 c0 57 40 00 00 00 a0 4f 44 ba c0 c0 01 82 03 a8 10 c2 01 b2 09 
c2 01 07 08 00 00 81 ef 1a 00 00 02 04 33 00 00 01 00 08 67 01 2f 00 90 07 63 cd ab 02 80 11 00 
00 00 00 00 cc c0 c0 00 00 00 00 00 20 62 40 00 00 00 00 00 14 be c0 ff ff ff ff 31 00 00 01 00 
0c 57 02 62 cd ab 13 8e 44 65 73 74 69 74 75 74 65 20 52 65 6d 6e 61 6e 74 00 00 00 00 00 00 00 
00 00 00 00 00 00 00 00 00 10 00 00 22 d5 01 e8 45 1c 00 c6 01 80 c3 14 00 00 4e 4c 0a 00 28 00 
00 00 80 d6 e6 b7 c0 00 00 00 00 00 c0 57 40 00 00 00 fc 40 1b c3 c0 c0 01 82 01 a8 10 84 03 b2 
04 84 03 07 08 00 00 81 ef 1a 00 00 02 04 2f 00 00 01 00 0c 57 02 57 cd ab 13 8e 44 65 73 74 69 
74 75 74 65 20 4c 65 67 61 63 79 00 00 00 00 00 00 00 00 00 00 00 00 00 00 00 00 00 10 00 00 22 
d5 01 87 49 1c 00 c6 01 80 c3 14 00 00 4e 4c 0a 00 28 00 00 00 24 87 9c c0 c0 00 00 00 00 00 60 
68 40 00 00 00 10 f3 53 c5 c0 c0 01 82 01 a8 11 b6 03 b2 04 b6 03 07 08 00 00 81 ef 1a 00 00 02 
04 2d 00 00 01 00 08 67 01 35 00 90 07 62 cd ab 02 80 11 00 00 00 00 00 cc c0 c0 00 00 00 00 00 
08 81 40 00 00 00 00 00 14 be c0 ff ff ff ff 23 00 00 01 00 08 50 02 30 04 90 07 67 cd ab 02 09 
00 00 00 00 00 d9 c2 c0 00 00 00 00 00 40 60 40 00 00 00 00 00 30 c1 c0 00 00 00 00 f2 04 35 3f 
00 00 00 00 f3 04 35 3f 13 00 00 00 00 04 01 00 0e 0a 16 80 bc 56 00 9d 05 00 8a b2 00 00 b4 00 
1d 00 00 00 01 00 00 00 00 16 80 bc 56 00 9e 05 00 8a b2 00 00 09 04 1d 00 00 00 01 00 00 00 00 
16 80 bc 56 00 9f 05 00 8a b2 00 00 9d 00 1d 00 00 00 01 00 00 00 00 16 80 bc 56 00 a0 05 00 8a 
b2 00 00 06 04 01 00 00 00 01 00 00 00 00 16 80 bc 56 00 df 05 00 8a b2 00 00 23 04 02 00 00 00 
00 00 00 00 00 16 80 bc 56 00 e0 05 00 8a b2 00 00 21 04 01 00 00 00 00 00 00 00 00 16 80 bc 56 
00 e1 05 00 8a b2 00 00 b4 00 1d 00 00 00 00 00 00 00 00 16 80 bc 56 00 e2 05 00 8a b2 00 00 09 
04 1d 00 00 00 00 00 00 00 00 16 80 bc 56 00 e3 05 00 8a b2 00 00 9d 00 1d 00 00 00 00 00 00 00 
00 16 80 bc 56 00 e4 05 00 8a b2 00 00 06 04 01 00 00 00 00 00 00 00 00 
.....W.a....Destitute Trash....................."..C.........\..............W@....OD............
.............3.....g./...c.................. b@............1.....W.b....Destitute Remnant.......
............"...E.........NL..(..............W@....@........................../.....W.W....Desti
tute Legacy...................."...I.........NL..(...$.........`h@.....S........................
.-.....g.5...b....................@............#.....P.0...g.................@`@.....0........5?
......5?.............V......................V......................V......................V.....
.................V........#.............V........!.............V......................V.........
.............V......................V...................

Client->GAME [12:49:33 07/15/09] packet size: 1 CRYPTED, Flags: 7f ServerSeq: 0 ClientSeq: 11
02 
.

GAME->Client [12:49:33 07/15/09] packet size: 727 CRYPTED, Flags: 7f ServerSeq: 17 ClientSeq: 9
02 03 01 00 0c 57 02 54 cd ab 11 8e 44 65 73 74 69 74 75 74 65 20 53 63 72 61 70 00 00 00 00 00 
00 00 00 00 00 00 00 00 00 00 00 00 00 10 00 00 22 d4 b1 47 1c 00 c6 01 80 c1 1c 00 00 5c 00 00 
00 7e 89 b9 c1 c0 00 00 00 00 00 60 68 40 00 00 00 b0 af 24 c5 c0 c0 01 82 03 a8 11 db 01 b2 09 
db 01 07 08 00 00 81 ef 1a 00 00 02 04 2b 00 00 01 00 0c 57 02 5c cd ab 11 8e 44 65 73 74 69 74 
75 74 65 20 54 72 61 73 68 00 00 00 00 00 00 00 00 00 00 00 00 00 00 00 00 00 00 10 00 00 22 d4 
8d 43 1c 00 c6 01 80 c1 1c 00 00 5c 00 00 00 b8 95 da cd c0 00 00 00 00 00 c0 57 40 00 00 00 e0 
9e fb c9 c0 c0 01 82 03 a8 10 c2 01 b2 09 c2 01 07 08 00 00 81 ef 1a 00 00 02 04 29 00 00 01 00 
0c 57 02 56 cd ab 13 8e 44 65 73 74 69 74 75 74 65 20 44 65 62 72 69 73 00 00 00 00 00 00 00 00 
00 00 00 00 00 00 00 00 00 10 00 00 22 d4 cd 48 1c 00 c6 01 80 d1 12 00 00 4e 0a 00 00 00 80 3d 
e7 bf c0 00 00 00 00 a8 3c 64 40 00 00 00 20 b4 3e c5 c0 c0 01 83 01 02 a8 11 c8 02 b2 09 c8 02 
07 08 00 00 81 ef 1a 00 00 02 04 27 00 00 01 00 0c 57 02 55 cd ab 11 8e 44 65 73 74 69 74 75 74 
65 20 53 63 72 61 70 00 00 00 00 00 00 00 00 00 00 00 00 00 00 00 00 00 00 10 00 00 22 d4 76 47 
1c 00 c6 01 80 c1 1b 00 00 5c 00 00 00 74 03 88 c1 c0 00 00 00 00 00 60 68 40 00 00 00 a0 eb 42 
c6 c0 c0 01 82 03 a8 11 db 01 b2 09 db 01 07 08 00 00 81 ef 1a 00 00 02 04 25 00 00 00 00 04 01 
00 18 0c 16 80 bc 56 00 a1 05 00 24 b3 00 00 89 02 02 00 00 00 01 00 00 00 00 16 80 bc 56 00 a2 
05 00 24 b3 00 00 1a 04 01 00 00 00 01 00 00 00 00 16 80 bc 56 00 a3 05 00 24 b3 00 00 b4 00 21 
00 00 00 01 00 00 00 00 16 80 bc 56 00 a4 05 00 24 b3 00 00 09 04 21 00 00 00 01 00 00 00 00 16 
80 bc 56 00 a5 05 00 24 b3 00 00 15 04 02 00 00 00 01 00 00 00 00 16 80 bc 56 00 a6 05 00 24 b3 
00 00 b5 00 21 00 00 00 01 00 00 00 00 16 80 bc 56 00 e5 05 00 24 b3 00 00 89 02 02 00 00 00 00 
00 00 00 00 16 80 bc 56 00 e6 05 00 24 b3 00 00 1a 04 01 00 00 00 00 00 00 00 00 16 80 bc 56 00 
e7 05 00 24 b3 00 00 b4 00 21 00 00 00 00 00 00 00 00 16 80 bc 56 00 e8 05 00 24 b3 00 00 09 04 
21 00 00 00 00 00 00 00 00 16 80 bc 56 00 e9 05 00 24 b3 00 00 15 04 02 00 00 00 00 00 00 00 00 
16 80 bc 56 00 ea 05 00 24 b3 00 00 b5 00 21 00 00 00 00 00 00 00 00 
.....W.T....Destitute Scrap....................."..G.........\...~.........`h@.....$............
.............+.....W.\....Destitute Trash....................."..C.........\..............W@....
...........................).....W.V....Destitute Debris...................."..H.........N.....=
........<d@... .>..........................'.....W.U....Destitute Scrap.....................".vG
.........\...t.........`h@.....B.........................%............V....$.................V..
..$.................V....$.....!...........V....$.....!...........V....$.................V....$.
....!...........V....$.................V....$.................V....$.....!...........V....$.....
!...........V....$.................V....$.....!........

Client->GAME [12:49:33 07/15/09] packet size: 1 CRYPTED, Flags: 7f ServerSeq: 1 ClientSeq: 12
02 
.

GAME->Client [12:49:33 07/15/09] packet size: 722 CRYPTED, Flags: 7f ServerSeq: 18 ClientSeq: 11
02 03 01 00 0c 57 02 63 cd ab 13 8e 44 65 73 74 69 74 75 74 65 20 54 72 61 73 68 00 00 00 00 00 
00 00 00 00 00 00 00 00 00 00 00 00 00 10 00 00 22 d5 01 78 43 1c 00 c6 01 80 c3 1d 00 00 5c 4c 
0a 00 28 00 00 00 c0 f2 e9 b9 c0 00 00 00 00 00 c0 57 40 00 00 00 e0 01 9a b6 c0 c0 01 82 03 a8 
10 c2 01 b2 09 c2 01 07 08 00 00 81 ef 1a 00 00 02 04 21 00 00 01 00 0c 57 02 4f cd ab 13 8e 44 
65 73 74 69 74 75 74 65 20 54 72 61 73 68 00 00 00 00 00 00 00 00 00 00 00 00 00 00 00 00 00 00 
10 00 00 22 d5 01 3f 43 1c 00 c6 01 80 c3 1b 00 00 5c 4c 0a 00 28 00 00 00 80 02 4e b9 c0 00 00 
00 00 00 c0 57 40 00 00 00 71 04 03 c3 c0 c0 01 82 03 a8 10 c2 01 b2 09 c2 01 07 08 00 00 81 ef 
1a 00 00 02 04 1f 00 00 01 00 0c 57 02 64 cd ab 13 8e 44 65 73 74 69 74 75 74 65 20 54 72 61 73 
68 00 00 00 00 00 00 00 00 00 00 00 00 00 00 00 00 00 00 10 00 00 22 d5 01 4c 43 1c 00 c6 01 80 
c3 1a 00 00 5c 4c 0a 00 28 00 00 00 5c 47 fb cd c0 00 00 00 00 00 c0 57 40 00 00 00 d4 2b 50 c1 
c0 c0 01 82 03 a8 10 c2 01 b2 09 c2 01 07 08 00 00 81 ef 1a 00 00 02 04 1d 00 00 01 00 0c 57 02 
65 cd ab 13 8e 44 65 73 74 69 74 75 74 65 20 54 72 61 73 68 00 00 00 00 00 00 00 00 00 00 00 00 
00 00 00 00 00 00 10 00 00 22 d5 01 b2 43 1c 00 c6 01 80 c3 1b 00 00 5c 4c 0a 00 28 00 00 00 90 
04 35 c4 c0 00 00 00 00 00 c0 57 40 00 00 00 10 4a a6 c2 c0 c0 01 82 03 a8 10 c2 01 b2 09 c2 01 
07 08 00 00 81 ef 1a 00 00 02 04 1b 00 00 00 00 04 01 00 24 0b 16 80 bc 56 00 a7 05 00 95 a7 00 
00 b4 00 12 00 00 00 01 00 00 00 00 16 80 bc 56 00 a8 05 00 95 a7 00 00 b5 00 12 00 00 00 01 00 
00 00 00 16 80 bc 56 00 a9 05 00 95 a7 00 00 09 04 12 00 00 00 01 00 00 00 00 16 80 bc 56 00 aa 
05 00 95 a7 00 00 70 00 0f 00 00 00 01 00 00 00 00 16 80 bc 56 00 eb 05 00 95 a7 00 00 b4 00 12 
00 00 00 00 00 00 00 00 16 80 bc 56 00 ec 05 00 95 a7 00 00 b5 00 12 00 00 00 00 00 00 00 00 16 
80 bc 56 00 ed 05 00 95 a7 00 00 09 04 12 00 00 00 00 00 00 00 00 16 80 bc 56 00 ee 05 00 95 a7 
00 00 70 00 0f 00 00 00 00 00 00 00 00 16 80 bc 56 00 ab 05 00 2c b3 00 00 17 04 01 00 00 00 01 
00 00 00 00 16 80 bc 56 00 ac 05 00 2c b3 00 00 b4 00 21 00 00 00 01 00 00 00 00 16 80 bc 56 00 
ad 05 00 2c b3 00 00 09 04 21 00 00 00 01 00 00 00 00 
.....W.c....Destitute Trash....................."..xC.........\L..(..............W@.............
..................!.....W.O....Destitute Trash....................."..?C.........\L..(.....N....
....W@...q.................................W.d....Destitute Trash....................."..LC.....
....\L..(...\G.........W@....+P...............................W.e....Destitute Trash............
........."...C.........\L..(.....5........W@....J..................................$....V.......
...............V......................V......................V........p.............V...........
...........V......................V......................V........p.............V....,..........
.......V....,.....!...........V....,.....!........

Client->GAME [12:49:33 07/15/09] packet size: 1 CRYPTED, Flags: 7f ServerSeq: 2 ClientSeq: 13
02 
.

GAME->Client [12:49:33 07/15/09] packet size: 712 CRYPTED, Flags: 7f ServerSeq: 19 ClientSeq: 12
02 03 01 00 0c 57 02 66 cd ab 13 8e 44 65 73 74 69 74 75 74 65 20 54 72 61 73 68 00 00 00 00 00 
00 00 00 00 00 00 00 00 00 00 00 00 00 10 00 00 22 d5 01 6b 43 1c 00 c6 01 80 c3 1b 00 00 5c 4c 
0a 00 28 00 00 00 c0 97 0c bb c0 00 00 00 00 00 c0 57 40 00 00 00 00 70 a6 aa c0 c0 01 82 03 a8 
10 c2 01 b2 09 c2 01 07 08 00 00 81 ef 1a 00 00 02 04 19 00 00 01 00 0c 57 02 67 cd ab 13 8e 44 
65 73 74 69 74 75 74 65 20 54 72 61 73 68 00 00 00 00 00 00 00 00 00 00 00 00 00 00 00 00 00 00 
10 00 00 22 d5 01 57 43 1c 00 c6 01 80 c3 1d 00 00 5c 4c 0a 00 28 00 00 00 c0 9e fc b8 c0 00 00 
00 00 00 c0 57 40 00 00 00 80 59 9b ac c0 c0 01 82 03 a8 10 c2 01 b2 09 c2 01 07 08 00 00 81 ef 
1a 00 00 02 04 17 00 00 01 00 0c 57 02 68 cd ab 11 8e 44 65 73 74 69 74 75 74 65 20 54 72 61 73 
68 00 00 00 00 00 00 00 00 00 00 00 00 00 00 00 00 00 00 10 00 00 22 d4 4b 43 1c 00 c6 01 80 c1 
1c 00 00 5c 00 00 00 20 fb 60 c7 c0 00 00 00 00 00 c0 57 40 00 00 00 e0 1d 03 b3 c0 c0 01 82 03 
a8 10 c2 01 b2 09 c2 01 07 08 00 00 81 ef 1a 00 00 02 04 15 00 00 01 00 0c 57 02 69 cd ab 11 8e 
44 65 73 74 69 74 75 74 65 20 54 72 61 73 68 00 00 00 00 00 00 00 00 00 00 00 00 00 00 00 00 00 
00 10 00 00 22 d4 1d 43 1c 00 c6 01 80 c1 1a 00 00 5c 00 00 00 00 25 e7 b8 c0 00 00 00 00 00 c0 
57 40 00 00 c0 24 9c 72 c3 c0 c0 01 82 03 a8 10 c2 01 b2 09 c2 01 07 08 00 00 81 ef 1a 00 00 02 
04 11 00 00 00 00 04 01 00 2f 0b 16 80 bc 56 00 ae 05 00 2c b3 00 00 12 04 02 00 00 00 01 00 00 
00 00 16 80 bc 56 00 af 05 00 2c b3 00 00 07 04 02 00 00 00 01 00 00 00 00 16 80 bc 56 00 b0 05 
00 2c b3 00 00 b5 00 21 00 00 00 01 00 00 00 00 16 80 bc 56 00 ef 05 00 2c b3 00 00 17 04 01 00 
00 00 00 00 00 00 00 16 80 bc 56 00 f0 05 00 2c b3 00 00 b4 00 21 00 00 00 00 00 00 00 00 16 80 
bc 56 00 f1 05 00 2c b3 00 00 09 04 21 00 00 00 00 00 00 00 00 16 80 bc 56 00 f2 05 00 2c b3 00 
00 12 04 02 00 00 00 00 00 00 00 00 16 80 bc 56 00 f3 05 00 2c b3 00 00 07 04 02 00 00 00 00 00 
00 00 00 16 80 bc 56 00 f4 05 00 2c b3 00 00 b5 00 21 00 00 00 00 00 00 00 00 16 80 bc 56 00 b1 
05 00 c3 b2 00 00 89 02 02 00 00 00 01 00 00 00 00 16 80 bc 56 00 b2 05 00 c3 b2 00 00 21 04 02 
00 00 00 01 00 00 00 00 
.....W.f....Destitute Trash....................."..kC.........\L..(..............W@....p........
........................W.g....Destitute Trash....................."..WC.........\L..(..........
....W@....Y................................W.h....Destitute Trash.....................".KC......
...\... .`........W@.....................................W.i....Destitute Trash.................
...."..C.........\....%.........W@...$.r................................./....V....,............
.....V....,.................V....,.....!...........V....,.................V....,.....!..........
.V....,.....!...........V....,.................V....,.................V....,.....!...........V..
....................V........!..........

Client->GAME [12:49:33 07/15/09] packet size: 25 CRYPTED, Flags: 7f ServerSeq: 2 ClientSeq: 14
02 04 01 00 07 01 12 80 c9 07 00 70 03 00 00 7a c4 00 00 20 41 00 d0 84 c6 
...........p...z... A....

Client->GAME [12:49:33 07/15/09] packet size: 1 CRYPTED, Flags: 7f ServerSeq: 3 ClientSeq: 15
02 
.

GAME->Client [12:49:33 07/15/09] packet size: 729 CRYPTED, Flags: 7f ServerSeq: 20 ClientSeq: 13
82 4c 46 fb 48 03 01 00 0c 57 02 6a cd ab 13 8e 44 65 73 74 69 74 75 74 65 20 54 72 61 73 68 00 
00 00 00 00 00 00 00 00 00 00 00 00 00 00 00 00 00 10 00 00 22 d5 01 54 43 1c 00 c6 01 80 c3 1d 
00 00 5c 4c 0a 00 28 00 00 00 20 3f 4a c8 c0 00 00 00 00 00 c0 57 40 00 00 00 20 6e 81 b1 c0 c0 
01 82 03 a8 10 c2 01 b2 09 c2 01 07 08 00 00 81 ef 1a 00 00 02 04 0f 00 00 01 00 0c 57 02 6b cd 
ab 13 8e 44 65 73 74 69 74 75 74 65 20 54 72 61 73 68 00 00 00 00 00 00 00 00 00 00 00 00 00 00 
00 00 00 00 10 00 00 22 d5 01 1b 43 1c 00 c6 01 80 c3 1d 00 00 5c 4c 0a 00 28 00 00 00 c0 38 d1 
bc c0 00 00 00 00 00 c0 57 40 00 00 00 47 41 c1 c2 c0 c0 01 82 03 a8 10 c2 01 b2 09 c2 01 07 08 
00 00 81 ef 1a 00 00 02 04 0d 00 00 01 00 0c 57 02 6c cd ab 13 8e 44 65 73 74 69 74 75 74 65 20 
54 72 61 73 68 00 00 00 00 00 00 00 00 00 00 00 00 00 00 00 00 00 00 10 00 00 22 d5 01 1e 43 1c 
00 c6 01 80 c3 1a 00 00 5c 4c 0a 00 28 00 00 00 90 c8 7e c7 c0 00 00 00 00 00 c0 57 40 00 00 00 
e0 1c 07 b4 c0 c0 01 82 03 a8 10 c2 01 b2 09 c2 01 07 08 00 00 81 ef 1a 00 00 02 04 0b 00 00 01 
00 0c 57 02 53 cd ab 13 8e 44 65 73 74 69 74 75 74 65 20 54 72 61 73 68 00 00 00 00 00 00 00 00 
00 00 00 00 00 00 00 00 00 00 10 00 00 22 d5 01 f2 43 1c 00 c6 01 80 c3 1c 00 00 5c 4c 0a 00 28 
00 00 00 00 ae b2 cb c0 00 00 00 00 00 c0 57 40 00 00 00 30 57 a4 c3 c0 c0 01 82 03 a8 10 c2 01 
b2 09 c2 01 07 08 00 00 81 ef 1a 00 00 02 04 09 00 00 00 00 04 02 00 3a 09 16 80 bc 56 00 b3 05 
00 c3 b2 00 00 b4 00 1f 00 00 00 01 00 00 00 00 16 80 bc 56 00 b4 05 00 c3 b2 00 00 09 04 1f 00 
00 00 01 00 00 00 00 16 80 bc 56 00 b5 05 00 c3 b2 00 00 1e 04 01 00 00 00 01 00 00 00 00 16 80 
bc 56 00 b6 05 00 c3 b2 00 00 9d 00 1f 00 00 00 01 00 00 00 00 16 80 bc 56 00 f5 05 00 c3 b2 00 
00 89 02 02 00 00 00 00 00 00 00 00 16 80 bc 56 00 f6 05 00 c3 b2 00 00 21 04 02 00 00 00 00 00 
00 00 00 16 80 bc 56 00 f7 05 00 c3 b2 00 00 b4 00 1f 00 00 00 00 00 00 00 00 16 80 bc 56 00 f8 
05 00 c3 b2 00 00 09 04 1f 00 00 00 00 00 00 00 00 16 80 bc 56 00 f9 05 00 c3 b2 00 00 1e 04 01 
00 00 00 00 00 00 00 00 00 43 02 16 80 bc 56 00 fa 05 00 c3 b2 00 00 9d 00 1f 00 00 00 00 00 00 
00 00 16 80 bc 15 00 d2 05 00 11 00 00 00 ab 00 0d 00 00 00 01 00 00 00 00 
.LF.H....W.j....Destitute Trash....................."..TC.........\L..(... ?J........W@... n....
............................W.k....Destitute Trash....................."...C.........\L..(....8.
........W@...GA................................W.l....Destitute Trash....................."...C.
........\L..(.....~........W@.....................................W.S....Destitute Trash........
............."...C.........\L..(..............W@...0W..................................:....V...
...................V......................V......................V......................V.......
...............V........!.............V......................V......................V...........
.........C....V..........................................

Client->GAME [12:49:33 07/15/09] packet size: 1 CRYPTED, Flags: 7f ServerSeq: 4 ClientSeq: 16
02 
.

GAME->Client [12:49:33 07/15/09] packet size: 721 CRYPTED, Flags: 7f ServerSeq: 21 ClientSeq: 15
02 03 01 00 0c 57 02 6d cd ab 11 8e 44 65 73 74 69 74 75 74 65 20 54 72 61 73 68 00 00 00 00 00 
00 00 00 00 00 00 00 00 00 00 00 00 00 10 00 00 22 d4 10 43 1c 00 c6 01 80 c1 1a 00 00 5c 00 00 
00 c0 b3 a9 b8 c0 00 00 00 00 00 c0 57 40 00 00 00 60 1a e7 b8 c0 c0 01 82 03 a8 10 c2 01 b2 09 
c2 01 07 08 00 00 81 ef 1a 00 00 02 04 07 00 00 01 00 0c 57 02 6e cd ab 13 8e 44 65 73 74 69 74 
75 74 65 20 54 72 61 73 68 00 00 00 00 00 00 00 00 00 00 00 00 00 00 00 00 00 00 10 00 00 22 d4 
5e 43 1c 00 c6 01 80 d1 1b 00 00 5c 0a 00 00 00 80 8e 6b c1 c0 00 00 00 00 00 c0 57 40 00 00 00 
c0 77 72 aa c0 c0 01 83 01 03 a8 10 c2 01 b2 09 c2 01 07 08 00 00 81 ef 1a 00 00 02 04 05 00 00 
01 00 0c 57 02 5a cd ab 13 8e 44 65 73 74 69 74 75 74 65 20 54 72 61 73 68 00 00 00 00 00 00 00 
00 00 00 00 00 00 00 00 00 00 00 10 00 00 22 d5 01 58 43 1c 00 c6 01 80 c3 1b 00 00 5c 4c 0a 00 
28 00 00 00 84 8d 95 cd c0 00 00 00 00 00 c0 57 40 00 00 00 10 d2 9a c8 c0 c0 01 82 03 a8 10 c2 
01 b2 09 c2 01 07 08 00 00 81 ef 1a 00 00 02 04 03 00 00 35 00 02 0e 05 84 02 06 75 c5 00 00 be 
42 fc df 1a c6 00 00 04 01 00 45 10 16 80 bc 15 00 d3 05 00 11 00 00 00 0a 02 4d 00 00 00 01 00 
00 00 00 16 80 bc 15 00 d4 05 00 11 00 00 00 f2 03 34 00 00 00 01 00 00 00 00 16 80 bc 15 00 d5 
05 00 11 00 00 00 ed 03 4d 00 00 00 01 00 00 00 00 16 80 bc 15 00 d6 05 00 11 00 00 00 9f 00 19 
00 00 00 01 00 00 00 00 16 80 bc 15 00 d7 05 00 11 00 00 00 f1 03 34 00 00 00 01 00 00 00 00 16 
80 bc 15 00 d8 05 00 11 00 00 00 0c 02 34 00 00 00 01 00 00 00 00 16 80 bc 15 00 d9 05 00 11 00 
00 00 b7 00 4d 00 00 00 01 00 00 00 00 16 80 bc 15 00 da 05 00 11 00 00 00 f3 03 46 00 00 00 01 
00 00 00 00 0b 80 bd 05 11 00 00 00 00 00 00 00 16 80 bc 15 00 fb 05 00 11 00 00 00 ab 00 0d 00 
00 00 00 00 00 00 00 16 80 bc 15 00 fc 05 00 11 00 00 00 0a 02 4d 00 00 00 00 00 00 00 00 16 80 
bc 15 00 fd 05 00 11 00 00 00 f2 03 34 00 00 00 00 00 00 00 00 16 80 bc 15 00 fe 05 00 11 00 00 
00 ed 03 4d 00 00 00 00 00 00 00 00 16 80 bc 15 00 ff 05 00 11 00 00 00 9f 00 19 00 00 00 00 00 
00 00 00 16 80 bc 15 00 00 06 00 11 00 00 00 f1 03 34 00 00 00 00 00 00 00 00 16 80 bc 15 00 01 
06 00 11 00 00 00 0c 02 34 00 00 00 00 00 00 00 00 
.....W.m....Destitute Trash....................."..C.........\..............W@...`..............
...................W.n....Destitute Trash.....................".^C.........\......k........W@...
.wr................................W.Z....Destitute Trash....................."..XC.........\L..
(..............W@..................................5.......u....B.........E...............M.....
.................4......................M.............................................4.........
.............4......................M......................F....................................
.....................M......................4......................M............................
.................4......................4........

Client->GAME [12:49:33 07/15/09] packet size: 1 CRYPTED, Flags: 7f ServerSeq: 5 ClientSeq: 17
02 
.

