Client->GAME [12:50:18 07/15/09] packet size: 25 CRYPTED, Flags: 7f ServerSeq: 261 ClientSeq: 388
02 04 01 00 1d 01 12 81 8e 0b 00 00 00 03 00 00 00 06 00 00 00 03 00 00 00 
.........................

Client->GAME [12:50:18 07/15/09] packet size: 1 CRYPTED, Flags: 7f ServerSeq: 262 ClientSeq: 389
02 
.

GAME->Client [12:50:18 07/15/09] packet size: 75 CRYPTED, Flags: 7f ServerSeq: 375 ClientSeq: 259
02 03 37 00 02 0e 00 41 98 aa 19 c6 00 00 be 42 d7 5e 13 c6 25 00 02 0c ea 44 c3 f8 c5 00 00 be 
42 ac 70 33 c6 1d 00 02 0e 04 ef 94 bd 6c c6 00 00 be 42 a6 34 18 c6 06 00 02 0e 05 8b d2 cd 60 
c5 00 00 be 42 d1 fa 1d c6 00 00 
..7....A.......B.^..%....D......B.p3.........l....B.4..........`....B......

Client->GAME [12:50:18 07/15/09] packet size: 1 CRYPTED, Flags: 7f ServerSeq: 263 ClientSeq: 390
02 
.

GAME->Client [12:50:18 07/15/09] packet size: 696 CRYPTED, Flags: 7f ServerSeq: 376 ClientSeq: 260
02 04 01 01 29 1e 16 80 bc 15 00 90 05 00 f7 03 00 00 08 02 00 00 00 00 01 00 00 00 00 16 80 bc 
15 00 91 05 00 f7 03 00 00 07 02 ec ff ff ff 01 00 00 00 00 16 80 bc 15 00 92 05 00 f7 03 00 00 
50 04 00 00 00 00 01 00 00 00 00 16 80 bc 15 00 93 05 00 f7 03 00 00 f4 03 00 00 00 00 01 00 00 
00 00 16 80 bc 15 00 94 05 00 f7 03 00 00 51 04 f6 ff ff ff 01 00 00 00 00 16 80 bc 15 00 95 05 
00 f7 03 00 00 52 04 0f 00 00 00 01 00 00 00 00 16 80 bc 11 00 96 05 00 00 00 00 00 cb 02 00 00 
00 00 01 00 00 00 00 16 80 bc 56 00 db 05 00 0a 95 00 00 06 04 02 00 00 00 01 00 00 00 00 16 80 
bc 56 00 dc 05 00 0a 95 00 00 b4 00 11 00 00 00 01 00 00 00 00 16 80 bc 56 00 dd 05 00 0a 95 00 
00 b5 00 11 00 00 00 01 00 00 00 00 16 80 bc 56 00 de 05 00 0a 95 00 00 07 04 02 00 00 00 01 00 
00 00 00 16 80 bc 56 00 df 05 00 8a b2 00 00 23 04 02 00 00 00 01 00 00 00 00 16 80 bc 56 00 e0 
05 00 8a b2 00 00 21 04 01 00 00 00 01 00 00 00 00 16 80 bc 56 00 e1 05 00 8a b2 00 00 b4 00 1d 
00 00 00 01 00 00 00 00 16 80 bc 56 00 e2 05 00 8a b2 00 00 09 04 1d 00 00 00 01 00 00 00 00 16 
80 bc 56 00 e3 05 00 8a b2 00 00 9d 00 1d 00 00 00 01 00 00 00 00 16 80 bc 56 00 e4 05 00 8a b2 
00 00 06 04 01 00 00 00 01 00 00 00 00 16 80 bc 56 00 e5 05 00 24 b3 00 00 89 02 02 00 00 00 01 
00 00 00 00 16 80 bc 56 00 e6 05 00 24 b3 00 00 1a 04 01 00 00 00 01 00 00 00 00 16 80 bc 56 00 
e7 05 00 24 b3 00 00 b4 00 21 00 00 00 01 00 00 00 00 16 80 bc 56 00 e8 05 00 24 b3 00 00 09 04 
21 00 00 00 01 00 00 00 00 16 80 bc 56 00 e9 05 00 24 b3 00 00 15 04 02 00 00 00 01 00 00 00 00 
16 80 bc 56 00 ea 05 00 24 b3 00 00 b5 00 21 00 00 00 01 00 00 00 00 16 80 bc 56 00 eb 05 00 95 
a7 00 00 b4 00 12 00 00 00 01 00 00 00 00 16 80 bc 56 00 ec 05 00 95 a7 00 00 b5 00 12 00 00 00 
01 00 00 00 00 16 80 bc 56 00 ed 05 00 95 a7 00 00 09 04 12 00 00 00 01 00 00 00 00 16 80 bc 56 
00 ee 05 00 95 a7 00 00 70 00 0f 00 00 00 01 00 00 00 00 16 80 bc 56 00 ef 05 00 2c b3 00 00 17 
04 01 00 00 00 01 00 00 00 00 16 80 bc 56 00 f0 05 00 2c b3 00 00 b4 00 21 00 00 00 01 00 00 00 
00 16 80 bc 56 00 f1 05 00 2c b3 00 00 09 04 21 00 00 00 01 00 00 00 00 
....)...........................................................P...............................
..............Q......................R....................................V.....................
.V......................V......................V......................V........#.............V..
......!.............V......................V......................V......................V......
................V....$.................V....$.................V....$.....!...........V....$.....
!...........V....$.................V....$.....!...........V......................V..............
........V......................V........p.............V....,.................V....,.....!.......
....V....,.....!........

Client->GAME [12:50:18 07/15/09] packet size: 1 CRYPTED, Flags: 7f ServerSeq: 264 ClientSeq: 391
02 
.

GAME->Client [12:50:18 07/15/09] packet size: 696 CRYPTED, Flags: 7f ServerSeq: 377 ClientSeq: 262
02 04 01 01 47 1e 16 80 bc 56 00 f2 05 00 2c b3 00 00 12 04 02 00 00 00 01 00 00 00 00 16 80 bc 
56 00 f3 05 00 2c b3 00 00 07 04 02 00 00 00 01 00 00 00 00 16 80 bc 56 00 f4 05 00 2c b3 00 00 
b5 00 21 00 00 00 01 00 00 00 00 16 80 bc 56 00 f5 05 00 c3 b2 00 00 89 02 02 00 00 00 01 00 00 
00 00 16 80 bc 56 00 f6 05 00 c3 b2 00 00 21 04 02 00 00 00 01 00 00 00 00 16 80 bc 56 00 f7 05 
00 c3 b2 00 00 b4 00 1f 00 00 00 01 00 00 00 00 16 80 bc 56 00 f8 05 00 c3 b2 00 00 09 04 1f 00 
00 00 01 00 00 00 00 16 80 bc 56 00 f9 05 00 c3 b2 00 00 1e 04 01 00 00 00 01 00 00 00 00 16 80 
bc 56 00 fa 05 00 c3 b2 00 00 9d 00 1f 00 00 00 01 00 00 00 00 16 80 bc 55 00 04 06 00 02 00 00 
00 cc 00 0c 00 00 00 01 00 00 00 00 16 80 bc 55 00 0e 06 00 0b 00 00 00 37 02 96 00 00 00 01 00 
00 00 00 16 80 bc 55 00 0f 06 00 2d 00 00 00 23 04 0a 00 00 00 01 00 00 00 00 16 80 bc 55 00 10 
06 00 2d 00 00 00 20 04 0a 00 00 00 01 00 00 00 00 16 80 bc 55 00 11 06 00 2d 00 00 00 19 04 05 
00 00 00 01 00 00 00 00 16 80 bc 55 00 12 06 00 2d 00 00 00 42 04 05 00 00 00 01 00 00 00 00 16 
80 bc 55 00 13 06 00 34 00 00 00 83 02 c8 00 00 00 01 00 00 00 00 16 80 bc 55 00 14 06 00 4b 00 
00 00 1f 04 19 00 00 00 01 00 00 00 00 16 80 bc 55 00 15 06 00 5f 00 00 00 7c 04 0f 00 00 00 01 
00 00 00 00 16 80 bc 55 00 16 06 00 5f 00 00 00 07 04 0f 00 00 00 01 00 00 00 00 16 80 bc 55 00 
17 06 00 62 00 00 00 06 04 01 00 00 00 01 00 00 00 00 16 80 bc 55 00 18 06 00 62 00 00 00 15 04 
01 00 00 00 01 00 00 00 00 16 80 bc 55 00 19 06 00 5a 01 00 00 07 04 05 00 00 00 01 00 00 00 00 
16 80 bc 55 00 1a 06 00 5a 01 00 00 1d 04 0f 00 00 00 01 00 00 00 00 16 80 bc 55 00 1b 06 00 64 
01 00 00 1f 04 05 00 00 00 01 00 00 00 00 16 80 bc 55 00 1c 06 00 66 01 00 00 7b 04 05 00 00 00 
01 00 00 00 00 16 80 bc 55 00 1d 06 00 66 01 00 00 12 04 0a 00 00 00 01 00 00 00 00 16 80 bc 55 
00 1e 06 00 66 01 00 00 06 04 0b 00 00 00 01 00 00 00 00 16 80 bc 55 00 1f 06 00 8e 01 00 00 03 
04 05 00 00 00 01 00 00 00 00 16 80 bc 55 00 20 06 00 8e 01 00 00 12 04 0f 00 00 00 01 00 00 00 
00 16 80 bc 55 00 21 06 00 8e 01 00 00 77 04 05 00 00 00 01 00 00 00 00 
....G....V....,.................V....,.................V....,.....!...........V.................
.....V........!.............V......................V......................V.....................
.V......................U......................U........7.............U....-...#.............U..
..-... .............U....-.................U....-...B.............U....4.................U....K.
................U...._...|.............U...._.................U....b.................U....b.....
............U....Z.................U....Z.................U....d.................U....f...{.....
........U....f.................U....f.................U......................U. ................
....U.!......w..........

Client->GAME [12:50:18 07/15/09] packet size: 1 CRYPTED, Flags: 7f ServerSeq: 265 ClientSeq: 392
02 
.

GAME->Client [12:50:18 07/15/09] packet size: 700 CRYPTED, Flags: 7f ServerSeq: 378 ClientSeq: 263
02 04 02 01 65 03 16 80 bc 55 00 22 06 00 cd 01 00 00 e5 03 05 00 00 00 01 00 00 00 00 16 80 bc 
55 00 23 06 00 cd 01 00 00 73 04 05 00 00 00 01 00 00 00 00 16 80 bc 55 00 24 06 00 cd 01 00 00 
e3 03 0f 00 00 00 01 00 00 00 00 01 68 1c 16 80 bc 55 00 25 06 00 d5 01 00 00 e3 03 05 00 00 00 
01 00 00 00 00 16 80 bc 55 00 26 06 00 36 02 00 00 37 02 0a 00 00 00 01 00 00 00 00 16 80 bc 55 
00 27 06 00 74 02 00 00 34 02 1e 00 00 00 01 00 00 00 00 16 80 bc 15 00 28 06 00 11 00 00 00 ab 
00 0d 00 00 00 01 00 00 00 00 16 80 bc 15 00 29 06 00 11 00 00 00 0a 02 4d 00 00 00 01 00 00 00 
00 16 80 bc 15 00 2a 06 00 11 00 00 00 f2 03 34 00 00 00 01 00 00 00 00 16 80 bc 15 00 2b 06 00 
11 00 00 00 ed 03 4d 00 00 00 01 00 00 00 00 16 80 bc 15 00 2c 06 00 11 00 00 00 9f 00 19 00 00 
00 01 00 00 00 00 16 80 bc 15 00 2d 06 00 11 00 00 00 f1 03 34 00 00 00 01 00 00 00 00 16 80 bc 
15 00 2e 06 00 11 00 00 00 0c 02 34 00 00 00 01 00 00 00 00 16 80 bc 15 00 2f 06 00 11 00 00 00 
b7 00 4d 00 00 00 01 00 00 00 00 16 80 bc 15 00 30 06 00 11 00 00 00 f3 03 46 00 00 00 01 00 00 
00 00 0b 80 bd 05 11 00 00 00 00 00 00 00 16 80 bc 15 00 31 06 00 11 00 00 00 ab 00 0c 00 00 00 
00 00 00 00 00 16 80 bc 15 00 32 06 00 11 00 00 00 0a 02 4b 00 00 00 00 00 00 00 00 16 80 bc 15 
00 33 06 00 11 00 00 00 f2 03 31 00 00 00 00 00 00 00 00 16 80 bc 15 00 34 06 00 11 00 00 00 ed 
03 4b 00 00 00 00 00 00 00 00 16 80 bc 15 00 35 06 00 11 00 00 00 9f 00 19 00 00 00 00 00 00 00 
00 16 80 bc 15 00 36 06 00 11 00 00 00 f1 03 31 00 00 00 00 00 00 00 00 16 80 bc 15 00 37 06 00 
11 00 00 00 0c 02 34 00 00 00 00 00 00 00 00 16 80 bc 15 00 38 06 00 11 00 00 00 b7 00 46 00 00 
00 00 00 00 00 00 16 80 bc 15 00 39 06 00 11 00 00 00 f3 03 46 00 00 00 00 00 00 00 00 0b 80 bd 
05 11 00 00 00 00 00 00 01 16 80 bc 15 00 31 06 00 11 00 00 00 ab 00 0c 00 00 00 01 00 00 00 00 
16 80 bc 15 00 32 06 00 11 00 00 00 0a 02 4b 00 00 00 01 00 00 00 00 16 80 bc 15 00 33 06 00 11 
00 00 00 f2 03 31 00 00 00 01 00 00 00 00 16 80 bc 15 00 34 06 00 11 00 00 00 ed 03 4b 00 00 00 
01 00 00 00 00 16 80 bc 15 00 35 06 00 11 00 00 00 9f 00 19 00 00 00 01 00 00 00 00 
....e....U."....................U.#......s.............U.$..................h....U.%............
........U.&..6...7.............U.'..t...4...............(......................)........M.......
......*........4.............+........M.............,......................-........4...........
...........4............./........M.............0........F.........................1............
..........2........K.............3........1.............4........K.............5................
......6........1.............7........4.............8........F.............9........F...........
..............1......................2........K.............3........1.............4........K...
..........5.................

Client->GAME [12:50:18 07/15/09] packet size: 1 CRYPTED, Flags: 7f ServerSeq: 266 ClientSeq: 393
02 
.

GAME->Client [12:50:18 07/15/09] packet size: 273 CRYPTED, Flags: 7f ServerSeq: 379 ClientSeq: 264
82 f4 4b fb 48 04 01 01 84 11 16 80 bc 15 00 36 06 00 11 00 00 00 f1 03 31 00 00 00 01 00 00 00 
00 16 80 bc 15 00 37 06 00 11 00 00 00 0c 02 34 00 00 00 01 00 00 00 00 16 80 bc 15 00 38 06 00 
11 00 00 00 b7 00 46 00 00 00 01 00 00 00 00 16 80 bc 15 00 39 06 00 11 00 00 00 f3 03 46 00 00 
00 01 00 00 00 00 04 80 b3 11 00 16 80 bc 45 03 11 00 00 02 00 00 00 11 00 32 00 00 00 01 00 00 
00 00 04 80 b3 35 04 16 80 bc 45 03 35 04 00 62 00 00 00 35 04 00 00 00 00 01 00 00 00 00 04 80 
b3 3d 04 16 80 bc 45 03 3d 04 00 43 00 00 00 3d 04 00 00 00 00 01 00 00 00 00 04 80 b3 3e 04 16 
80 bc 45 03 3e 04 00 4f 01 00 00 3e 04 00 00 00 00 01 00 00 00 00 04 80 b3 3f 04 16 80 bc 45 03 
3f 04 00 64 01 00 00 3f 04 00 00 00 00 01 00 00 00 00 04 80 b3 40 04 16 80 bc 45 03 40 04 00 d5 
01 00 00 40 04 00 00 00 00 01 00 00 00 00 02 81 07 
..K.H..........6........1.............7........4.............8........F.............9........F..
..............E..........2...........5....E.5..b...5.............=....E.=..C...=.............>..
..E.>..O...>.............?....E.?..d...?.............@....E.@......@.............

Client->GAME [12:50:18 07/15/09] packet size: 13 CRYPTED, Flags: 7f ServerSeq: 267 ClientSeq: 394
02 04 01 00 1e 01 06 81 08 00 00 00 00 
.............

GAME->Client [12:50:19 07/15/09] packet size: 1 CRYPTED, Flags: 7f ServerSeq: 380 ClientSeq: 266
02 
.

GAME->Client [12:50:19 07/15/09] packet size: 1 CRYPTED, Flags: 7f ServerSeq: 381 ClientSeq: 266
42 
B

GAME->Client [12:50:19 07/15/09] packet size: 1 CRYPTED, Flags: 7f ServerSeq: 382 ClientSeq: 266
42 
B

GAME->Client [12:50:19 07/15/09] packet size: 5 CRYPTED, Flags: 7f ServerSeq: 383 ClientSeq: 266
c2 18 4c fb 48 
..L.H

Client->GAME [12:50:19 07/15/09] packet size: 1 CRYPTED, Flags: 7f ServerSeq: 270 ClientSeq: 395
42 
B

Client->GAME [12:50:19 07/15/09] packet size: 1 CRYPTED, Flags: 7f ServerSeq: 271 ClientSeq: 396
42 
B

GAME->Client [12:50:20 07/15/09] packet size: 1 CRYPTED, Flags: 7f ServerSeq: 384 ClientSeq: 266
42 
B

Client->GAME [12:50:20 07/15/09] packet size: 13 CRYPTED, Flags: 0 ServerSeq: 0 ClientSeq: 1
22 04 01 00 00 01 06 81 51 00 00 00 00 
".......Q....

GAME->Client [12:50:20 07/15/09] packet size: 72 CRYPTED, Flags: 1 ServerSeq: 2 ClientSeq: 1
02 04 01 00 03 01 41 81 67 17 00 27 00 1c 22 00 c6 01 11 00 00 00 00 00 00 00 37 00 00 08 0e 00 
41 66 74 65 72 57 68 6f 72 75 4e 65 6f 00 0e 00 41 66 74 65 72 57 68 6f 72 75 4e 65 6f 00 02 00 
4b 00 00 00 00 00 00 00 
......A.g..'.."...........7.....AfterWhoruNeo...AfterWhoruNeo...K.......

Client->GAME [12:50:20 07/15/09] packet size: 1 CRYPTED, Flags: 2 ServerSeq: 2 ClientSeq: 2
02 
.

GAME->Client [12:50:20 07/15/09] packet size: 138 CRYPTED, Flags: 3 ServerSeq: 3 ClientSeq: 2
02 04 01 00 00 03 6d 06 0e 00 03 00 00 00 23 4c fb 48 01 42 00 32 00 72 65 73 6f 75 72 63 65 2f 
77 6f 72 6c 64 73 2f 66 69 6e 61 6c 5f 77 6f 72 6c 64 2f 69 6e 74 65 72 6e 61 74 69 6f 6e 61 6c 
2f 69 74 2e 6d 65 74 72 00 29 00 48 61 6c 6c 6f 77 65 65 6e 5f 45 76 65 6e 74 2c 57 69 6e 74 65 
72 33 50 6c 75 73 48 61 6c 6c 6f 77 65 65 6e 54 53 45 43 00 0a 80 e5 e7 cb c0 12 00 00 00 00 0a 
80 e4 bc 58 7a 00 00 00 00 00 
......m.......#L.H.B.2.resource/worlds/final_world/international/it.metr.).Halloween_Event,Winte
r3PlusHalloweenTSEC................Xz.....

Client->GAME [12:50:21 07/15/09] packet size: 6 CRYPTED, Flags: 5 ServerSeq: 3 ClientSeq: 3
02 05 02 0c 00 00 
......

GAME->Client [12:50:21 07/15/09] packet size: 1 CRYPTED, Flags: 7 ServerSeq: 4 ClientSeq: 3
02 
.

Client->GAME [12:50:24 07/15/09] packet size: 8 CRYPTED, Flags: 5 ServerSeq: 3 ClientSeq: 4
02 04 01 00 01 01 01 05 
........

GAME->Client [12:50:24 07/15/09] packet size: 222 CRYPTED, Flags: f ServerSeq: 5 ClientSeq: 4
82 b2 4c fb 48 03 01 00 0c 0c 00 0d cd ab 1b 8b 81 ff 71 02 00 00 41 6e 64 65 72 73 6f 6e 00 00 
00 00 00 00 00 00 00 00 00 00 00 00 00 00 00 00 00 00 00 00 00 00 90 54 68 6f 6d 61 73 00 00 00 
00 00 00 00 00 00 00 00 00 00 00 00 00 00 00 00 00 00 00 00 00 00 00 80 d8 28 0a 0c 00 00 00 01 
8e 81 ff f7 00 31 5e 00 00 c6 67 00 41 66 74 65 72 57 68 6f 72 75 4e 65 6f 00 00 00 00 00 00 00 
00 00 00 00 00 00 00 00 00 00 00 00 28 0a fd 64 01 00 00 67 00 75 d4 01 00 4b b1 00 00 00 00 73 
1a e9 88 80 60 04 00 02 8e 00 00 00 f7 00 9d 00 00 00 00 00 14 ce 40 00 00 00 00 00 c0 57 40 00 
00 00 00 80 47 df c0 81 ff 32 22 80 81 88 52 ac 1e 1c 01 11 00 00 00 67 00 02 00 00 00 00 
..L.H.............q...Anderson.........................Thomas............................(......
.....1^...g.AfterWhoruNeo...................(..d...g.u...K.....s....`.................@......W@.
....G....2"...R........g......

Client->GAME [12:50:25 07/15/09] packet size: 12
00 00 00 00 00 01 04 08 e0 0b ca 00 
............

GAME->Client [12:50:25 07/15/09] packet size: 12
00 00 00 00 00 01 04 08 e0 0b ca 00 
............

Client->GAME [12:50:26 07/15/09] packet size: 55 CRYPTED, Flags: 17 ServerSeq: 5 ClientSeq: 5
02 03 02 00 02 60 08 41 6e 64 65 72 73 6f 6e 06 54 68 6f 6d 61 73 00 00 04 01 00 02 05 02 80 be 
07 3f 4e 00 10 00 00 00 08 3e 6b 00 10 00 00 00 00 02 81 48 02 0c 01 
.....`.Anderson.Thomas...........?N......>k........H...

GAME->Client [12:50:26 07/15/09] packet size: 706 CRYPTED, Flags: 1f ServerSeq: 6 ClientSeq: 5
02 03 01 00 0c 0c 00 0d cd ab 1b 8b 81 ff 71 02 00 00 41 6e 64 65 72 73 6f 6e 00 00 00 00 00 00 
00 00 00 00 00 00 00 00 00 00 00 00 00 00 00 00 00 00 90 54 68 6f 6d 61 73 00 00 00 00 00 00 00 
00 00 00 00 00 00 00 00 00 00 00 00 00 00 00 00 00 00 00 80 d8 28 0a 0c 00 00 00 01 8e 81 ff f7 
00 31 5e 00 00 c6 67 00 41 66 74 65 72 57 68 6f 72 75 4e 65 6f 00 00 00 00 00 00 00 00 00 00 00 
00 00 00 00 00 00 00 00 28 0a fd 64 01 00 00 67 00 75 d4 01 00 4b b1 00 00 00 00 73 1a e9 88 80 
60 04 00 02 8e 00 00 00 f7 00 9d 00 00 00 00 00 14 ce 40 00 00 00 00 00 c0 57 40 00 00 00 00 80 
47 df c0 81 ff 32 22 80 81 88 52 ac 1e 1c 01 11 00 00 00 67 00 02 00 00 00 00 04 01 00 04 15 16 
80 bc 15 00 31 06 00 f7 03 00 00 08 02 00 00 00 00 00 00 00 00 00 16 80 bc 15 00 32 06 00 f7 03 
00 00 07 02 ec ff ff ff 00 00 00 00 00 16 80 bc 15 00 33 06 00 f7 03 00 00 50 04 00 00 00 00 00 
00 00 00 00 16 80 bc 15 00 34 06 00 f7 03 00 00 f4 03 00 00 00 00 00 00 00 00 00 16 80 bc 15 00 
35 06 00 f7 03 00 00 51 04 f6 ff ff ff 00 00 00 00 00 16 80 bc 15 00 36 06 00 f7 03 00 00 52 04 
0f 00 00 00 00 00 00 00 00 16 80 bc 11 00 37 06 00 00 00 00 00 cb 02 00 00 00 00 00 00 00 00 00 
16 80 bc 56 00 38 06 00 0a 95 00 00 06 04 02 00 00 00 00 00 00 00 00 16 80 bc 56 00 39 06 00 0a 
95 00 00 b4 00 11 00 00 00 00 00 00 00 00 16 80 bc 56 00 3a 06 00 0a 95 00 00 b5 00 11 00 00 00 
00 00 00 00 00 16 80 bc 56 00 3b 06 00 0a 95 00 00 07 04 02 00 00 00 00 00 00 00 00 16 80 bc 56 
00 3c 06 00 8a b2 00 00 23 04 02 00 00 00 00 00 00 00 00 16 80 bc 56 00 3d 06 00 8a b2 00 00 21 
04 01 00 00 00 00 00 00 00 00 16 80 bc 56 00 3e 06 00 8a b2 00 00 b4 00 1d 00 00 00 00 00 00 00 
00 16 80 bc 56 00 3f 06 00 8a b2 00 00 09 04 1d 00 00 00 00 00 00 00 00 16 80 bc 56 00 40 06 00 
8a b2 00 00 9d 00 1d 00 00 00 00 00 00 00 00 16 80 bc 56 00 41 06 00 8a b2 00 00 06 04 01 00 00 
00 00 00 00 00 00 16 80 bc 56 00 42 06 00 24 b3 00 00 89 02 02 00 00 00 00 00 00 00 00 16 80 bc 
56 00 43 06 00 24 b3 00 00 1a 04 01 00 00 00 00 00 00 00 00 16 80 bc 56 00 44 06 00 24 b3 00 00 
b4 00 21 00 00 00 00 00 00 00 00 16 80 bc 56 00 45 06 00 24 b3 00 00 09 04 21 00 00 00 00 00 00 
00 00 
..............q...Anderson.........................Thomas............................(..........
.1^...g.AfterWhoruNeo...................(..d...g.u...K.....s....`.................@......W@.....
G....2"...R........g................1......................2......................3......P......
.........4......................5......Q...............6......R...............7.................
...V.8....................V.9....................V.:....................V.;....................V
.<......#.............V.=......!.............V.>....................V.?....................V.@..
..................V.A....................V.B..$.................V.C..$.................V.D..$...
..!...........V.E..$.....!........

Client->GAME [12:50:26 07/15/09] packet size: 1 CRYPTED, Flags: 2f ServerSeq: 6 ClientSeq: 6
02 
.

GAME->Client [12:50:26 07/15/09] packet size: 700 CRYPTED, Flags: 1f ServerSeq: 7 ClientSeq: 5
82 e7 4c fb 48 04 01 00 19 1e 16 80 bc 56 00 46 06 00 24 b3 00 00 15 04 02 00 00 00 00 00 00 00 
00 16 80 bc 56 00 47 06 00 24 b3 00 00 b5 00 21 00 00 00 00 00 00 00 00 16 80 bc 56 00 48 06 00 
95 a7 00 00 b4 00 12 00 00 00 00 00 00 00 00 16 80 bc 56 00 49 06 00 95 a7 00 00 b5 00 12 00 00 
00 00 00 00 00 00 16 80 bc 56 00 4a 06 00 95 a7 00 00 09 04 12 00 00 00 00 00 00 00 00 16 80 bc 
56 00 4b 06 00 95 a7 00 00 70 00 0f 00 00 00 00 00 00 00 00 16 80 bc 56 00 4c 06 00 2c b3 00 00 
17 04 01 00 00 00 00 00 00 00 00 16 80 bc 56 00 4d 06 00 2c b3 00 00 b4 00 21 00 00 00 00 00 00 
00 00 16 80 bc 56 00 4e 06 00 2c b3 00 00 09 04 21 00 00 00 00 00 00 00 00 16 80 bc 56 00 4f 06 
00 2c b3 00 00 12 04 02 00 00 00 00 00 00 00 00 16 80 bc 56 00 50 06 00 2c b3 00 00 07 04 02 00 
00 00 00 00 00 00 00 16 80 bc 56 00 51 06 00 2c b3 00 00 b5 00 21 00 00 00 00 00 00 00 00 16 80 
bc 56 00 52 06 00 c3 b2 00 00 89 02 02 00 00 00 00 00 00 00 00 16 80 bc 56 00 53 06 00 c3 b2 00 
00 21 04 02 00 00 00 00 00 00 00 00 16 80 bc 56 00 54 06 00 c3 b2 00 00 b4 00 1f 00 00 00 00 00 
00 00 00 16 80 bc 56 00 55 06 00 c3 b2 00 00 09 04 1f 00 00 00 00 00 00 00 00 16 80 bc 56 00 56 
06 00 c3 b2 00 00 1e 04 01 00 00 00 00 00 00 00 00 16 80 bc 56 00 57 06 00 c3 b2 00 00 9d 00 1f 
00 00 00 00 00 00 00 00 16 80 bc 55 00 58 06 00 02 00 00 00 cc 00 0c 00 00 00 00 00 00 00 00 16 
80 bc 55 00 59 06 00 0b 00 00 00 37 02 96 00 00 00 00 00 00 00 00 16 80 bc 55 00 5a 06 00 2d 00 
00 00 23 04 0a 00 00 00 00 00 00 00 00 16 80 bc 55 00 5b 06 00 2d 00 00 00 20 04 0a 00 00 00 00 
00 00 00 00 16 80 bc 55 00 5c 06 00 2d 00 00 00 19 04 05 00 00 00 00 00 00 00 00 16 80 bc 55 00 
5d 06 00 2d 00 00 00 42 04 05 00 00 00 00 00 00 00 00 16 80 bc 55 00 5e 06 00 34 00 00 00 83 02 
c8 00 00 00 00 00 00 00 00 16 80 bc 55 00 5f 06 00 4b 00 00 00 1f 04 19 00 00 00 00 00 00 00 00 
16 80 bc 55 00 60 06 00 5f 00 00 00 7c 04 0f 00 00 00 00 00 00 00 00 16 80 bc 55 00 61 06 00 5f 
00 00 00 07 04 0f 00 00 00 00 00 00 00 00 16 80 bc 55 00 62 06 00 62 00 00 00 06 04 01 00 00 00 
00 00 00 00 00 16 80 bc 55 00 63 06 00 62 00 00 00 15 04 01 00 00 00 00 00 00 00 00 
..L.H........V.F..$.................V.G..$.....!...........V.H....................V.I...........
.........V.J....................V.K......p.............V.L..,.................V.M..,.....!......
.....V.N..,.....!...........V.O..,.................V.P..,.................V.Q..,.....!..........
.V.R....................V.S......!.............V.T....................V.U....................V.V
....................V.W....................U.X....................U.Y......7.............U.Z..-.
..#.............U.[..-... .............U.\..-.................U.]..-...B.............U.^..4.....
............U._..K.................U.`.._...|.............U.a.._.................U.b..b.........
........U.c..b..............

Client->GAME [12:50:26 07/15/09] packet size: 1 CRYPTED, Flags: 5f ServerSeq: 7 ClientSeq: 7
02 
.

GAME->Client [12:50:26 07/15/09] packet size: 711 CRYPTED, Flags: 1f ServerSeq: 8 ClientSeq: 5
02 04 02 00 37 0c 16 80 bc 55 00 64 06 00 5a 01 00 00 07 04 05 00 00 00 00 00 00 00 00 16 80 bc 
55 00 65 06 00 5a 01 00 00 1d 04 0f 00 00 00 00 00 00 00 00 16 80 bc 55 00 66 06 00 64 01 00 00 
1f 04 05 00 00 00 00 00 00 00 00 16 80 bc 55 00 67 06 00 66 01 00 00 7b 04 05 00 00 00 00 00 00 
00 00 16 80 bc 55 00 68 06 00 66 01 00 00 12 04 0a 00 00 00 00 00 00 00 00 16 80 bc 55 00 69 06 
00 66 01 00 00 06 04 0b 00 00 00 00 00 00 00 00 16 80 bc 55 00 6a 06 00 8e 01 00 00 03 04 05 00 
00 00 00 00 00 00 00 16 80 bc 55 00 6b 06 00 8e 01 00 00 12 04 0f 00 00 00 00 00 00 00 00 16 80 
bc 55 00 6c 06 00 8e 01 00 00 77 04 05 00 00 00 00 00 00 00 00 16 80 bc 55 00 6d 06 00 cd 01 00 
00 e5 03 05 00 00 00 00 00 00 00 00 16 80 bc 55 00 6e 06 00 cd 01 00 00 73 04 05 00 00 00 00 00 
00 00 00 16 80 bc 55 00 6f 06 00 cd 01 00 00 e3 03 0f 00 00 00 00 00 00 00 00 00 43 13 16 80 bc 
55 00 70 06 00 d5 01 00 00 e3 03 05 00 00 00 00 00 00 00 00 16 80 bc 55 00 71 06 00 36 02 00 00 
37 02 0a 00 00 00 00 00 00 00 00 16 80 bc 55 00 72 06 00 74 02 00 00 34 02 1e 00 00 00 00 00 00 
00 00 16 80 bc 15 00 73 06 00 11 00 00 00 ab 00 0d 00 00 00 00 00 00 00 00 16 80 bc 15 00 74 06 
00 11 00 00 00 0a 02 4d 00 00 00 00 00 00 00 00 16 80 bc 15 00 75 06 00 11 00 00 00 f2 03 34 00 
00 00 00 00 00 00 00 16 80 bc 15 00 76 06 00 11 00 00 00 ed 03 4d 00 00 00 00 00 00 00 00 16 80 
bc 15 00 77 06 00 11 00 00 00 9f 00 19 00 00 00 00 00 00 00 00 16 80 bc 15 00 78 06 00 11 00 00 
00 f1 03 34 00 00 00 00 00 00 00 00 16 80 bc 15 00 79 06 00 11 00 00 00 0c 02 34 00 00 00 00 00 
00 00 00 16 80 bc 15 00 7a 06 00 11 00 00 00 b7 00 4d 00 00 00 00 00 00 00 00 16 80 bc 15 00 7b 
06 00 11 00 00 00 f3 03 46 00 00 00 00 00 00 00 00 16 80 bc 45 03 11 00 00 02 00 00 00 11 00 32 
00 00 00 00 00 00 00 00 16 80 bc 45 03 35 04 00 62 00 00 00 35 04 00 00 00 00 00 00 00 00 00 16 
80 bc 45 03 3d 04 00 43 00 00 00 3d 04 00 00 00 00 00 00 00 00 00 16 80 bc 45 03 3e 04 00 4f 01 
00 00 3e 04 00 00 00 00 00 00 00 00 00 16 80 bc 45 03 3f 04 00 64 01 00 00 3f 04 00 00 00 00 00 
00 00 00 00 16 80 bc 45 03 40 04 00 d5 01 00 00 40 04 00 00 00 00 00 00 00 00 00 0b 80 bd 05 11 
00 00 00 00 00 00 01 
....7....U.d..Z.................U.e..Z.................U.f..d.................U.g..f...{........
.....U.h..f.................U.i..f.................U.j....................U.k...................
.U.l......w.............U.m....................U.n......s.............U.o..................C....
U.p....................U.q..6...7.............U.r..t...4...............s......................t.
.......M.............u........4.............v........M.............w......................x.....
...4.............y........4.............z........M.............{........F...........E..........2
...........E.5..b...5.............E.=..C...=.............E.>..O...>.............E.?..d...?......
.......E.@......@......................

Client->GAME [12:50:26 07/15/09] packet size: 1 CRYPTED, Flags: 3f ServerSeq: 8 ClientSeq: 8
02 
.

GAME->Client [12:50:26 07/15/09] packet size: 696 CRYPTED, Flags: 7f ServerSeq: 9 ClientSeq: 7
02 04 01 00 56 1e 16 80 bc 56 00 38 06 00 0a 95 00 00 06 04 02 00 00 00 01 00 00 00 00 16 80 bc 
56 00 39 06 00 0a 95 00 00 b4 00 11 00 00 00 01 00 00 00 00 16 80 bc 56 00 3a 06 00 0a 95 00 00 
b5 00 11 00 00 00 01 00 00 00 00 16 80 bc 56 00 3b 06 00 0a 95 00 00 07 04 02 00 00 00 01 00 00 
00 00 16 80 bc 56 00 7c 06 00 0a 95 00 00 06 04 02 00 00 00 00 00 00 00 00 16 80 bc 56 00 7d 06 
00 0a 95 00 00 b4 00 11 00 00 00 00 00 00 00 00 16 80 bc 56 00 7e 06 00 0a 95 00 00 b5 00 11 00 
00 00 00 00 00 00 00 16 80 bc 56 00 7f 06 00 0a 95 00 00 07 04 02 00 00 00 00 00 00 00 00 16 80 
bc 56 00 3c 06 00 8a b2 00 00 23 04 02 00 00 00 01 00 00 00 00 16 80 bc 56 00 3d 06 00 8a b2 00 
00 21 04 01 00 00 00 01 00 00 00 00 16 80 bc 56 00 3e 06 00 8a b2 00 00 b4 00 1d 00 00 00 01 00 
00 00 00 16 80 bc 56 00 3f 06 00 8a b2 00 00 09 04 1d 00 00 00 01 00 00 00 00 16 80 bc 56 00 40 
06 00 8a b2 00 00 9d 00 1d 00 00 00 01 00 00 00 00 16 80 bc 56 00 41 06 00 8a b2 00 00 06 04 01 
00 00 00 01 00 00 00 00 16 80 bc 56 00 80 06 00 8a b2 00 00 23 04 02 00 00 00 00 00 00 00 00 16 
80 bc 56 00 81 06 00 8a b2 00 00 21 04 01 00 00 00 00 00 00 00 00 16 80 bc 56 00 82 06 00 8a b2 
00 00 b4 00 1d 00 00 00 00 00 00 00 00 16 80 bc 56 00 83 06 00 8a b2 00 00 09 04 1d 00 00 00 00 
00 00 00 00 16 80 bc 56 00 84 06 00 8a b2 00 00 9d 00 1d 00 00 00 00 00 00 00 00 16 80 bc 56 00 
85 06 00 8a b2 00 00 06 04 01 00 00 00 00 00 00 00 00 16 80 bc 56 00 42 06 00 24 b3 00 00 89 02 
02 00 00 00 01 00 00 00 00 16 80 bc 56 00 43 06 00 24 b3 00 00 1a 04 01 00 00 00 01 00 00 00 00 
16 80 bc 56 00 44 06 00 24 b3 00 00 b4 00 21 00 00 00 01 00 00 00 00 16 80 bc 56 00 45 06 00 24 
b3 00 00 09 04 21 00 00 00 01 00 00 00 00 16 80 bc 56 00 46 06 00 24 b3 00 00 15 04 02 00 00 00 
01 00 00 00 00 16 80 bc 56 00 47 06 00 24 b3 00 00 b5 00 21 00 00 00 01 00 00 00 00 16 80 bc 56 
00 86 06 00 24 b3 00 00 89 02 02 00 00 00 00 00 00 00 00 16 80 bc 56 00 87 06 00 24 b3 00 00 1a 
04 01 00 00 00 00 00 00 00 00 16 80 bc 56 00 88 06 00 24 b3 00 00 b4 00 21 00 00 00 00 00 00 00 
00 16 80 bc 56 00 89 06 00 24 b3 00 00 09 04 21 00 00 00 00 00 00 00 00 
....V....V.8....................V.9....................V.:....................V.;...............
.....V.|....................V.}....................V.~....................V.....................
.V.<......#.............V.=......!.............V.>....................V.?....................V.@
....................V.A....................V........#.............V........!.............V......
................V......................V......................V......................V.B..$.....
............V.C..$.................V.D..$.....!...........V.E..$.....!...........V.F..$.........
........V.G..$.....!...........V....$.................V....$.................V....$.....!.......
....V....$.....!........

Client->GAME [12:50:26 07/15/09] packet size: 1 CRYPTED, Flags: 7f ServerSeq: 9 ClientSeq: 9
02 
.

GAME->Client [12:50:26 07/15/09] packet size: 696 CRYPTED, Flags: 7f ServerSeq: 10 ClientSeq: 8
02 04 01 00 74 1e 16 80 bc 56 00 8a 06 00 24 b3 00 00 15 04 02 00 00 00 00 00 00 00 00 16 80 bc 
56 00 8b 06 00 24 b3 00 00 b5 00 21 00 00 00 00 00 00 00 00 16 80 bc 56 00 48 06 00 95 a7 00 00 
b4 00 12 00 00 00 01 00 00 00 00 16 80 bc 56 00 49 06 00 95 a7 00 00 b5 00 12 00 00 00 01 00 00 
00 00 16 80 bc 56 00 4a 06 00 95 a7 00 00 09 04 12 00 00 00 01 00 00 00 00 16 80 bc 56 00 4b 06 
00 95 a7 00 00 70 00 0f 00 00 00 01 00 00 00 00 16 80 bc 56 00 8c 06 00 95 a7 00 00 b4 00 12 00 
00 00 00 00 00 00 00 16 80 bc 56 00 8d 06 00 95 a7 00 00 b5 00 12 00 00 00 00 00 00 00 00 16 80 
bc 56 00 8e 06 00 95 a7 00 00 09 04 12 00 00 00 00 00 00 00 00 16 80 bc 56 00 8f 06 00 95 a7 00 
00 70 00 0f 00 00 00 00 00 00 00 00 16 80 bc 56 00 4c 06 00 2c b3 00 00 17 04 01 00 00 00 01 00 
00 00 00 16 80 bc 56 00 4d 06 00 2c b3 00 00 b4 00 21 00 00 00 01 00 00 00 00 16 80 bc 56 00 4e 
06 00 2c b3 00 00 09 04 21 00 00 00 01 00 00 00 00 16 80 bc 56 00 4f 06 00 2c b3 00 00 12 04 02 
00 00 00 01 00 00 00 00 16 80 bc 56 00 50 06 00 2c b3 00 00 07 04 02 00 00 00 01 00 00 00 00 16 
80 bc 56 00 51 06 00 2c b3 00 00 b5 00 21 00 00 00 01 00 00 00 00 16 80 bc 56 00 90 06 00 2c b3 
00 00 17 04 01 00 00 00 00 00 00 00 00 16 80 bc 56 00 91 06 00 2c b3 00 00 b4 00 21 00 00 00 00 
00 00 00 00 16 80 bc 56 00 92 06 00 2c b3 00 00 09 04 21 00 00 00 00 00 00 00 00 16 80 bc 56 00 
93 06 00 2c b3 00 00 12 04 02 00 00 00 00 00 00 00 00 16 80 bc 56 00 94 06 00 2c b3 00 00 07 04 
02 00 00 00 00 00 00 00 00 16 80 bc 56 00 95 06 00 2c b3 00 00 b5 00 21 00 00 00 00 00 00 00 00 
16 80 bc 56 00 52 06 00 c3 b2 00 00 89 02 02 00 00 00 01 00 00 00 00 16 80 bc 56 00 53 06 00 c3 
b2 00 00 21 04 02 00 00 00 01 00 00 00 00 16 80 bc 56 00 54 06 00 c3 b2 00 00 b4 00 1f 00 00 00 
01 00 00 00 00 16 80 bc 56 00 55 06 00 c3 b2 00 00 09 04 1f 00 00 00 01 00 00 00 00 16 80 bc 56 
00 56 06 00 c3 b2 00 00 1e 04 01 00 00 00 01 00 00 00 00 16 80 bc 56 00 57 06 00 c3 b2 00 00 9d 
00 1f 00 00 00 01 00 00 00 00 16 80 bc 56 00 96 06 00 c3 b2 00 00 89 02 02 00 00 00 00 00 00 00 
00 16 80 bc 56 00 97 06 00 c3 b2 00 00 21 04 02 00 00 00 00 00 00 00 00 
....t....V....$.................V....$.....!...........V.H....................V.I...............
.....V.J....................V.K......p.............V......................V.....................
.V......................V........p.............V.L..,.................V.M..,.....!...........V.N
..,.....!...........V.O..,.................V.P..,.................V.Q..,.....!...........V....,.
................V....,.....!...........V....,.....!...........V....,.................V....,.....
............V....,.....!...........V.R....................V.S......!.............V.T............
........V.U....................V.V....................V.W....................V..................
....V........!..........

Client->GAME [12:50:26 07/15/09] packet size: 1 CRYPTED, Flags: 7f ServerSeq: 10 ClientSeq: 10
02 
.

GAME->Client [12:50:26 07/15/09] packet size: 700 CRYPTED, Flags: 7f ServerSeq: 11 ClientSeq: 9
02 04 02 00 92 03 16 80 bc 56 00 98 06 00 c3 b2 00 00 b4 00 1f 00 00 00 00 00 00 00 00 16 80 bc 
56 00 99 06 00 c3 b2 00 00 09 04 1f 00 00 00 00 00 00 00 00 16 80 bc 56 00 9a 06 00 c3 b2 00 00 
1e 04 01 00 00 00 00 00 00 00 00 00 95 1c 16 80 bc 56 00 9b 06 00 c3 b2 00 00 9d 00 1f 00 00 00 
00 00 00 00 00 16 80 bc 15 00 73 06 00 11 00 00 00 ab 00 0d 00 00 00 01 00 00 00 00 16 80 bc 15 
00 74 06 00 11 00 00 00 0a 02 4d 00 00 00 01 00 00 00 00 16 80 bc 15 00 75 06 00 11 00 00 00 f2 
03 34 00 00 00 01 00 00 00 00 16 80 bc 15 00 76 06 00 11 00 00 00 ed 03 4d 00 00 00 01 00 00 00 
00 16 80 bc 15 00 77 06 00 11 00 00 00 9f 00 19 00 00 00 01 00 00 00 00 16 80 bc 15 00 78 06 00 
11 00 00 00 f1 03 34 00 00 00 01 00 00 00 00 16 80 bc 15 00 79 06 00 11 00 00 00 0c 02 34 00 00 
00 01 00 00 00 00 16 80 bc 15 00 7a 06 00 11 00 00 00 b7 00 4d 00 00 00 01 00 00 00 00 16 80 bc 
15 00 7b 06 00 11 00 00 00 f3 03 46 00 00 00 01 00 00 00 00 0b 80 bd 05 11 00 00 00 00 00 00 00 
16 80 bc 15 00 9c 06 00 11 00 00 00 ab 00 0d 00 00 00 00 00 00 00 00 16 80 bc 15 00 9d 06 00 11 
00 00 00 0a 02 4d 00 00 00 00 00 00 00 00 16 80 bc 15 00 9e 06 00 11 00 00 00 f2 03 34 00 00 00 
00 00 00 00 00 16 80 bc 15 00 9f 06 00 11 00 00 00 ed 03 4d 00 00 00 00 00 00 00 00 16 80 bc 15 
00 a0 06 00 11 00 00 00 9f 00 19 00 00 00 00 00 00 00 00 16 80 bc 15 00 a1 06 00 11 00 00 00 f1 
03 34 00 00 00 00 00 00 00 00 16 80 bc 15 00 a2 06 00 11 00 00 00 0c 02 34 00 00 00 00 00 00 00 
00 16 80 bc 15 00 a3 06 00 11 00 00 00 b7 00 4d 00 00 00 00 00 00 00 00 16 80 bc 15 00 a4 06 00 
11 00 00 00 f3 03 46 00 00 00 00 00 00 00 00 0b 80 bd 05 11 00 00 00 00 00 00 01 16 80 bc 15 00 
9c 06 00 11 00 00 00 ab 00 0d 00 00 00 01 00 00 00 00 16 80 bc 15 00 9d 06 00 11 00 00 00 0a 02 
4d 00 00 00 01 00 00 00 00 16 80 bc 15 00 9e 06 00 11 00 00 00 f2 03 34 00 00 00 01 00 00 00 00 
16 80 bc 15 00 9f 06 00 11 00 00 00 ed 03 4d 00 00 00 01 00 00 00 00 16 80 bc 15 00 a0 06 00 11 
00 00 00 9f 00 19 00 00 00 01 00 00 00 00 16 80 bc 15 00 a1 06 00 11 00 00 00 f1 03 34 00 00 00 
01 00 00 00 00 16 80 bc 15 00 a2 06 00 11 00 00 00 0c 02 34 00 00 00 01 00 00 00 00 
.........V......................V......................V.........................V..............
..........s......................t........M.............u........4.............v........M.......
......w......................x........4.............y........4.............z........M...........
..{........F.........................................................M......................4...
...................M.............................................4......................4.......
...............M......................F.........................................................
M......................4......................M.............................................4...
...................4........

Client->GAME [12:50:26 07/15/09] packet size: 1 CRYPTED, Flags: 7f ServerSeq: 11 ClientSeq: 11
02 
.

GAME->Client [12:50:26 07/15/09] packet size: 720 CRYPTED, Flags: 7f ServerSeq: 12 ClientSeq: 10
02 03 01 00 0c 57 02 0e cd ab 11 8e 53 69 73 74 65 72 73 20 6f 66 20 46 61 74 65 20 53 74 75 64 
65 6e 74 00 00 00 00 00 00 00 00 00 00 10 00 00 22 c4 88 01 80 d1 ce 09 00 58 0a 00 00 00 a0 f4 
4b c3 40 00 00 00 00 00 c0 57 40 00 00 00 d8 6d d2 df c0 c0 01 83 01 03 a8 0b 45 01 b2 09 45 01 
07 08 00 00 80 02 02 2d 00 00 01 00 0c 57 02 0f cd ab 12 8e 53 69 73 74 65 72 73 20 6f 66 20 46 
61 74 65 20 4d 69 73 74 72 65 73 73 00 00 00 00 00 00 00 00 00 10 00 00 22 d5 01 9e 57 1c 00 c6 
01 80 c3 cf 09 00 58 4c 0a 00 28 00 00 00 19 ca 37 d0 40 00 00 00 00 00 c0 57 40 00 00 00 b0 5d 
8c df c0 c0 01 82 03 a8 0d 77 01 b2 09 77 01 07 08 00 00 80 02 03 2b 00 00 01 00 0c 57 02 10 cd 
ab 12 8e 53 69 73 74 65 72 73 20 6f 66 20 46 61 74 65 20 4d 69 73 74 72 65 73 73 00 00 00 00 00 
00 00 00 00 10 00 00 22 d5 01 a3 57 1c 00 c6 01 80 c3 ce 09 00 58 4c 0a 00 28 00 00 00 96 7d 5a 
d0 40 00 00 00 00 00 c0 57 40 00 00 00 f0 cc 53 df c0 c0 01 82 03 a8 0d 77 01 b2 09 77 01 07 08 
00 00 80 02 03 29 00 00 01 00 0c 57 02 11 cd ab 11 8e 53 69 73 74 65 72 73 20 6f 66 20 46 61 74 
65 20 4d 69 73 74 72 65 73 73 00 00 00 00 00 00 00 00 00 10 00 00 22 d4 f9 57 1c 00 c6 01 80 c1 
ce 09 00 58 00 00 00 78 e7 93 d3 40 00 00 00 00 00 90 7f c0 00 00 00 8c 97 29 e0 c0 c0 01 83 04 
03 a8 0d 77 01 b2 09 77 01 07 08 00 00 80 02 03 27 00 00 01 00 0c 76 a7 82 cd ab 03 0d 00 00 00 
00 00 12 c6 40 00 00 00 00 00 60 63 40 00 00 00 00 80 db dc c0 35 08 00 00 00 00 00 00 8f c2 35 
bf 00 00 00 00 8f c2 35 bf 1f 00 00 00 00 04 01 00 b1 0b 16 80 bc 15 00 a3 06 00 11 00 00 00 b7 
00 4d 00 00 00 01 00 00 00 00 16 80 bc 15 00 a4 06 00 11 00 00 00 f3 03 46 00 00 00 01 00 00 00 
00 04 80 b3 11 00 16 80 bc 45 03 11 00 00 02 00 00 00 11 00 32 00 00 00 01 00 00 00 00 16 80 bc 
55 00 58 06 00 02 00 00 00 cc 00 0c 00 00 00 01 00 00 00 00 08 80 b2 11 00 32 00 08 02 16 80 bc 
45 03 11 00 00 02 00 00 00 11 00 32 00 00 00 00 00 00 00 00 16 80 bc 55 00 a5 06 00 02 00 00 00 
cc 00 0c 00 00 00 00 00 00 00 00 16 80 bc 15 00 a6 06 00 11 00 00 00 ab 00 0d 00 00 00 00 00 00 
00 00 16 80 bc 15 00 a7 06 00 11 00 00 00 0a 02 4d 00 00 00 00 00 00 00 00 16 80 bc 15 00 a8 06 
00 11 00 00 00 f2 03 34 00 00 00 00 00 00 00 00 
.....W......Sisters of Fate Student............."........X......K.@......W@....m..........E...E.
.......-.....W......Sisters of Fate Mistress............"...W.........XL..(.....7.@......W@....]
.........w...w........+.....W......Sisters of Fate Mistress............"...W.........XL..(....}Z
.@......W@.....S........w...w........).....W......Sisters of Fate Mistress............"..W......
...X...x...@.............).........w...w........'.....v.............@.....`c@........5.........5
.......5.........................M......................F................E..........2...........
U.X......................2......E..........2...........U........................................
................M......................4........

Client->GAME [12:50:26 07/15/09] packet size: 1 CRYPTED, Flags: 7f ServerSeq: 12 ClientSeq: 12
02 
.

GAME->Client [12:50:27 07/15/09] packet size: 723 CRYPTED, Flags: 7f ServerSeq: 13 ClientSeq: 11
02 03 01 00 02 13 00 27 00 02 0c 03 3c 9f 9c 46 00 80 fc c3 bc 4c 01 c7 01 00 0c 57 02 12 cd ab 
10 8e 53 69 73 74 65 72 73 20 6f 66 20 46 61 74 65 20 4d 69 73 74 72 65 73 73 00 00 00 00 00 00 
00 00 00 10 00 00 22 d4 dd 57 1c 00 c6 01 80 c1 cf 09 00 58 00 00 00 20 a6 1a d3 40 00 00 00 00 
98 64 7e c0 00 00 00 b0 0d af e0 c0 c0 01 82 03 a8 0d 77 01 b2 09 77 01 07 08 00 00 80 02 03 25 
00 00 01 00 0c 57 02 13 cd ab 12 8e 53 69 73 74 65 72 73 20 6f 66 20 46 61 74 65 20 43 75 74 74 
65 72 73 00 00 00 00 00 00 00 00 00 00 10 00 00 22 d5 01 a5 58 1c 00 c6 01 80 c3 d1 09 00 58 4c 
0a 00 28 00 00 00 f3 8d 15 d0 40 00 00 00 00 00 c0 57 40 00 00 00 f8 ad c1 df c0 c0 01 82 02 a8 
0d 32 02 b2 09 32 02 07 08 00 00 80 02 03 23 00 00 01 00 0c 57 02 14 cd ab 12 8e 53 69 73 74 65 
72 73 20 6f 66 20 46 61 74 65 20 4d 69 73 74 72 65 73 73 00 00 00 00 00 00 00 00 00 10 00 00 22 
d5 01 04 57 1c 00 c6 01 80 c3 cf 09 00 58 4c 0a 00 28 00 00 00 04 fd 9f d3 40 00 00 00 00 90 b9 
7f c0 00 00 00 7f 7e 94 e2 c0 c0 01 82 03 a8 0d 77 01 b2 09 77 01 07 08 00 00 80 02 03 21 00 00 
01 00 0c 57 02 15 cd ab 12 8e 53 69 73 74 65 72 73 20 6f 66 20 46 61 74 65 20 4d 69 73 74 72 65 
73 73 00 00 00 00 00 00 00 00 00 10 00 00 22 d5 01 01 57 1c 00 c6 01 80 c3 cf 09 00 58 4c 0a 00 
28 00 00 00 8c 59 36 d3 40 00 00 00 00 30 82 80 c0 00 00 00 cc 56 29 e2 c0 c0 01 82 03 a8 0d 77 
01 b2 09 77 01 07 08 00 00 80 02 03 1d 00 00 00 00 04 01 00 bc 0b 16 80 bc 15 00 a9 06 00 11 00 
00 00 ed 03 4d 00 00 00 00 00 00 00 00 16 80 bc 15 00 aa 06 00 11 00 00 00 9f 00 19 00 00 00 00 
00 00 00 00 16 80 bc 15 00 ab 06 00 11 00 00 00 f1 03 34 00 00 00 00 00 00 00 00 16 80 bc 15 00 
ac 06 00 11 00 00 00 0c 02 34 00 00 00 00 00 00 00 00 16 80 bc 15 00 ad 06 00 11 00 00 00 b7 00 
4d 00 00 00 00 00 00 00 00 16 80 bc 15 00 ae 06 00 11 00 00 00 f3 03 46 00 00 00 00 00 00 00 00 
16 80 bc 55 00 59 06 00 0b 00 00 00 37 02 96 00 00 00 01 00 00 00 00 16 80 bc 55 00 af 06 00 0b 
00 00 00 37 02 96 00 00 00 00 00 00 00 00 16 80 bc 55 00 5a 06 00 2d 00 00 00 23 04 0a 00 00 00 
01 00 00 00 00 16 80 bc 55 00 5b 06 00 2d 00 00 00 20 04 0a 00 00 00 01 00 00 00 00 16 80 bc 55 
00 5c 06 00 2d 00 00 00 19 04 05 00 00 00 01 00 00 00 00 
.......'....<..F.....L.....W......Sisters of Fate Mistress............"..W.........X... ...@....
.d~...............w...w........%.....W......Sisters of Fate Cutters............."...X.........XL
..(.......@......W@..............2...2........#.....W......Sisters of Fate Mistress............"
...W.........XL..(.......@............~.........w...w........!.....W......Sisters of Fate Mistre
ss............"...W.........XL..(....Y6.@....0.......V)........w...w............................
....M.............................................4......................4......................
M......................F...........U.Y......7.............U........7.............U.Z..-...#.....
........U.[..-... .............U.\..-..............

Client->GAME [12:50:27 07/15/09] packet size: 1 CRYPTED, Flags: 7f ServerSeq: 13 ClientSeq: 13
02 
.

GAME->Client [12:50:27 07/15/09] packet size: 719 CRYPTED, Flags: 7f ServerSeq: 14 ClientSeq: 12
02 03 01 00 0c 57 02 16 cd ab 11 8e 53 69 73 74 65 72 73 20 6f 66 20 46 61 74 65 20 53 74 75 64 
65 6e 74 00 00 00 00 00 00 00 00 00 00 10 00 00 22 c4 48 01 80 d1 cf 09 00 58 0a 00 00 00 88 e6 
37 d3 40 00 00 00 00 00 90 7f c0 00 00 00 b0 6d f8 dc c0 c0 01 83 01 03 a8 0b 45 01 b2 09 45 01 
07 08 00 00 80 02 02 1b 00 00 01 00 08 76 95 dd 0e e0 0d 97 cd ab 02 09 00 00 00 00 00 e6 d4 40 
00 00 00 00 00 70 7f c0 00 00 00 00 00 5f de c0 00 00 00 00 f2 04 35 3f 00 00 00 00 f3 04 35 3f 
19 00 00 01 00 0c 57 02 17 cd ab 11 8e 53 69 73 74 65 72 73 20 6f 66 20 46 61 74 65 20 53 74 75 
64 65 6e 74 00 00 00 00 00 00 00 00 00 00 10 00 00 22 c4 2e 01 80 d1 cf 09 00 58 0a 00 00 00 48 
a0 c4 d2 40 00 00 00 00 00 90 7f c0 00 00 00 b8 aa 39 dd c0 c0 01 83 01 03 a8 0b 45 01 b2 09 45 
01 07 08 00 00 80 02 02 17 00 00 01 00 0c e1 a7 85 cd ab 02 09 00 00 00 00 00 12 c6 40 00 00 00 
80 14 5e 68 40 00 00 00 00 80 db dc c0 00 00 00 00 8f c2 35 bf 00 00 00 00 8f c2 35 3f 15 00 00 
01 00 0c 57 02 18 cd ab 11 8e 53 69 73 74 65 72 73 20 6f 66 20 46 61 74 65 20 53 74 75 64 65 6e 
74 00 00 00 00 00 00 00 00 00 00 10 00 00 22 c5 01 98 01 80 c3 ce 09 00 58 4c 0a 00 28 00 00 00 
a0 cd 31 c9 40 00 00 00 00 00 c0 57 40 00 00 00 fc 1f 0a e1 c0 c0 01 82 03 a8 0b 45 01 b2 09 45 
01 07 08 00 00 80 02 02 13 00 00 01 00 08 50 02 f4 01 b0 01 91 cd ab 01 01 00 00 00 00 00 14 ce 
40 00 00 00 00 00 40 60 40 00 00 00 00 80 60 df c0 0b 00 00 00 00 04 01 00 c7 0c 16 80 bc 55 00 
5d 06 00 2d 00 00 00 42 04 05 00 00 00 01 00 00 00 00 16 80 bc 55 00 b0 06 00 2d 00 00 00 23 04 
0a 00 00 00 00 00 00 00 00 16 80 bc 55 00 b1 06 00 2d 00 00 00 20 04 0a 00 00 00 00 00 00 00 00 
16 80 bc 55 00 b2 06 00 2d 00 00 00 19 04 05 00 00 00 00 00 00 00 00 16 80 bc 55 00 b3 06 00 2d 
00 00 00 42 04 05 00 00 00 00 00 00 00 00 16 80 bc 55 00 5e 06 00 34 00 00 00 83 02 c8 00 00 00 
01 00 00 00 00 16 80 bc 55 00 b4 06 00 34 00 00 00 83 02 c8 00 00 00 00 00 00 00 00 04 80 b3 3d 
04 16 80 bc 45 03 3d 04 00 43 00 00 00 3d 04 00 00 00 00 01 00 00 00 00 08 80 b2 3d 04 00 00 08 
02 16 80 bc 45 03 3d 04 00 43 00 00 00 3d 04 00 00 00 00 00 00 00 00 00 16 80 bc 55 00 5f 06 00 
4b 00 00 00 1f 04 19 00 00 00 01 00 00 00 00 
.....W......Sisters of Fate Student.............".H......X......7.@............m..........E...E.
.............v.................@.....p......._........5?......5?......W......Sisters of Fate Stu
dent............."........X....H...@.............9.........E...E............................@...
..^h@..............5.......5?......W......Sisters of Fate Student.............".........XL..(...
..1.@......W@..............E...E..............P.................@.....@`@.....`...............U.
]..-...B.............U....-...#.............U....-... .............U....-.................U....-
...B.............U.^..4.................U....4.................=....E.=..C...=.............=....
....E.=..C...=.............U._..K..............

Client->GAME [12:50:27 07/15/09] packet size: 1 CRYPTED, Flags: 7f ServerSeq: 14 ClientSeq: 14
02 
.

GAME->Client [12:50:27 07/15/09] packet size: 730 CRYPTED, Flags: 7f ServerSeq: 15 ClientSeq: 13
02 03 01 00 02 13 00 1b 00 02 0c 49 ab ea 99 46 00 80 fc c3 a3 cc e7 c6 01 00 02 13 00 17 00 02 
0c 2e f0 4c 96 46 00 80 fc c3 db b9 e9 c6 01 00 0c 57 02 19 cd ab 12 8e 53 69 73 74 65 72 73 20 
6f 66 20 46 61 74 65 20 4d 69 73 74 72 65 73 73 00 00 00 00 00 00 00 00 00 10 00 00 22 d4 1b 57 
1c 00 c6 01 80 d1 ce 09 00 58 0a 00 00 00 74 e9 84 d3 40 00 00 00 00 00 90 7f c0 00 00 00 24 c2 
49 e0 c0 c0 01 83 01 03 a8 0d 77 01 b2 09 77 01 07 08 00 00 80 02 03 11 00 00 01 00 0c 57 02 1a 
cd ab 11 8e 53 69 73 74 65 72 73 20 6f 66 20 46 61 74 65 20 53 74 75 64 65 6e 74 00 00 00 00 00 
00 00 00 00 00 10 00 00 22 c4 71 01 80 d1 ce 09 00 58 0a 00 00 00 80 79 28 c3 40 00 00 00 00 00 
c0 57 40 00 00 00 58 be ce df c0 c0 01 83 01 03 a8 0b 45 01 b2 09 45 01 07 08 00 00 80 02 02 0f 
00 00 01 00 0c 57 02 1b cd ab 11 8e 53 69 73 74 65 72 73 20 6f 66 20 46 61 74 65 20 53 74 75 64 
65 6e 74 00 00 00 00 00 00 00 00 00 00 10 00 00 22 c5 01 38 01 80 c3 ce 09 00 58 4c 0a 00 28 00 
00 00 94 4e 03 cd 40 00 00 00 00 00 c0 57 40 00 00 00 be 02 36 e1 c0 c0 01 82 03 a8 0b 45 01 b2 
09 45 01 07 08 00 00 80 02 02 0d 00 00 01 00 0c 57 02 1c cd ab 12 8e 53 69 73 74 65 72 73 20 6f 
66 20 46 61 74 65 20 4d 69 73 74 72 65 73 73 00 00 00 00 00 00 00 00 00 10 00 00 22 d5 01 ae 57 
1c 00 c6 01 80 c3 ce 09 00 58 4c 0a 00 28 00 00 00 30 05 ed d3 40 00 00 00 00 58 1a 7f c0 00 00 
00 68 be 81 e2 c0 c0 01 82 03 a8 0d 77 01 b2 09 77 01 07 08 00 00 80 02 03 09 00 00 00 00 04 02 
00 d3 05 16 80 bc 55 00 b5 06 00 4b 00 00 00 1f 04 19 00 00 00 00 00 00 00 00 16 80 bc 55 00 60 
06 00 5f 00 00 00 7c 04 0f 00 00 00 01 00 00 00 00 16 80 bc 55 00 61 06 00 5f 00 00 00 07 04 0f 
00 00 00 01 00 00 00 00 16 80 bc 55 00 b6 06 00 5f 00 00 00 7c 04 0f 00 00 00 00 00 00 00 00 16 
80 bc 55 00 b7 06 00 5f 00 00 00 07 04 0f 00 00 00 00 00 00 00 00 00 d8 07 16 80 bc 55 00 62 06 
00 62 00 00 00 06 04 01 00 00 00 01 00 00 00 00 04 80 b3 35 04 16 80 bc 45 03 35 04 00 62 00 00 
00 35 04 00 00 00 00 01 00 00 00 00 16 80 bc 55 00 63 06 00 62 00 00 00 15 04 01 00 00 00 01 00 
00 00 00 16 80 bc 55 00 b8 06 00 62 00 00 00 06 04 01 00 00 00 00 00 00 00 00 08 80 b2 35 04 00 
00 08 02 16 80 bc 45 03 35 04 00 62 00 00 00 35 04 00 00 00 00 00 00 00 00 00 
...........I...F...................L.F...........W......Sisters of Fate Mistress............"..W
.........X....t...@...........$.I.........w...w..............W......Sisters of Fate Student.....
........".q......X.....y(.@......W@...X...........E...E..............W......Sisters of Fate Stud
ent............."..8......XL..(....N..@......W@.....6........E...E..............W......Sisters o
f Fate Mistress............"...W.........XL..(...0...@....X......h..........w...w...............
......U....K.................U.`.._...|.............U.a.._.................U...._...|...........
..U...._....................U.b..b.................5....E.5..b...5.............U.c..b...........
......U....b.................5........E.5..b...5..........

Client->GAME [12:50:27 07/15/09] packet size: 1 CRYPTED, Flags: 7f ServerSeq: 15 ClientSeq: 15
02 
.

GAME->Client [12:50:27 07/15/09] packet size: 718 CRYPTED, Flags: 7f ServerSeq: 16 ClientSeq: 14
82 0b 4d fb 48 03 01 00 02 12 00 11 00 02 08 53 43 9c 46 00 80 fc c3 1c 3c 02 c7 01 00 02 12 00 
0f 00 02 08 9f 65 19 46 00 00 be 42 3f a0 fe c6 01 00 0c 57 02 1d cd ab 11 8e 53 69 73 74 65 72 
73 20 6f 66 20 46 61 74 65 20 53 74 75 64 65 6e 74 00 00 00 00 00 00 00 00 00 00 10 00 00 22 c5 
01 49 01 80 c3 ce 09 00 58 4c 0a 00 28 00 00 00 70 55 b4 ca 40 00 00 00 00 00 c0 57 40 00 00 00 
8e 02 60 e1 c0 c0 01 82 03 a8 0b 45 01 b2 09 45 01 07 08 00 00 80 02 02 07 00 00 01 00 0c 57 02 
1e cd ab 11 8e 53 69 73 74 65 72 73 20 6f 66 20 46 61 74 65 20 53 74 75 64 65 6e 74 00 00 00 00 
00 00 00 00 00 00 10 00 00 22 c4 60 01 80 d1 cf 09 00 58 0a 00 00 00 f8 1e a6 d2 40 00 00 00 00 
00 90 7f c0 00 00 00 16 a9 51 dd c0 c0 01 83 01 03 a8 0b 45 01 b2 09 45 01 07 08 00 00 80 02 02 
05 00 00 01 00 0c 57 02 1f cd ab 0f 8e 53 69 73 74 65 72 73 20 6f 66 20 46 61 74 65 20 53 74 75 
64 65 6e 74 00 00 00 00 00 00 00 00 00 00 10 00 00 22 c4 20 01 80 c1 ce 09 00 58 00 00 80 6b d1 
fe c3 40 00 00 00 00 00 c0 57 40 00 00 00 54 12 ff de c0 c0 01 82 03 a8 0b 45 01 b2 09 45 01 07 
08 00 00 80 02 02 03 00 00 00 00 04 01 00 df 12 16 80 bc 55 00 b9 06 00 62 00 00 00 15 04 01 00 
00 00 00 00 00 00 00 04 80 b3 3e 04 16 80 bc 45 03 3e 04 00 4f 01 00 00 3e 04 00 00 00 00 01 00 
00 00 00 08 80 b2 3e 04 00 00 08 02 16 80 bc 45 03 3e 04 00 4f 01 00 00 3e 04 00 00 00 00 00 00 
00 00 00 16 80 bc 55 00 64 06 00 5a 01 00 00 07 04 05 00 00 00 01 00 00 00 00 16 80 bc 55 00 65 
06 00 5a 01 00 00 1d 04 0f 00 00 00 01 00 00 00 00 16 80 bc 55 00 ba 06 00 5a 01 00 00 07 04 05 
00 00 00 00 00 00 00 00 16 80 bc 55 00 bb 06 00 5a 01 00 00 1d 04 0f 00 00 00 00 00 00 00 00 04 
80 b3 3f 04 16 80 bc 45 03 3f 04 00 64 01 00 00 3f 04 00 00 00 00 01 00 00 00 00 16 80 bc 55 00 
66 06 00 64 01 00 00 1f 04 05 00 00 00 01 00 00 00 00 08 80 b2 3f 04 00 00 08 02 16 80 bc 45 03 
3f 04 00 64 01 00 00 3f 04 00 00 00 00 00 00 00 00 00 16 80 bc 55 00 bc 06 00 64 01 00 00 1f 04 
05 00 00 00 00 00 00 00 00 16 80 bc 55 00 67 06 00 66 01 00 00 7b 04 05 00 00 00 01 00 00 00 00 
16 80 bc 55 00 68 06 00 66 01 00 00 12 04 0a 00 00 00 01 00 00 00 00 16 80 bc 55 00 69 06 00 66 
01 00 00 06 04 0b 00 00 00 01 00 00 00 00 
..M.H..........SC.F.....<............e.F...B?......W......Sisters of Fate Student.............".
.I......XL..(...pU..@......W@.....`........E...E..............W......Sisters of Fate Student....
.........".`......X........@.............Q.........E...E..............W......Sisters of Fate Stu
dent.............". ......X...k...@......W@...T..........E...E.....................U....b.......
..........>....E.>..O...>.............>........E.>..O...>.............U.d..Z.................U.e
..Z.................U....Z.................U....Z.................?....E.?..d...?.............U.
f..d.................?........E.?..d...?.............U....d.................U.g..f...{..........
...U.h..f.................U.i..f..............

Client->GAME [12:50:27 07/15/09] packet size: 1 CRYPTED, Flags: 7f ServerSeq: 0 ClientSeq: 16
02 
.

GAME->Client [12:50:27 07/15/09] packet size: 701 CRYPTED, Flags: 7f ServerSeq: 17 ClientSeq: 15
02 03 2d 00 02 08 43 0d 1a 46 00 00 be 42 93 70 ff c6 27 00 02 0e 00 2b 3c 9f 9c 46 00 80 fc c3 
bc 4c 01 c7 00 00 04 01 00 f1 1e 16 80 bc 55 00 bd 06 00 66 01 00 00 7b 04 05 00 00 00 00 00 00 
00 00 16 80 bc 55 00 be 06 00 66 01 00 00 12 04 0a 00 00 00 00 00 00 00 00 16 80 bc 55 00 bf 06 
00 66 01 00 00 06 04 0b 00 00 00 00 00 00 00 00 16 80 bc 55 00 6a 06 00 8e 01 00 00 03 04 05 00 
00 00 01 00 00 00 00 16 80 bc 55 00 6b 06 00 8e 01 00 00 12 04 0f 00 00 00 01 00 00 00 00 16 80 
bc 55 00 6c 06 00 8e 01 00 00 77 04 05 00 00 00 01 00 00 00 00 16 80 bc 55 00 c0 06 00 8e 01 00 
00 03 04 05 00 00 00 00 00 00 00 00 16 80 bc 55 00 c1 06 00 8e 01 00 00 12 04 0f 00 00 00 00 00 
00 00 00 16 80 bc 55 00 c2 06 00 8e 01 00 00 77 04 05 00 00 00 00 00 00 00 00 16 80 bc 55 00 6d 
06 00 cd 01 00 00 e5 03 05 00 00 00 01 00 00 00 00 16 80 bc 55 00 6e 06 00 cd 01 00 00 73 04 05 
00 00 00 01 00 00 00 00 16 80 bc 55 00 6f 06 00 cd 01 00 00 e3 03 0f 00 00 00 01 00 00 00 00 16 
80 bc 55 00 c3 06 00 cd 01 00 00 e5 03 05 00 00 00 00 00 00 00 00 16 80 bc 55 00 c4 06 00 cd 01 
00 00 73 04 05 00 00 00 00 00 00 00 00 16 80 bc 55 00 c5 06 00 cd 01 00 00 e3 03 0f 00 00 00 00 
00 00 00 00 04 80 b3 40 04 16 80 bc 45 03 40 04 00 d5 01 00 00 40 04 00 00 00 00 01 00 00 00 00 
16 80 bc 55 00 70 06 00 d5 01 00 00 e3 03 05 00 00 00 01 00 00 00 00 08 80 b2 40 04 00 00 08 02 
16 80 bc 45 03 40 04 00 d5 01 00 00 40 04 00 00 00 00 00 00 00 00 00 16 80 bc 55 00 c6 06 00 d5 
01 00 00 e3 03 05 00 00 00 00 00 00 00 00 16 80 bc 55 00 71 06 00 36 02 00 00 37 02 0a 00 00 00 
01 00 00 00 00 16 80 bc 55 00 c7 06 00 36 02 00 00 37 02 0a 00 00 00 00 00 00 00 00 16 80 bc 55 
00 72 06 00 74 02 00 00 34 02 1e 00 00 00 01 00 00 00 00 16 80 bc 55 00 c8 06 00 74 02 00 00 34 
02 1e 00 00 00 00 00 00 00 00 16 80 bc 15 00 a6 06 00 11 00 00 00 ab 00 0d 00 00 00 01 00 00 00 
00 16 80 bc 15 00 a7 06 00 11 00 00 00 0a 02 4d 00 00 00 01 00 00 00 00 16 80 bc 15 00 a8 06 00 
11 00 00 00 f2 03 34 00 00 00 01 00 00 00 00 16 80 bc 15 00 a9 06 00 11 00 00 00 ed 03 4d 00 00 
00 01 00 00 00 00 16 80 bc 15 00 aa 06 00 11 00 00 00 9f 00 19 00 00 00 01 00 00 00 00 
..-...C..F...B.p..'....+<..F.....L............U....f...{.............U....f.................U...
.f.................U.j....................U.k....................U.l......w.............U.......
...............U......................U........w.............U.m....................U.n......s..
...........U.o....................U......................U........s.............U...............
.......@....E.@......@.............U.p....................@........E.@......@.............U.....
.................U.q..6...7.............U....6...7.............U.r..t...4.............U....t...4
...............................................M......................4......................M..
.............................

Client->GAME [12:50:27 07/15/09] packet size: 1 CRYPTED, Flags: 7f ServerSeq: 1 ClientSeq: 17
02 
.

GAME->Client [12:50:27 07/15/09] packet size: 692 CRYPTED, Flags: 7f ServerSeq: 18 ClientSeq: 0
02 03 1b 00 02 08 d1 6e 9a 46 00 80 fc c3 a0 e8 e7 c6 17 00 02 0e 04 38 d2 9d 96 46 00 80 fc c3 
64 92 e9 c6 00 00 04 02 01 0f 0f 16 80 bc 15 00 ab 06 00 11 00 00 00 f1 03 34 00 00 00 01 00 00 
00 00 16 80 bc 15 00 ac 06 00 11 00 00 00 0c 02 34 00 00 00 01 00 00 00 00 16 80 bc 15 00 ad 06 
00 11 00 00 00 b7 00 4d 00 00 00 01 00 00 00 00 16 80 bc 15 00 ae 06 00 11 00 00 00 f3 03 46 00 
00 00 01 00 00 00 00 0b 80 bd 05 11 00 00 00 00 00 00 00 16 80 bc 15 00 c9 06 00 11 00 00 00 ab 
00 0d 00 00 00 00 00 00 00 00 16 80 bc 15 00 ca 06 00 11 00 00 00 0a 02 4d 00 00 00 00 00 00 00 
00 16 80 bc 15 00 cb 06 00 11 00 00 00 f2 03 34 00 00 00 00 00 00 00 00 16 80 bc 15 00 cc 06 00 
11 00 00 00 ed 03 4d 00 00 00 00 00 00 00 00 16 80 bc 15 00 cd 06 00 11 00 00 00 9f 00 19 00 00 
00 00 00 00 00 00 16 80 bc 15 00 ce 06 00 11 00 00 00 f1 03 34 00 00 00 00 00 00 00 00 16 80 bc 
15 00 cf 06 00 11 00 00 00 0c 02 34 00 00 00 00 00 00 00 00 16 80 bc 15 00 d0 06 00 11 00 00 00 
b7 00 4d 00 00 00 00 00 00 00 00 16 80 bc 15 00 d1 06 00 11 00 00 00 f3 03 46 00 00 00 00 00 00 
00 00 0b 80 bd 05 11 00 00 00 00 00 00 01 01 1e 08 17 3a 05 00 11 00 0a 00 50 76 50 53 65 72 76 
65 72 00 04 00 06 00 00 00 1d 3a 05 00 17 00 10 00 50 76 50 4d 61 78 53 61 66 65 4c 65 76 65 6c 
00 04 00 0f 00 00 00 3f 3a 05 00 14 00 0d 00 57 52 5f 52 65 7a 45 76 65 6e 74 73 00 29 00 48 61 
6c 6c 6f 77 65 65 6e 5f 45 76 65 6e 74 2c 57 69 6e 74 65 72 33 50 6c 75 73 48 61 6c 6c 6f 77 65 
65 6e 54 53 45 43 00 1b 3a 05 00 19 00 12 00 45 76 65 6e 74 53 6c 6f 74 31 5f 45 66 66 65 63 74 
00 00 00 28 3a 05 00 19 00 12 00 45 76 65 6e 74 53 6c 6f 74 32 5f 45 66 66 65 63 74 00 0d 00 66 
6c 79 6d 61 6e 5f 69 64 6c 65 33 00 25 3a 05 00 19 00 12 00 45 76 65 6e 74 53 6c 6f 74 33 5f 45 
66 66 65 63 74 00 0a 00 66 6c 79 5f 76 69 72 75 73 00 1f 3a 05 00 1b 00 14 00 46 69 78 65 64 42 
69 6e 6b 49 44 4f 76 65 72 72 69 64 65 00 02 00 20 00 41 81 67 17 00 27 00 1c 22 00 c6 01 11 00 
00 00 00 00 00 00 37 00 00 08 0e 00 41 66 74 65 72 57 68 6f 72 75 4e 65 6f 00 0e 00 41 66 74 65 
72 57 68 6f 72 75 4e 65 6f 00 02 00 4d 00 00 00 00 00 00 00 
.......n.F.............8...F....d........................4......................4...............
.......M......................F.........................................................M.......
...............4......................M.............................................4...........
...........4......................M......................F........................:......PvPServ
er........:......PvPMaxSafeLevel.......?:......WR_RezEvents.).Halloween_Event,Winter3PlusHallowe
enTSEC..:......EventSlot1_Effect...(:......EventSlot2_Effect...flyman_idle3.%:......EventSlot3_E
ffect...fly_virus..:......FixedBinkIDOverride... .A.g..'.."...........7.....AfterWhoruNeo...Afte
rWhoruNeo...M.......

Client->GAME [12:50:27 07/15/09] packet size: 1 CRYPTED, Flags: 7f ServerSeq: 2 ClientSeq: 18
02 
.

GAME->Client [12:50:27 07/15/09] packet size: 177 CRYPTED, Flags: 7f ServerSeq: 19 ClientSeq: 1
02 03 2d 00 02 0e 04 8c 12 f5 19 46 00 00 be 42 0a b3 ff c6 17 00 02 0e 04 42 d2 9d 96 46 00 80 
fc c3 64 92 e9 c6 00 00 04 01 01 26 02 41 81 67 17 00 27 00 1c 22 00 c6 01 11 00 00 00 00 00 00 
00 37 00 00 08 0e 00 41 66 74 65 72 57 68 6f 72 75 4e 65 6f 00 0e 00 41 66 74 65 72 57 68 6f 72 
75 4e 65 6f 00 02 00 4d 00 00 00 00 00 00 00 41 81 67 17 00 27 00 1c 22 00 c6 01 11 00 00 00 00 
00 00 00 37 00 00 08 0e 00 41 66 74 65 72 57 68 6f 72 75 4e 65 6f 00 0e 00 41 66 74 65 72 57 68 
6f 72 75 4e 65 6f 00 02 00 4d 00 00 00 00 00 00 00 
..-........F...B.........B...F....d........&.A.g..'.."...........7.....AfterWhoruNeo...AfterWhor
uNeo...M.......A.g..'.."...........7.....AfterWhoruNeo...AfterWhoruNeo...M.......

Client->GAME [12:50:27 07/15/09] packet size: 1 CRYPTED, Flags: 7f ServerSeq: 3 ClientSeq: 19
02 
.

GAME->Client [12:50:27 07/15/09] packet size: 73 CRYPTED, Flags: 7f ServerSeq: 20 ClientSeq: 2
02 03 2d 00 02 0e 04 96 12 f5 19 46 00 00 be 42 0a b3 ff c6 1b 00 02 0e 00 46 de 9a 9a 46 00 80 
fc c3 f3 f1 e7 c6 17 00 02 0c 4c d2 9d 96 46 00 80 fc c3 64 92 e9 c6 05 00 02 08 d9 af 95 46 00 
80 fc c3 2a 0c eb c6 00 00 
..-........F...B.........F...F............L...F....d..........F....*.....

Client->GAME [12:50:27 07/15/09] packet size: 1 CRYPTED, Flags: 7f ServerSeq: 4 ClientSeq: 20
02 
.

GAME->Client [12:50:27 07/15/09] packet size: 73 CRYPTED, Flags: 7f ServerSeq: 21 ClientSeq: 3
02 03 2d 00 02 0c a1 12 f5 19 46 00 00 be 42 0a b3 ff c6 1b 00 02 0e 00 46 de 9a 9a 46 00 80 fc 
c3 f3 f1 e7 c6 17 00 02 0e 00 57 d2 9d 96 46 00 80 fc c3 64 92 e9 c6 11 00 02 08 dd d0 9c 46 00 
80 fc c3 6d e1 01 c7 00 00 
..-.......F...B.........F...F.............W...F....d..........F....m.....

