Client->GAME [12:57:53 07/15/09] packet size: 25 CRYPTED, Flags: 7f ServerSeq: 523 ClientSeq: 554
02 04 01 00 24 01 12 81 8e 12 00 00 00 03 00 00 00 02 00 00 00 03 00 00 00 
....$....................

GAME->Client [12:57:53 07/15/09] packet size: 22 CRYPTED, Flags: 7f ServerSeq: 540 ClientSeq: 520
02 03 0d 00 02 0e 00 1d 59 86 c6 46 00 80 fc c3 59 10 18 47 00 00 
........Y..F....Y..G..

Client->GAME [12:57:53 07/15/09] packet size: 1 CRYPTED, Flags: 7f ServerSeq: 524 ClientSeq: 555
02 
.

GAME->Client [12:57:53 07/15/09] packet size: 26 CRYPTED, Flags: 7f ServerSeq: 541 ClientSeq: 521
82 d1 84 fb 48 03 0d 00 02 0e 00 27 59 86 c6 46 00 80 fc c3 59 10 18 47 00 00 
....H......'Y..F....Y..G..

Client->GAME [12:57:53 07/15/09] packet size: 1 CRYPTED, Flags: 7f ServerSeq: 525 ClientSeq: 556
02 
.

GAME->Client [12:57:53 07/15/09] packet size: 711 CRYPTED, Flags: 7f ServerSeq: 542 ClientSeq: 523
02 04 02 01 29 01 80 94 6d 03 00 00 00 08 00 01 17 00 00 02 00 00 00 00 00 03 00 00 00 00 00 04 
00 00 00 00 00 05 00 00 00 00 00 06 00 00 00 00 00 07 00 00 00 00 00 08 00 00 00 00 00 09 00 00 
00 00 00 0a 00 00 00 00 00 0b 00 00 00 00 00 0c 00 00 00 00 00 0d 00 00 00 00 00 0e 00 00 00 00 
00 0f 00 00 00 00 00 10 00 00 00 00 00 11 00 00 00 00 00 12 00 00 00 00 00 13 00 00 00 00 00 14 
00 00 00 00 00 15 00 00 00 00 00 16 00 00 00 00 00 17 00 00 00 00 00 18 00 00 00 00 01 2a 18 16 
80 bc 15 00 14 08 00 f7 03 00 00 08 02 00 00 00 00 01 00 00 00 00 16 80 bc 15 00 15 08 00 f7 03 
00 00 07 02 ec ff ff ff 01 00 00 00 00 16 80 bc 15 00 16 08 00 f7 03 00 00 50 04 00 00 00 00 01 
00 00 00 00 16 80 bc 15 00 17 08 00 f7 03 00 00 f4 03 00 00 00 00 01 00 00 00 00 16 80 bc 15 00 
18 08 00 f7 03 00 00 51 04 f6 ff ff ff 01 00 00 00 00 16 80 bc 15 00 19 08 00 f7 03 00 00 52 04 
0f 00 00 00 01 00 00 00 00 16 80 bc 11 00 1a 08 00 00 00 00 00 cb 02 00 00 00 00 01 00 00 00 00 
16 80 bc 56 00 5f 08 00 0a 95 00 00 06 04 02 00 00 00 01 00 00 00 00 16 80 bc 56 00 60 08 00 0a 
95 00 00 b4 00 11 00 00 00 01 00 00 00 00 16 80 bc 56 00 61 08 00 0a 95 00 00 b5 00 11 00 00 00 
01 00 00 00 00 16 80 bc 56 00 62 08 00 0a 95 00 00 07 04 02 00 00 00 01 00 00 00 00 16 80 bc 56 
00 63 08 00 8a b2 00 00 23 04 02 00 00 00 01 00 00 00 00 16 80 bc 56 00 64 08 00 8a b2 00 00 21 
04 01 00 00 00 01 00 00 00 00 16 80 bc 56 00 65 08 00 8a b2 00 00 b4 00 1d 00 00 00 01 00 00 00 
00 16 80 bc 56 00 66 08 00 8a b2 00 00 09 04 1d 00 00 00 01 00 00 00 00 16 80 bc 56 00 67 08 00 
8a b2 00 00 9d 00 1d 00 00 00 01 00 00 00 00 16 80 bc 56 00 68 08 00 8a b2 00 00 06 04 01 00 00 
00 01 00 00 00 00 16 80 bc 56 00 69 08 00 24 b3 00 00 89 02 02 00 00 00 01 00 00 00 00 16 80 bc 
56 00 6a 08 00 24 b3 00 00 1a 04 01 00 00 00 01 00 00 00 00 16 80 bc 56 00 6b 08 00 24 b3 00 00 
b4 00 21 00 00 00 01 00 00 00 00 16 80 bc 56 00 6c 08 00 24 b3 00 00 09 04 21 00 00 00 01 00 00 
00 00 16 80 bc 56 00 6d 08 00 24 b3 00 00 15 04 02 00 00 00 01 00 00 00 00 16 80 bc 56 00 6e 08 
00 24 b3 00 00 b5 00 21 00 00 00 01 00 00 00 00 16 80 bc 56 00 6f 08 00 95 a7 00 00 b4 00 12 00 
00 00 01 00 00 00 00 
....)...m.......................................................................................
.............................................................*..................................
.........................P.............................................Q......................R.
...................................V._....................V.`....................V.a............
........V.b....................V.c......#.............V.d......!.............V.e................
....V.f....................V.g....................V.h....................V.i..$.................
V.j..$.................V.k..$.....!...........V.l..$.....!...........V.m..$.................V.n.
.$.....!...........V.o.................

Client->GAME [12:57:53 07/15/09] packet size: 1 CRYPTED, Flags: 7f ServerSeq: 526 ClientSeq: 557
02 
.

GAME->Client [12:57:53 07/15/09] packet size: 696 CRYPTED, Flags: 7f ServerSeq: 543 ClientSeq: 524
02 04 01 01 42 1e 16 80 bc 56 00 70 08 00 95 a7 00 00 b5 00 12 00 00 00 01 00 00 00 00 16 80 bc 
56 00 71 08 00 95 a7 00 00 09 04 12 00 00 00 01 00 00 00 00 16 80 bc 56 00 72 08 00 95 a7 00 00 
70 00 0f 00 00 00 01 00 00 00 00 16 80 bc 56 00 73 08 00 2c b3 00 00 17 04 01 00 00 00 01 00 00 
00 00 16 80 bc 56 00 74 08 00 2c b3 00 00 b4 00 21 00 00 00 01 00 00 00 00 16 80 bc 56 00 75 08 
00 2c b3 00 00 09 04 21 00 00 00 01 00 00 00 00 16 80 bc 56 00 76 08 00 2c b3 00 00 12 04 02 00 
00 00 01 00 00 00 00 16 80 bc 56 00 77 08 00 2c b3 00 00 07 04 02 00 00 00 01 00 00 00 00 16 80 
bc 56 00 78 08 00 2c b3 00 00 b5 00 21 00 00 00 01 00 00 00 00 16 80 bc 56 00 79 08 00 c3 b2 00 
00 89 02 02 00 00 00 01 00 00 00 00 16 80 bc 56 00 7a 08 00 c3 b2 00 00 21 04 02 00 00 00 01 00 
00 00 00 16 80 bc 56 00 7b 08 00 c3 b2 00 00 b4 00 1f 00 00 00 01 00 00 00 00 16 80 bc 56 00 7c 
08 00 c3 b2 00 00 09 04 1f 00 00 00 01 00 00 00 00 16 80 bc 56 00 7d 08 00 c3 b2 00 00 1e 04 01 
00 00 00 01 00 00 00 00 16 80 bc 56 00 7e 08 00 c3 b2 00 00 9d 00 1f 00 00 00 01 00 00 00 00 16 
80 bc 55 00 88 08 00 02 00 00 00 cc 00 0c 00 00 00 01 00 00 00 00 16 80 bc 55 00 92 08 00 0b 00 
00 00 37 02 96 00 00 00 01 00 00 00 00 16 80 bc 55 00 93 08 00 2d 00 00 00 23 04 0a 00 00 00 01 
00 00 00 00 16 80 bc 55 00 94 08 00 2d 00 00 00 20 04 0a 00 00 00 01 00 00 00 00 16 80 bc 55 00 
95 08 00 2d 00 00 00 19 04 05 00 00 00 01 00 00 00 00 16 80 bc 55 00 96 08 00 2d 00 00 00 42 04 
05 00 00 00 01 00 00 00 00 16 80 bc 55 00 97 08 00 34 00 00 00 83 02 c8 00 00 00 01 00 00 00 00 
16 80 bc 55 00 98 08 00 4b 00 00 00 1f 04 19 00 00 00 01 00 00 00 00 16 80 bc 55 00 99 08 00 5f 
00 00 00 7c 04 0f 00 00 00 01 00 00 00 00 16 80 bc 55 00 9a 08 00 5f 00 00 00 07 04 0f 00 00 00 
01 00 00 00 00 16 80 bc 55 00 9b 08 00 62 00 00 00 06 04 01 00 00 00 01 00 00 00 00 16 80 bc 55 
00 9c 08 00 62 00 00 00 15 04 01 00 00 00 01 00 00 00 00 16 80 bc 55 00 9d 08 00 5a 01 00 00 07 
04 05 00 00 00 01 00 00 00 00 16 80 bc 55 00 9e 08 00 5a 01 00 00 1d 04 0f 00 00 00 01 00 00 00 
00 16 80 bc 55 00 9f 08 00 64 01 00 00 1f 04 05 00 00 00 01 00 00 00 00 
....B....V.p....................V.q....................V.r......p.............V.s..,............
.....V.t..,.....!...........V.u..,.....!...........V.v..,.................V.w..,................
.V.x..,.....!...........V.y....................V.z......!.............V.{....................V.|
....................V.}....................V.~....................U......................U......
..7.............U....-...#.............U....-... .............U....-.................U....-...B.
............U....4.................U....K.................U...._...|.............U...._.........
........U....b.................U....b.................U....Z.................U....Z.............
....U....d..............

Client->GAME [12:57:53 07/15/09] packet size: 1 CRYPTED, Flags: 7f ServerSeq: 527 ClientSeq: 558
02 
.

GAME->Client [12:57:53 07/15/09] packet size: 711 CRYPTED, Flags: 7f ServerSeq: 544 ClientSeq: 525
02 04 02 01 60 09 16 80 bc 55 00 a0 08 00 66 01 00 00 7b 04 05 00 00 00 01 00 00 00 00 16 80 bc 
55 00 a1 08 00 66 01 00 00 12 04 0a 00 00 00 01 00 00 00 00 16 80 bc 55 00 a2 08 00 66 01 00 00 
06 04 0b 00 00 00 01 00 00 00 00 16 80 bc 55 00 a3 08 00 8e 01 00 00 03 04 05 00 00 00 01 00 00 
00 00 16 80 bc 55 00 a4 08 00 8e 01 00 00 12 04 0f 00 00 00 01 00 00 00 00 16 80 bc 55 00 a5 08 
00 8e 01 00 00 77 04 05 00 00 00 01 00 00 00 00 16 80 bc 55 00 a6 08 00 cd 01 00 00 e5 03 05 00 
00 00 01 00 00 00 00 16 80 bc 55 00 a7 08 00 cd 01 00 00 73 04 05 00 00 00 01 00 00 00 00 16 80 
bc 55 00 a8 08 00 cd 01 00 00 e3 03 0f 00 00 00 01 00 00 00 00 01 69 16 16 80 bc 55 00 a9 08 00 
d5 01 00 00 e3 03 05 00 00 00 01 00 00 00 00 16 80 bc 55 00 aa 08 00 36 02 00 00 37 02 0a 00 00 
00 01 00 00 00 00 16 80 bc 55 00 ab 08 00 74 02 00 00 34 02 1e 00 00 00 01 00 00 00 00 16 80 bc 
15 00 ac 08 00 11 00 00 00 ab 00 0d 00 00 00 01 00 00 00 00 16 80 bc 15 00 ad 08 00 11 00 00 00 
0a 02 4d 00 00 00 01 00 00 00 00 16 80 bc 15 00 ae 08 00 11 00 00 00 f2 03 34 00 00 00 01 00 00 
00 00 16 80 bc 15 00 af 08 00 11 00 00 00 ed 03 4d 00 00 00 01 00 00 00 00 16 80 bc 15 00 b0 08 
00 11 00 00 00 9f 00 19 00 00 00 01 00 00 00 00 16 80 bc 15 00 b1 08 00 11 00 00 00 f1 03 34 00 
00 00 01 00 00 00 00 16 80 bc 15 00 b2 08 00 11 00 00 00 0c 02 34 00 00 00 01 00 00 00 00 16 80 
bc 15 00 b3 08 00 11 00 00 00 b7 00 4d 00 00 00 01 00 00 00 00 16 80 bc 15 00 b4 08 00 11 00 00 
00 f3 03 46 00 00 00 01 00 00 00 00 0b 80 bd 05 11 00 00 00 00 00 00 00 16 80 bc 15 00 b5 08 00 
11 00 00 00 ab 00 0c 00 00 00 00 00 00 00 00 16 80 bc 15 00 b6 08 00 11 00 00 00 0a 02 4b 00 00 
00 00 00 00 00 00 16 80 bc 15 00 b7 08 00 11 00 00 00 f2 03 31 00 00 00 00 00 00 00 00 16 80 bc 
15 00 b8 08 00 11 00 00 00 ed 03 4b 00 00 00 00 00 00 00 00 16 80 bc 15 00 b9 08 00 11 00 00 00 
9f 00 19 00 00 00 00 00 00 00 00 16 80 bc 15 00 ba 08 00 11 00 00 00 f1 03 31 00 00 00 00 00 00 
00 00 16 80 bc 15 00 bb 08 00 11 00 00 00 0c 02 34 00 00 00 00 00 00 00 00 16 80 bc 15 00 bc 08 
00 11 00 00 00 b7 00 46 00 00 00 00 00 00 00 00 16 80 bc 15 00 bd 08 00 11 00 00 00 f3 03 46 00 
00 00 00 00 00 00 00 
....`....U....f...{.............U....f.................U....f.................U.................
.....U......................U........w.............U......................U........s............
.U....................i....U......................U....6...7.............U....t...4.............
..................................M......................4......................M...............
..............................4......................4......................M...................
...F.........................................................K......................1...........
...........K.............................................1......................4...............
.......F......................F........

Client->GAME [12:57:53 07/15/09] packet size: 1 CRYPTED, Flags: 7f ServerSeq: 512 ClientSeq: 559
02 
.

GAME->Client [12:57:54 07/15/09] packet size: 396 CRYPTED, Flags: 7f ServerSeq: 545 ClientSeq: 526
02 04 01 01 7f 17 0b 80 bd 05 11 00 00 00 00 00 00 01 16 80 bc 15 00 b5 08 00 11 00 00 00 ab 00 
0c 00 00 00 01 00 00 00 00 16 80 bc 15 00 b6 08 00 11 00 00 00 0a 02 4b 00 00 00 01 00 00 00 00 
16 80 bc 15 00 b7 08 00 11 00 00 00 f2 03 31 00 00 00 01 00 00 00 00 16 80 bc 15 00 b8 08 00 11 
00 00 00 ed 03 4b 00 00 00 01 00 00 00 00 16 80 bc 15 00 b9 08 00 11 00 00 00 9f 00 19 00 00 00 
01 00 00 00 00 16 80 bc 15 00 ba 08 00 11 00 00 00 f1 03 31 00 00 00 01 00 00 00 00 16 80 bc 15 
00 bb 08 00 11 00 00 00 0c 02 34 00 00 00 01 00 00 00 00 16 80 bc 15 00 bc 08 00 11 00 00 00 b7 
00 46 00 00 00 01 00 00 00 00 16 80 bc 15 00 bd 08 00 11 00 00 00 f3 03 46 00 00 00 01 00 00 00 
00 04 80 b3 11 00 16 80 bc 45 03 11 00 00 02 00 00 00 11 00 32 00 00 00 01 00 00 00 00 04 80 b3 
35 04 16 80 bc 45 03 35 04 00 62 00 00 00 35 04 00 00 00 00 01 00 00 00 00 04 80 b3 3d 04 16 80 
bc 45 03 3d 04 00 43 00 00 00 3d 04 00 00 00 00 01 00 00 00 00 04 80 b3 3e 04 16 80 bc 45 03 3e 
04 00 4f 01 00 00 3e 04 00 00 00 00 01 00 00 00 00 04 80 b3 3f 04 16 80 bc 45 03 3f 04 00 64 01 
00 00 3f 04 00 00 00 00 01 00 00 00 00 04 80 b3 40 04 16 80 bc 45 03 40 04 00 d5 01 00 00 40 04 
00 00 00 00 01 00 00 00 00 02 81 07 
.......................................................K......................1.................
.....K.............................................1......................4.....................
.F......................F................E..........2...........5....E.5..b...5.............=...
.E.=..C...=.............>....E.>..O...>.............?....E.?..d...?.............@....E.@......@.
............

Client->GAME [12:57:54 07/15/09] packet size: 13 CRYPTED, Flags: 7f ServerSeq: 513 ClientSeq: 560
02 04 01 00 25 01 06 81 08 00 00 00 00 
....%........

GAME->Client [12:57:54 07/15/09] packet size: 1 CRYPTED, Flags: 7f ServerSeq: 546 ClientSeq: 512
02 
.

GAME->Client [12:57:54 07/15/09] packet size: 1 CRYPTED, Flags: 7f ServerSeq: 547 ClientSeq: 512
42 
B

GAME->Client [12:57:54 07/15/09] packet size: 5 CRYPTED, Flags: 7f ServerSeq: 548 ClientSeq: 512
c2 01 85 fb 48 
....H

Client->GAME [12:57:55 07/15/09] packet size: 1 CRYPTED, Flags: 7f ServerSeq: 516 ClientSeq: 561
02 
.

Client->GAME [12:57:55 07/15/09] packet size: 1 CRYPTED, Flags: 7f ServerSeq: 516 ClientSeq: 562
42 
B

GAME->Client [12:57:55 07/15/09] packet size: 1 CRYPTED, Flags: 7f ServerSeq: 549 ClientSeq: 512
42 
B

GAME->Client [12:57:55 07/15/09] packet size: 1 CRYPTED, Flags: 7f ServerSeq: 550 ClientSeq: 513
42 
B

GAME->Client [12:57:55 07/15/09] packet size: 72 CRYPTED, Flags: 0 ServerSeq: 2 ClientSeq: 0
02 04 01 00 03 01 41 81 67 17 00 27 00 1c 22 00 c6 01 11 00 00 00 00 00 00 00 37 00 00 08 0e 00 
41 66 74 65 72 57 68 6f 72 75 4e 65 6f 00 0e 00 41 66 74 65 72 57 68 6f 72 75 4e 65 6f 00 02 00 
4b 00 00 00 00 00 00 00 
......A.g..'.."...........7.....AfterWhoruNeo...AfterWhoruNeo...K.......

Client->GAME [12:57:55 07/15/09] packet size: 1 CRYPTED, Flags: 2 ServerSeq: 2 ClientSeq: 1
02 
.

GAME->Client [12:57:56 07/15/09] packet size: 138 CRYPTED, Flags: 1 ServerSeq: 3 ClientSeq: 1
02 04 01 00 00 03 6d 06 0e 00 03 00 00 00 0c 85 fb 48 01 42 00 32 00 72 65 73 6f 75 72 63 65 2f 
77 6f 72 6c 64 73 2f 66 69 6e 61 6c 5f 77 6f 72 6c 64 2f 69 6e 74 65 72 6e 61 74 69 6f 6e 61 6c 
2f 69 74 2e 6d 65 74 72 00 29 00 48 61 6c 6c 6f 77 65 65 6e 5f 45 76 65 6e 74 2c 57 69 6e 74 65 
72 33 50 6c 75 73 48 61 6c 6c 6f 77 65 65 6e 54 53 45 43 00 0a 80 e5 e7 cb c0 12 00 00 00 00 0a 
80 e4 bc 58 7a 00 00 00 00 00 
......m..........H.B.2.resource/worlds/final_world/international/it.metr.).Halloween_Event,Winte
r3PlusHalloweenTSEC................Xz.....

Client->GAME [12:57:56 07/15/09] packet size: 6 CRYPTED, Flags: 5 ServerSeq: 3 ClientSeq: 2
02 05 02 0c 00 00 
......

GAME->Client [12:57:56 07/15/09] packet size: 1 CRYPTED, Flags: 3 ServerSeq: 4 ClientSeq: 2
02 
.

Client->GAME [12:57:59 07/15/09] packet size: 8 CRYPTED, Flags: 5 ServerSeq: 3 ClientSeq: 3
02 04 01 00 00 01 01 05 
........

GAME->Client [12:57:59 07/15/09] packet size: 223 CRYPTED, Flags: 7 ServerSeq: 5 ClientSeq: 3
82 9c 85 fb 48 03 01 00 0c 0c 00 ee cd ab 1c 8b 81 ff 71 02 00 00 41 6e 64 65 72 73 6f 6e 00 00 
00 00 00 00 00 00 00 00 00 00 00 00 00 00 00 00 00 00 00 00 00 00 90 54 68 6f 6d 61 73 00 00 00 
00 00 00 00 00 00 00 00 00 00 00 00 00 00 00 00 00 00 00 00 00 00 00 80 d8 28 0a 0c 00 00 00 01 
8e 81 ff f7 00 31 5e 00 00 c6 67 00 41 66 74 65 72 57 68 6f 72 75 4e 65 6f 00 00 00 00 00 00 00 
00 00 00 00 00 00 00 00 00 00 00 00 28 0a fd 64 01 00 00 67 00 75 d4 01 00 4b b1 00 00 00 00 73 
1a e9 88 80 60 04 00 02 8e 00 00 00 f7 00 9d 00 00 00 00 80 54 e2 c0 00 00 00 00 00 c0 57 40 00 
00 00 00 80 4a d7 40 81 ff 32 22 80 89 a6 af b2 1e 40 1c 01 11 00 00 00 67 00 02 00 00 00 00 
....H.............q...Anderson.........................Thomas............................(......
.....1^...g.AfterWhoruNeo...................(..d...g.u...K.....s....`...............T........W@.
....J.@..2"......@......g......

Client->GAME [12:58:00 07/15/09] packet size: 55 CRYPTED, Flags: 17 ServerSeq: 5 ClientSeq: 4
02 03 02 00 02 60 08 41 6e 64 65 72 73 6f 6e 06 54 68 6f 6d 61 73 00 00 04 01 00 01 05 02 80 be 
07 3f 4e 00 10 00 00 00 08 3e 6b 00 10 00 00 00 00 02 81 48 02 0c 01 
.....`.Anderson.Thomas...........?N......>k........H...

GAME->Client [12:58:00 07/15/09] packet size: 728 CRYPTED, Flags: f ServerSeq: 6 ClientSeq: 4
02 03 01 00 0c 57 02 ef cd ab 12 8e 42 6c 61 63 6b 20 54 69 67 65 72 20 53 74 72 65 65 74 20 46 
69 67 68 74 65 72 00 00 00 00 00 00 00 10 00 00 22 d4 24 f0 1b 00 c6 01 80 d1 cb 09 00 58 0a 00 
00 00 28 57 6f e1 c0 00 00 00 00 00 00 14 c0 00 00 00 b0 88 d6 d2 40 c0 01 83 01 02 a8 15 5e 03 
b2 09 5e 03 07 08 00 00 80 02 05 21 00 00 01 00 0c 57 02 f0 cd ab 10 8e 42 6c 61 63 6b 20 54 69 
67 65 72 20 50 75 70 69 6c 00 00 00 00 00 00 00 00 00 00 00 00 00 00 00 00 10 00 00 22 d4 0e ef 
1b 00 c6 01 80 c1 ca 09 00 58 00 00 00 b8 7e 5f e2 c0 00 00 00 00 00 c0 57 40 00 00 00 b0 04 45 
d9 40 c0 01 82 03 a8 15 3f 02 b2 09 3f 02 07 08 00 00 80 02 05 1f 00 00 01 00 08 a3 01 12 01 40 
11 d4 cd ab 03 88 00 00 00 00 f3 04 35 3f 00 00 00 00 f3 04 35 3f 22 00 00 00 00 80 b3 e2 c0 00 
00 00 00 00 08 81 40 00 00 00 00 00 a8 d6 40 ff ff ff ff 1d 00 00 01 00 0c 57 02 f1 cd ab 12 8e 
42 6c 61 63 6b 20 54 69 67 65 72 20 50 75 70 69 6c 00 00 00 00 00 00 00 00 00 00 00 00 00 00 00 
00 10 00 00 22 d4 dc ef 1b 00 c6 01 80 d1 ca 09 00 58 0a 00 00 00 cf 8c b3 e1 c0 00 00 00 00 00 
00 14 c0 00 00 00 34 a9 1f d2 40 c0 01 83 01 03 a8 15 3f 02 b2 09 3f 02 07 08 00 00 80 02 05 1b 
00 00 01 00 0c 57 02 f2 cd ab 0f 8e 42 6c 61 63 6b 20 54 69 67 65 72 20 53 74 72 65 65 74 20 46 
69 67 68 74 65 72 00 00 00 00 00 00 00 10 00 00 22 d0 f0 1b 00 c6 01 80 c1 cb 09 00 58 00 00 00 
44 0d 2f e4 c0 00 00 00 00 00 c0 57 40 00 00 00 00 c0 51 db 40 c0 01 82 02 a8 15 5e 03 b2 09 5e 
03 07 08 00 00 80 02 05 15 00 00 00 00 04 01 00 04 0a 16 80 bc 56 00 bc 08 00 0a 95 00 00 06 04 
02 00 00 00 01 00 00 00 00 16 80 bc 56 00 bd 08 00 0a 95 00 00 b4 00 11 00 00 00 01 00 00 00 00 
16 80 bc 56 00 be 08 00 0a 95 00 00 b5 00 11 00 00 00 01 00 00 00 00 16 80 bc 56 00 bf 08 00 0a 
95 00 00 07 04 02 00 00 00 01 00 00 00 00 16 80 bc 56 00 00 09 00 0a 95 00 00 06 04 02 00 00 00 
00 00 00 00 00 16 80 bc 56 00 01 09 00 0a 95 00 00 b4 00 11 00 00 00 00 00 00 00 00 16 80 bc 56 
00 02 09 00 0a 95 00 00 b5 00 11 00 00 00 00 00 00 00 00 16 80 bc 56 00 03 09 00 0a 95 00 00 07 
04 02 00 00 00 00 00 00 00 00 16 80 bc 56 00 c0 08 00 8a b2 00 00 23 04 02 00 00 00 01 00 00 00 
00 16 80 bc 56 00 c1 08 00 8a b2 00 00 21 04 01 00 00 00 01 00 00 00 00 
.....W......Black Tiger Street Fighter..........".$..........X....(Wo.................@.......^.
..^........!.....W......Black Tiger Pupil..................."............X....~_........W@.....E
.@......?...?..................@............5?......5?"...............@.......@..........W......
Black Tiger Pupil..................."............X....................4...@.......?...?.........
.....W......Black Tiger Street Fighter.........."...........X...D./........W@.....Q.@......^...^
.....................V......................V......................V......................V.....
.................V......................V......................V......................V.........
.............V........#.............V........!..........

GAME->Client [12:58:00 07/15/09] packet size: 729 CRYPTED, Flags: f ServerSeq: 7 ClientSeq: 4
82 bf 85 fb 48 03 01 00 0c 57 02 f3 cd ab 12 8e 42 6c 61 63 6b 20 54 69 67 65 72 20 50 75 70 69 
6c 00 00 00 00 00 00 00 00 00 00 00 00 00 00 00 00 10 00 00 22 d4 c4 ef 1b 00 c6 01 80 d1 ca 09 
00 58 0a 00 00 00 d0 bc 4a e2 c0 00 00 00 00 00 c0 57 40 00 00 00 50 f6 8f d8 40 c0 01 83 01 03 
a8 15 3f 02 b2 09 3f 02 07 08 00 00 80 02 05 19 00 00 01 00 0c 57 02 f4 cd ab 12 8e 42 6c 61 63 
6b 20 54 69 67 65 72 20 50 75 70 69 6c 00 00 00 00 00 00 00 00 00 00 00 00 00 00 00 00 10 00 00 
22 d4 33 ef 1b 00 c6 01 80 d1 c9 09 00 58 0a 00 00 00 1a 8c 6b e1 c0 00 00 00 00 00 00 14 c0 00 
00 00 2c 3f c3 d2 40 c0 01 83 01 03 a8 15 3f 02 b2 09 3f 02 07 08 00 00 80 02 05 17 00 00 01 00 
0c 57 02 f5 cd ab 0f 8e 42 6c 61 63 6b 20 54 69 67 65 72 20 53 74 72 65 65 74 20 42 6f 73 73 00 
00 00 00 00 00 00 00 00 00 10 00 00 22 d0 f1 1b 00 c6 01 80 c1 cd 09 00 58 00 00 00 d4 47 28 e4 
c0 00 00 00 00 00 c0 57 40 00 00 00 00 c0 51 db 40 c0 01 82 01 a8 15 7e 04 b2 04 7e 04 07 08 00 
00 80 02 05 13 00 00 01 00 0c 57 02 f6 cd ab 12 8e 42 6c 61 63 6b 20 54 69 67 65 72 20 50 75 70 
69 6c 00 00 00 00 00 00 00 00 00 00 00 00 00 00 00 00 10 00 00 22 d4 63 ef 1b 00 c6 01 80 d1 ca 
09 00 58 0a 00 00 80 a8 44 a1 e1 c0 00 00 00 00 40 b7 49 40 00 00 00 f8 44 60 d3 40 c0 01 83 01 
03 a8 15 3f 02 b2 09 3f 02 07 08 00 00 80 02 05 11 00 00 01 00 08 50 02 49 03 40 11 ee cd ab 02 
09 00 00 00 00 00 61 e2 c0 00 00 00 00 00 40 60 40 00 00 00 00 80 4a d7 40 00 00 00 00 f2 04 35 
3f 00 00 00 00 f3 04 35 3f 0f 00 00 00 00 04 01 00 0e 0a 16 80 bc 56 00 c2 08 00 8a b2 00 00 b4 
00 1d 00 00 00 01 00 00 00 00 16 80 bc 56 00 c3 08 00 8a b2 00 00 09 04 1d 00 00 00 01 00 00 00 
00 16 80 bc 56 00 c4 08 00 8a b2 00 00 9d 00 1d 00 00 00 01 00 00 00 00 16 80 bc 56 00 c5 08 00 
8a b2 00 00 06 04 01 00 00 00 01 00 00 00 00 16 80 bc 56 00 04 09 00 8a b2 00 00 23 04 02 00 00 
00 00 00 00 00 00 16 80 bc 56 00 05 09 00 8a b2 00 00 21 04 01 00 00 00 00 00 00 00 00 16 80 bc 
56 00 06 09 00 8a b2 00 00 b4 00 1d 00 00 00 00 00 00 00 00 16 80 bc 56 00 07 09 00 8a b2 00 00 
09 04 1d 00 00 00 00 00 00 00 00 16 80 bc 56 00 08 09 00 8a b2 00 00 9d 00 1d 00 00 00 00 00 00 
00 00 16 80 bc 56 00 09 09 00 8a b2 00 00 06 04 01 00 00 00 00 00 00 00 00 
....H....W......Black Tiger Pupil..................."............X......J........W@...P...@.....
..?...?..............W......Black Tiger Pupil...................".3..........X......k...........
..,?..@.......?...?..............W......Black Tiger Street Boss............."...........X....G(.
.......W@.....Q.@......~...~..............W......Black Tiger Pupil...................".c........
..X.....D.......@.I@....D`.@.......?...?..............P.I.@...........a.......@`@.....J.@......5
?......5?.............V......................V......................V......................V....
..................V........#.............V........!.............V......................V........
..............V......................V...................

Client->GAME [12:58:00 07/15/09] packet size: 1 CRYPTED, Flags: 2f ServerSeq: 6 ClientSeq: 5
02 
.

Client->GAME [12:58:00 07/15/09] packet size: 1 CRYPTED, Flags: 5f ServerSeq: 7 ClientSeq: 6
02 
.

GAME->Client [12:58:01 07/15/09] packet size: 714 CRYPTED, Flags: f ServerSeq: 8 ClientSeq: 4
02 03 01 00 0c 57 02 f7 cd ab 12 8e 42 6c 61 63 6b 20 54 69 67 65 72 20 50 75 70 69 6c 00 00 00 
00 00 00 00 00 00 00 00 00 00 00 00 00 10 00 00 22 d4 a2 ef 1b 00 c6 01 80 d1 ca 09 00 58 0a 00 
00 80 6b d7 d5 e1 c0 00 00 00 00 00 00 14 c0 00 00 00 f8 ff f9 d1 40 c0 01 83 01 03 a8 15 3f 02 
b2 09 3f 02 07 08 00 00 80 02 05 0d 00 00 01 00 0c 57 02 f8 cd ab 10 8e 42 6c 61 63 6b 20 54 69 
67 65 72 20 50 75 70 69 6c 00 00 00 00 00 00 00 00 00 00 00 00 00 00 00 00 10 00 00 22 d4 96 ef 
1b 00 c6 01 80 c1 c9 09 00 58 00 00 80 e0 42 ef e1 c0 00 00 00 00 00 c0 57 40 00 00 00 a8 c3 83 
d8 40 c0 01 82 03 a8 15 3f 02 b2 09 3f 02 07 08 00 00 80 02 05 0b 00 00 01 00 0c 57 02 f9 cd ab 
12 8e 42 6c 61 63 6b 20 54 69 67 65 72 20 50 75 70 69 6c 00 00 00 00 00 00 00 00 00 00 00 00 00 
00 00 00 10 00 00 22 d4 6f ef 1b 00 c6 01 80 d1 c9 09 00 58 0a 00 00 00 09 7c 5b e1 c0 00 00 00 
00 00 00 14 c0 00 00 00 b8 64 dd d2 40 c0 01 83 01 03 a8 15 3f 02 b2 09 3f 02 07 08 00 00 80 02 
05 09 00 00 01 00 0c 57 02 fa cd ab 11 8e 42 6c 61 63 6b 20 54 69 67 65 72 20 53 74 72 65 65 74 
20 42 6f 73 73 00 00 00 00 00 00 00 00 00 00 10 00 00 22 d4 ad f1 1b 00 c6 01 80 c1 cd 09 00 58 
00 00 00 93 db c1 e1 c0 00 00 00 00 00 c0 57 40 00 00 00 b8 dd 66 dc 40 c0 01 83 04 01 a8 15 7e 
04 b2 04 7e 04 07 08 00 00 80 02 05 07 00 00 00 00 04 01 00 18 0c 16 80 bc 56 00 c6 08 00 24 b3 
00 00 89 02 02 00 00 00 01 00 00 00 00 16 80 bc 56 00 c7 08 00 24 b3 00 00 1a 04 01 00 00 00 01 
00 00 00 00 16 80 bc 56 00 c8 08 00 24 b3 00 00 b4 00 21 00 00 00 01 00 00 00 00 16 80 bc 56 00 
c9 08 00 24 b3 00 00 09 04 21 00 00 00 01 00 00 00 00 16 80 bc 56 00 ca 08 00 24 b3 00 00 15 04 
02 00 00 00 01 00 00 00 00 16 80 bc 56 00 cb 08 00 24 b3 00 00 b5 00 21 00 00 00 01 00 00 00 00 
16 80 bc 56 00 0a 09 00 24 b3 00 00 89 02 02 00 00 00 00 00 00 00 00 16 80 bc 56 00 0b 09 00 24 
b3 00 00 1a 04 01 00 00 00 00 00 00 00 00 16 80 bc 56 00 0c 09 00 24 b3 00 00 b4 00 21 00 00 00 
00 00 00 00 00 16 80 bc 56 00 0d 09 00 24 b3 00 00 09 04 21 00 00 00 00 00 00 00 00 16 80 bc 56 
00 0e 09 00 24 b3 00 00 15 04 02 00 00 00 00 00 00 00 00 16 80 bc 56 00 0f 09 00 24 b3 00 00 b5 
00 21 00 00 00 00 00 00 00 00 
.....W......Black Tiger Pupil..................."............X....k...................@.......?.
..?..............W......Black Tiger Pupil..................."............X....B.........W@......
.@......?...?..............W......Black Tiger Pupil...................".o..........X.....|[.....
.........d..@.......?...?..............W......Black Tiger Street Boss............."............X
..............W@.....f.@.......~...~.....................V....$.................V....$..........
.......V....$.....!...........V....$.....!...........V....$.................V....$.....!........
...V....$.................V....$.................V....$.....!...........V....$.....!...........V
....$.................V....$.....!........

Client->GAME [12:58:01 07/15/09] packet size: 1 CRYPTED, Flags: 3f ServerSeq: 8 ClientSeq: 7
02 
.

GAME->Client [12:58:01 07/15/09] packet size: 715 CRYPTED, Flags: 3f ServerSeq: 9 ClientSeq: 6
02 03 01 00 02 13 00 0d 00 02 0c a1 37 bf 0e c7 00 00 a0 c0 60 b1 8f 46 01 00 02 14 00 09 00 02 
0e 01 74 58 d5 0a c7 00 00 a0 c0 16 c0 96 46 01 00 02 13 00 07 00 02 0c b7 dd 0e 0e c7 00 00 be 
42 ee 36 e3 46 01 00 0c 57 02 fb cd ab 12 8e 42 6c 61 63 6b 20 54 69 67 65 72 20 53 74 72 65 65 
74 20 42 6f 73 73 00 00 00 00 00 00 00 00 00 00 10 00 00 22 d4 61 f1 1b 00 c6 01 80 d1 cd 09 00 
58 0a 00 00 00 ec fd 3d e5 c0 00 00 00 00 00 c0 57 40 00 00 00 20 1b 8c d6 40 c0 01 83 01 01 a8 
15 7e 04 b2 04 7e 04 07 08 00 00 80 02 05 05 00 00 01 00 0c 57 02 fc cd ab 10 8e 42 6c 61 63 6b 
20 54 69 67 65 72 20 53 74 72 65 65 74 20 46 69 67 68 74 65 72 00 00 00 00 00 00 00 10 00 00 22 
d4 f2 f0 1b 00 c6 01 80 c1 cc 09 00 58 00 00 80 d7 41 cc de c0 00 00 00 00 00 c0 57 40 00 00 00 
e4 fa de d5 40 c0 01 82 02 a8 15 5e 03 b2 09 5e 03 07 08 00 00 80 02 05 03 00 00 1b 00 02 0e 04 
e6 e4 b1 0d c7 00 00 a0 c0 8f 20 91 46 17 00 02 08 9e 2c 0b c7 00 00 a0 c0 88 39 96 46 00 00 04 
01 00 24 11 16 80 bc 56 00 cc 08 00 95 a7 00 00 b4 00 12 00 00 00 01 00 00 00 00 16 80 bc 56 00 
cd 08 00 95 a7 00 00 b5 00 12 00 00 00 01 00 00 00 00 16 80 bc 56 00 ce 08 00 95 a7 00 00 09 04 
12 00 00 00 01 00 00 00 00 16 80 bc 56 00 cf 08 00 95 a7 00 00 70 00 0f 00 00 00 01 00 00 00 00 
16 80 bc 56 00 10 09 00 95 a7 00 00 b4 00 12 00 00 00 00 00 00 00 00 16 80 bc 56 00 11 09 00 95 
a7 00 00 b5 00 12 00 00 00 00 00 00 00 00 16 80 bc 56 00 12 09 00 95 a7 00 00 09 04 12 00 00 00 
00 00 00 00 00 16 80 bc 56 00 13 09 00 95 a7 00 00 70 00 0f 00 00 00 00 00 00 00 00 16 80 bc 56 
00 d0 08 00 2c b3 00 00 17 04 01 00 00 00 01 00 00 00 00 16 80 bc 56 00 d1 08 00 2c b3 00 00 b4 
00 21 00 00 00 01 00 00 00 00 16 80 bc 56 00 d2 08 00 2c b3 00 00 09 04 21 00 00 00 01 00 00 00 
00 16 80 bc 56 00 d3 08 00 2c b3 00 00 12 04 02 00 00 00 01 00 00 00 00 16 80 bc 56 00 d4 08 00 
2c b3 00 00 07 04 02 00 00 00 01 00 00 00 00 16 80 bc 56 00 d5 08 00 2c b3 00 00 b5 00 21 00 00 
00 01 00 00 00 00 16 80 bc 56 00 14 09 00 2c b3 00 00 17 04 01 00 00 00 00 00 00 00 00 16 80 bc 
56 00 15 09 00 2c b3 00 00 b4 00 21 00 00 00 00 00 00 00 00 16 80 bc 56 00 16 09 00 2c b3 00 00 
09 04 21 00 00 00 00 00 00 00 00 
............7.......`..F..........tX..........F.................B.6.F...W......Black Tiger Stree
t Boss.............".a..........X......=........W@... ...@.......~...~..............W......Black
 Tiger Street Fighter.........."............X....A.........W@.......@......^...^................
.......... .F.....,.......9.F.....$....V......................V......................V..........
............V........p.............V......................V......................V..............
........V........p.............V....,.................V....,.....!...........V....,.....!.......
....V....,.................V....,.................V....,.....!...........V....,.................
V....,.....!...........V....,.....!........

Client->GAME [12:58:01 07/15/09] packet size: 1 CRYPTED, Flags: 7f ServerSeq: 9 ClientSeq: 8
02 
.

GAME->Client [12:58:01 07/15/09] packet size: 702 CRYPTED, Flags: 7f ServerSeq: 10 ClientSeq: 7
02 03 01 00 02 12 00 05 00 02 08 96 e0 29 c7 00 00 be 42 cd 3f b4 46 1b 00 02 0e 04 f0 e4 b1 0d 
c7 00 00 a0 c0 8f 20 91 46 07 00 02 0e 00 c1 dd 0e 0e c7 00 00 be 42 ee 36 e3 46 00 00 04 02 00 
35 0e 16 80 bc 56 00 17 09 00 2c b3 00 00 12 04 02 00 00 00 00 00 00 00 00 16 80 bc 56 00 18 09 
00 2c b3 00 00 07 04 02 00 00 00 00 00 00 00 00 16 80 bc 56 00 19 09 00 2c b3 00 00 b5 00 21 00 
00 00 00 00 00 00 00 16 80 bc 56 00 d6 08 00 c3 b2 00 00 89 02 02 00 00 00 01 00 00 00 00 16 80 
bc 56 00 d7 08 00 c3 b2 00 00 21 04 02 00 00 00 01 00 00 00 00 16 80 bc 56 00 d8 08 00 c3 b2 00 
00 b4 00 1f 00 00 00 01 00 00 00 00 16 80 bc 56 00 d9 08 00 c3 b2 00 00 09 04 1f 00 00 00 01 00 
00 00 00 16 80 bc 56 00 da 08 00 c3 b2 00 00 1e 04 01 00 00 00 01 00 00 00 00 16 80 bc 56 00 db 
08 00 c3 b2 00 00 9d 00 1f 00 00 00 01 00 00 00 00 16 80 bc 56 00 1a 09 00 c3 b2 00 00 89 02 02 
00 00 00 00 00 00 00 00 16 80 bc 56 00 1b 09 00 c3 b2 00 00 21 04 02 00 00 00 00 00 00 00 00 16 
80 bc 56 00 1c 09 00 c3 b2 00 00 b4 00 1f 00 00 00 00 00 00 00 00 16 80 bc 56 00 1d 09 00 c3 b2 
00 00 09 04 1f 00 00 00 00 00 00 00 00 16 80 bc 56 00 1e 09 00 c3 b2 00 00 1e 04 01 00 00 00 00 
00 00 00 00 00 43 0e 16 80 bc 56 00 1f 09 00 c3 b2 00 00 9d 00 1f 00 00 00 00 00 00 00 00 16 80 
bc 15 00 f7 08 00 11 00 00 00 ab 00 0d 00 00 00 01 00 00 00 00 16 80 bc 15 00 f8 08 00 11 00 00 
00 0a 02 4d 00 00 00 01 00 00 00 00 16 80 bc 15 00 f9 08 00 11 00 00 00 f2 03 34 00 00 00 01 00 
00 00 00 16 80 bc 15 00 fa 08 00 11 00 00 00 ed 03 4d 00 00 00 01 00 00 00 00 16 80 bc 15 00 fb 
08 00 11 00 00 00 9f 00 19 00 00 00 01 00 00 00 00 16 80 bc 15 00 fc 08 00 11 00 00 00 f1 03 34 
00 00 00 01 00 00 00 00 16 80 bc 15 00 fd 08 00 11 00 00 00 0c 02 34 00 00 00 01 00 00 00 00 16 
80 bc 15 00 fe 08 00 11 00 00 00 b7 00 4d 00 00 00 01 00 00 00 00 16 80 bc 15 00 ff 08 00 11 00 
00 00 f3 03 46 00 00 00 01 00 00 00 00 0b 80 bd 05 11 00 00 00 00 00 00 00 16 80 bc 15 00 20 09 
00 11 00 00 00 ab 00 0d 00 00 00 00 00 00 00 00 16 80 bc 15 00 21 09 00 11 00 00 00 0a 02 4d 00 
00 00 00 00 00 00 00 16 80 bc 15 00 22 09 00 11 00 00 00 f2 03 34 00 00 00 00 00 00 00 00 
.............)....B.?.F............... .F.............B.6.F.....5....V....,.................V...
.,.................V....,.....!...........V......................V........!.............V.......
...............V......................V......................V......................V...........
...........V........!.............V......................V......................V...............
.....C....V........................................................M......................4.....
.................M.............................................4......................4.........
.............M......................F......................... ......................!........M.
............"........4........

Client->GAME [12:58:01 07/15/09] packet size: 1 CRYPTED, Flags: 7f ServerSeq: 10 ClientSeq: 9
02 
.

GAME->Client [12:58:01 07/15/09] packet size: 714 CRYPTED, Flags: 7f ServerSeq: 11 ClientSeq: 8
02 03 21 00 02 0c 25 12 30 0b c7 00 00 a0 c0 c4 2b 97 46 1b 00 02 0c f6 e4 b1 0d c7 00 00 a0 c0 
8f 20 91 46 19 00 02 0e 04 ca ee 9b 12 c7 00 00 be 42 7e 8d c4 46 0d 00 02 0c a2 1e da 0e c7 00 
00 a0 c0 dc 7f 8f 46 07 00 02 0e 00 c7 dd 0e 0e c7 00 00 be 42 ee 36 e3 46 05 00 02 0c 62 2d d7 
29 c7 00 00 be 42 0b 2b b4 46 00 00 04 01 00 51 1c 16 80 bc 15 00 23 09 00 11 00 00 00 ed 03 4d 
00 00 00 00 00 00 00 00 16 80 bc 15 00 24 09 00 11 00 00 00 9f 00 19 00 00 00 00 00 00 00 00 16 
80 bc 15 00 25 09 00 11 00 00 00 f1 03 34 00 00 00 00 00 00 00 00 16 80 bc 15 00 26 09 00 11 00 
00 00 0c 02 34 00 00 00 00 00 00 00 00 16 80 bc 15 00 27 09 00 11 00 00 00 b7 00 4d 00 00 00 00 
00 00 00 00 16 80 bc 15 00 28 09 00 11 00 00 00 f3 03 46 00 00 00 00 00 00 00 00 0b 80 bd 05 11 
00 00 00 00 00 00 01 16 80 bc 15 00 20 09 00 11 00 00 00 ab 00 0d 00 00 00 01 00 00 00 00 16 80 
bc 15 00 21 09 00 11 00 00 00 0a 02 4d 00 00 00 01 00 00 00 00 16 80 bc 15 00 22 09 00 11 00 00 
00 f2 03 34 00 00 00 01 00 00 00 00 16 80 bc 15 00 23 09 00 11 00 00 00 ed 03 4d 00 00 00 01 00 
00 00 00 16 80 bc 15 00 24 09 00 11 00 00 00 9f 00 19 00 00 00 01 00 00 00 00 16 80 bc 15 00 25 
09 00 11 00 00 00 f1 03 34 00 00 00 01 00 00 00 00 16 80 bc 15 00 26 09 00 11 00 00 00 0c 02 34 
00 00 00 01 00 00 00 00 16 80 bc 15 00 27 09 00 11 00 00 00 b7 00 4d 00 00 00 01 00 00 00 00 16 
80 bc 15 00 28 09 00 11 00 00 00 f3 03 46 00 00 00 01 00 00 00 00 04 80 b3 11 00 16 80 bc 45 03 
11 00 00 02 00 00 00 11 00 32 00 00 00 01 00 00 00 00 16 80 bc 55 00 dc 08 00 02 00 00 00 cc 00 
0c 00 00 00 01 00 00 00 00 08 80 b2 11 00 32 00 08 02 16 80 bc 45 03 11 00 00 02 00 00 00 11 00 
32 00 00 00 00 00 00 00 00 16 80 bc 55 00 29 09 00 02 00 00 00 cc 00 0c 00 00 00 00 00 00 00 00 
16 80 bc 15 00 2a 09 00 11 00 00 00 ab 00 0d 00 00 00 00 00 00 00 00 16 80 bc 15 00 2b 09 00 11 
00 00 00 0a 02 4d 00 00 00 00 00 00 00 00 16 80 bc 15 00 2c 09 00 11 00 00 00 f2 03 34 00 00 00 
00 00 00 00 00 16 80 bc 15 00 2d 09 00 11 00 00 00 ed 03 4d 00 00 00 00 00 00 00 00 16 80 bc 15 
00 2e 09 00 11 00 00 00 9f 00 19 00 00 00 00 00 00 00 00 16 80 bc 15 00 2f 09 00 11 00 00 00 f1 
03 34 00 00 00 00 00 00 00 00 
..!...%.0.......+.F.............. .F.............B~..F................F.............B.6.F....b-.
)....B.+.F.....Q......#........M.............$......................%........4.............&....
....4.............'........M.............(........F......................... ...................
...!........M............."........4.............#........M.............$......................%
........4.............&........4.............'........M.............(........F................E.
.........2...........U........................2......E..........2...........U.).................
.....*......................+........M.............,........4.............-........M............
......................../........4........

Client->GAME [12:58:01 07/15/09] packet size: 44 CRYPTED, Flags: 7f ServerSeq: 10 ClientSeq: 10
02 04 01 00 06 02 12 80 c9 07 00 00 00 00 e8 00 c7 00 00 20 41 00 30 f2 46 12 80 c9 0e 00 00 00 
00 98 37 c7 00 00 20 41 00 30 f2 46 
................... A.0.F.........7... A.0.F

Client->GAME [12:58:01 07/15/09] packet size: 1 CRYPTED, Flags: 7f ServerSeq: 11 ClientSeq: 11
02 
.

GAME->Client [12:58:01 07/15/09] packet size: 699 CRYPTED, Flags: 7f ServerSeq: 12 ClientSeq: 9
02 03 1b 00 02 0e 00 01 e4 b1 0d c7 00 00 a0 c0 8f 20 91 46 19 00 02 0e 04 d5 ee 9b 12 c7 00 00 
be 42 7e 8d c4 46 11 00 02 0c 62 96 c0 0c c7 00 44 8c 41 aa 58 9a 46 07 00 02 0c c8 dd 0e 0e c7 
00 00 be 42 ee 36 e3 46 00 00 04 02 00 6d 19 16 80 bc 15 00 30 09 00 11 00 00 00 0c 02 34 00 00 
00 00 00 00 00 00 16 80 bc 15 00 31 09 00 11 00 00 00 b7 00 4d 00 00 00 00 00 00 00 00 16 80 bc 
15 00 32 09 00 11 00 00 00 f3 03 46 00 00 00 00 00 00 00 00 16 80 bc 55 00 dd 08 00 0b 00 00 00 
37 02 96 00 00 00 01 00 00 00 00 16 80 bc 55 00 33 09 00 0b 00 00 00 37 02 96 00 00 00 00 00 00 
00 00 16 80 bc 55 00 de 08 00 2d 00 00 00 23 04 0a 00 00 00 01 00 00 00 00 16 80 bc 55 00 df 08 
00 2d 00 00 00 20 04 0a 00 00 00 01 00 00 00 00 16 80 bc 55 00 e0 08 00 2d 00 00 00 19 04 05 00 
00 00 01 00 00 00 00 16 80 bc 55 00 e1 08 00 2d 00 00 00 42 04 05 00 00 00 01 00 00 00 00 16 80 
bc 55 00 34 09 00 2d 00 00 00 23 04 0a 00 00 00 00 00 00 00 00 16 80 bc 55 00 35 09 00 2d 00 00 
00 20 04 0a 00 00 00 00 00 00 00 00 16 80 bc 55 00 36 09 00 2d 00 00 00 19 04 05 00 00 00 00 00 
00 00 00 16 80 bc 55 00 37 09 00 2d 00 00 00 42 04 05 00 00 00 00 00 00 00 00 16 80 bc 55 00 e2 
08 00 34 00 00 00 83 02 c8 00 00 00 01 00 00 00 00 16 80 bc 55 00 38 09 00 34 00 00 00 83 02 c8 
00 00 00 00 00 00 00 00 04 80 b3 3d 04 16 80 bc 45 03 3d 04 00 43 00 00 00 3d 04 00 00 00 00 01 
00 00 00 00 08 80 b2 3d 04 00 00 08 02 16 80 bc 45 03 3d 04 00 43 00 00 00 3d 04 00 00 00 00 00 
00 00 00 00 16 80 bc 55 00 e3 08 00 4b 00 00 00 1f 04 19 00 00 00 01 00 00 00 00 16 80 bc 55 00 
39 09 00 4b 00 00 00 1f 04 19 00 00 00 00 00 00 00 00 16 80 bc 55 00 e4 08 00 5f 00 00 00 7c 04 
0f 00 00 00 01 00 00 00 00 16 80 bc 55 00 e5 08 00 5f 00 00 00 07 04 0f 00 00 00 01 00 00 00 00 
16 80 bc 55 00 3a 09 00 5f 00 00 00 7c 04 0f 00 00 00 00 00 00 00 00 16 80 bc 55 00 3b 09 00 5f 
00 00 00 07 04 0f 00 00 00 00 00 00 00 00 00 86 04 16 80 bc 55 00 e6 08 00 62 00 00 00 06 04 01 
00 00 00 01 00 00 00 00 04 80 b3 35 04 16 80 bc 45 03 35 04 00 62 00 00 00 35 04 00 00 00 00 01 
00 00 00 00 16 80 bc 55 00 e7 08 00 62 00 00 00 15 04 01 00 00 00 01 00 00 00 00 
................. .F.............B~..F....b.....D.A.X.F............B.6.F.....m......0........4..
...........1........M.............2........F...........U........7.............U.3......7........
.....U....-...#.............U....-... .............U....-.................U....-...B............
.U.4..-...#.............U.5..-... .............U.6..-.................U.7..-...B.............U..
..4.................U.8..4.................=....E.=..C...=.............=........E.=..C...=......
.......U....K.................U.9..K.................U...._...|.............U...._..............
...U.:.._...|.............U.;.._....................U....b.................5....E.5..b...5......
.......U....b..............

Client->GAME [12:58:01 07/15/09] packet size: 1 CRYPTED, Flags: 7f ServerSeq: 12 ClientSeq: 12
02 
.

GAME->Client [12:58:01 07/15/09] packet size: 697 CRYPTED, Flags: 7f ServerSeq: 13 ClientSeq: 11
02 03 21 00 02 0e 00 2f 40 1c 0b c7 00 00 a0 c0 67 4b 97 46 1b 00 02 0e 00 0b e4 b1 0d c7 00 00 
a0 c0 8f 20 91 46 19 00 02 0c df ee 9b 12 c7 00 00 be 42 7e 8d c4 46 17 00 02 0c 32 c2 dc 0a c7 
00 00 a0 c0 0a 70 96 46 03 00 06 0e 01 17 01 56 f6 c6 00 00 be 42 e0 0a af 46 80 80 80 80 c0 4c 
0a 00 28 01 01 00 00 04 01 00 8a 1d 16 80 bc 55 00 3c 09 00 62 00 00 00 06 04 01 00 00 00 00 00 
00 00 00 08 80 b2 35 04 00 00 08 02 16 80 bc 45 03 35 04 00 62 00 00 00 35 04 00 00 00 00 00 00 
00 00 00 16 80 bc 55 00 3d 09 00 62 00 00 00 15 04 01 00 00 00 00 00 00 00 00 04 80 b3 3e 04 16 
80 bc 45 03 3e 04 00 4f 01 00 00 3e 04 00 00 00 00 01 00 00 00 00 08 80 b2 3e 04 00 00 08 02 16 
80 bc 45 03 3e 04 00 4f 01 00 00 3e 04 00 00 00 00 00 00 00 00 00 16 80 bc 55 00 e8 08 00 5a 01 
00 00 07 04 05 00 00 00 01 00 00 00 00 16 80 bc 55 00 e9 08 00 5a 01 00 00 1d 04 0f 00 00 00 01 
00 00 00 00 16 80 bc 55 00 3e 09 00 5a 01 00 00 07 04 05 00 00 00 00 00 00 00 00 16 80 bc 55 00 
3f 09 00 5a 01 00 00 1d 04 0f 00 00 00 00 00 00 00 00 04 80 b3 3f 04 16 80 bc 45 03 3f 04 00 64 
01 00 00 3f 04 00 00 00 00 01 00 00 00 00 16 80 bc 55 00 ea 08 00 64 01 00 00 1f 04 05 00 00 00 
01 00 00 00 00 08 80 b2 3f 04 00 00 08 02 16 80 bc 45 03 3f 04 00 64 01 00 00 3f 04 00 00 00 00 
00 00 00 00 00 16 80 bc 55 00 40 09 00 64 01 00 00 1f 04 05 00 00 00 00 00 00 00 00 16 80 bc 55 
00 eb 08 00 66 01 00 00 7b 04 05 00 00 00 01 00 00 00 00 16 80 bc 55 00 ec 08 00 66 01 00 00 12 
04 0a 00 00 00 01 00 00 00 00 16 80 bc 55 00 ed 08 00 66 01 00 00 06 04 0b 00 00 00 01 00 00 00 
00 16 80 bc 55 00 41 09 00 66 01 00 00 7b 04 05 00 00 00 00 00 00 00 00 16 80 bc 55 00 42 09 00 
66 01 00 00 12 04 0a 00 00 00 00 00 00 00 00 16 80 bc 55 00 43 09 00 66 01 00 00 06 04 0b 00 00 
00 00 00 00 00 00 16 80 bc 55 00 ee 08 00 8e 01 00 00 03 04 05 00 00 00 01 00 00 00 00 16 80 bc 
55 00 ef 08 00 8e 01 00 00 12 04 0f 00 00 00 01 00 00 00 00 16 80 bc 55 00 f0 08 00 8e 01 00 00 
77 04 05 00 00 00 01 00 00 00 00 16 80 bc 55 00 44 09 00 8e 01 00 00 03 04 05 00 00 00 00 00 00 
00 00 16 80 bc 55 00 45 09 00 8e 01 00 00 12 04 0f 00 00 00 00 00 00 00 00 
..!..../@.......gK.F............... .F............B~..F....2.........p.F.......V.....B...F.....L
..(............U.<..b.................5........E.5..b...5.............U.=..b.................>..
..E.>..O...>.............>........E.>..O...>.............U....Z.................U....Z..........
.......U.>..Z.................U.?..Z.................?....E.?..d...?.............U....d.........
........?........E.?..d...?.............U.@..d.................U....f...{.............U....f....
.............U....f.................U.A..f...{.............U.B..f.................U.C..f........
.........U......................U......................U........w.............U.D...............
.....U.E.................

Client->GAME [12:58:01 07/15/09] packet size: 1 CRYPTED, Flags: 7f ServerSeq: 13 ClientSeq: 13
02 
.

GAME->Client [12:58:01 07/15/09] packet size: 713 CRYPTED, Flags: 7f ServerSeq: 14 ClientSeq: 12
02 03 21 00 02 0e 00 3a 40 1c 0b c7 00 00 a0 c0 67 4b 97 46 1b 00 02 0c 0c e4 b1 0d c7 00 00 a0 
c0 8f 20 91 46 19 00 02 0e 00 ea ee 9b 12 c7 00 00 be 42 7e 8d c4 46 11 00 02 08 ea a0 0c c7 00 
80 4e 40 22 11 9a 46 09 00 02 0c 75 d5 b5 0a c7 00 00 a0 c0 f1 ed 95 46 03 00 06 0e 01 18 58 3a 
f6 c6 00 00 be 42 44 35 af 46 ff 00 00 00 10 00 00 00 00 00 01 ff 00 00 00 00 00 00 00 00 00 00 
00 00 00 00 00 00 00 00 00 00 00 00 00 00 00 00 02 ff 00 00 00 00 00 00 00 00 5e 03 00 00 00 00 
15 00 00 00 00 00 00 ff 00 00 00 00 00 00 00 00 00 00 00 00 00 00 00 00 00 00 00 00 00 00 00 00 
00 00 00 00 00 00 01 00 5e 03 ff 00 00 00 00 00 00 00 00 00 00 00 00 4c 0a 00 28 ff 01 00 00 00 
00 00 00 00 00 00 00 00 cc 09 00 58 37 08 00 00 1f 07 08 00 00 00 00 00 00 22 00 00 00 00 00 00 
00 04 01 00 a7 15 16 80 bc 55 00 46 09 00 8e 01 00 00 77 04 05 00 00 00 00 00 00 00 00 16 80 bc 
55 00 f1 08 00 cd 01 00 00 e5 03 05 00 00 00 01 00 00 00 00 16 80 bc 55 00 f2 08 00 cd 01 00 00 
73 04 05 00 00 00 01 00 00 00 00 16 80 bc 55 00 f3 08 00 cd 01 00 00 e3 03 0f 00 00 00 01 00 00 
00 00 16 80 bc 55 00 47 09 00 cd 01 00 00 e5 03 05 00 00 00 00 00 00 00 00 16 80 bc 55 00 48 09 
00 cd 01 00 00 73 04 05 00 00 00 00 00 00 00 00 16 80 bc 55 00 49 09 00 cd 01 00 00 e3 03 0f 00 
00 00 00 00 00 00 00 04 80 b3 40 04 16 80 bc 45 03 40 04 00 d5 01 00 00 40 04 00 00 00 00 01 00 
00 00 00 16 80 bc 55 00 f4 08 00 d5 01 00 00 e3 03 05 00 00 00 01 00 00 00 00 08 80 b2 40 04 00 
00 08 02 16 80 bc 45 03 40 04 00 d5 01 00 00 40 04 00 00 00 00 00 00 00 00 00 16 80 bc 55 00 4a 
09 00 d5 01 00 00 e3 03 05 00 00 00 00 00 00 00 00 16 80 bc 55 00 f5 08 00 36 02 00 00 37 02 0a 
00 00 00 01 00 00 00 00 16 80 bc 55 00 4b 09 00 36 02 00 00 37 02 0a 00 00 00 00 00 00 00 00 16 
80 bc 55 00 f6 08 00 74 02 00 00 34 02 1e 00 00 00 01 00 00 00 00 16 80 bc 55 00 4c 09 00 74 02 
00 00 34 02 1e 00 00 00 00 00 00 00 00 16 80 bc 15 00 2a 09 00 11 00 00 00 ab 00 0d 00 00 00 01 
00 00 00 00 16 80 bc 15 00 2b 09 00 11 00 00 00 0a 02 4d 00 00 00 01 00 00 00 00 16 80 bc 15 00 
2c 09 00 11 00 00 00 f2 03 34 00 00 00 01 00 00 00 00 16 80 bc 15 00 2d 09 00 11 00 00 00 ed 03 
4d 00 00 00 01 00 00 00 00 
..!....:@.......gK.F.............. .F.............B~..F..........N@"..F....u...........F......X:
.....BD5.F................................................^.....................................
........^..............L..(................X7............"...............U.F......w.............
U......................U........s.............U......................U.G....................U.H.
.....s.............U.I....................@....E.@......@.............U......................@..
......E.@......@.............U.J....................U....6...7.............U.K..6...7...........
..U....t...4.............U.L..t...4...............*......................+........M.............
,........4.............-........M........

Client->GAME [12:58:01 07/15/09] packet size: 1 CRYPTED, Flags: 7f ServerSeq: 14 ClientSeq: 14
02 
.

Client->GAME [12:58:01 07/15/09] packet size: 25 CRYPTED, Flags: 7f ServerSeq: 14 ClientSeq: 15
02 04 01 00 08 01 12 80 c9 07 00 40 16 00 98 37 c7 00 00 20 41 00 d0 84 46 
...........@...7... A...F

GAME->Client [12:58:01 07/15/09] packet size: 665 CRYPTED, Flags: 7f ServerSeq: 15 ClientSeq: 13
02 03 21 00 02 0c 3e 40 1c 0b c7 00 00 a0 c0 67 4b 97 46 19 00 02 0e 00 f0 ee 9b 12 c7 00 00 be 
42 7e 8d c4 46 17 00 02 0c 33 d0 ac 0a c7 00 00 a0 c0 71 90 96 46 0d 00 02 0c a1 12 22 0f c7 00 
00 a0 c0 86 f9 8e 46 05 00 02 0c 61 02 94 29 c7 00 00 be 42 23 9b b3 46 03 00 06 0e 05 0d 58 3a 
f6 c6 00 00 be 42 44 35 af 46 ff 00 00 00 10 00 00 00 00 00 01 ff 00 00 00 00 00 00 00 00 00 00 
00 00 00 00 00 00 00 00 00 00 00 00 00 00 00 00 02 ff 00 00 00 00 00 00 00 00 5e 03 00 00 00 00 
15 00 00 00 00 00 00 ff 00 00 00 00 00 00 00 00 00 00 00 00 00 00 00 00 00 00 00 00 00 00 00 00 
00 00 00 00 00 00 01 00 5e 03 ff 00 00 00 00 00 00 00 00 00 00 00 00 4c 0a 00 28 ff 01 00 00 00 
00 00 00 00 00 00 00 00 cc 09 00 58 37 08 00 00 1f 07 08 00 00 00 00 00 00 22 00 00 00 00 00 00 
00 04 02 00 bc 10 16 80 bc 15 00 2e 09 00 11 00 00 00 9f 00 19 00 00 00 01 00 00 00 00 16 80 bc 
15 00 2f 09 00 11 00 00 00 f1 03 34 00 00 00 01 00 00 00 00 16 80 bc 15 00 30 09 00 11 00 00 00 
0c 02 34 00 00 00 01 00 00 00 00 16 80 bc 15 00 31 09 00 11 00 00 00 b7 00 4d 00 00 00 01 00 00 
00 00 16 80 bc 15 00 32 09 00 11 00 00 00 f3 03 46 00 00 00 01 00 00 00 00 0b 80 bd 05 11 00 00 
00 00 00 00 00 16 80 bc 15 00 4d 09 00 11 00 00 00 ab 00 0d 00 00 00 00 00 00 00 00 16 80 bc 15 
00 4e 09 00 11 00 00 00 0a 02 4d 00 00 00 00 00 00 00 00 16 80 bc 15 00 4f 09 00 11 00 00 00 f2 
03 34 00 00 00 00 00 00 00 00 16 80 bc 15 00 50 09 00 11 00 00 00 ed 03 4d 00 00 00 00 00 00 00 
00 16 80 bc 15 00 51 09 00 11 00 00 00 9f 00 19 00 00 00 00 00 00 00 00 16 80 bc 15 00 52 09 00 
11 00 00 00 f1 03 34 00 00 00 00 00 00 00 00 16 80 bc 15 00 53 09 00 11 00 00 00 0c 02 34 00 00 
00 00 00 00 00 00 16 80 bc 15 00 54 09 00 11 00 00 00 b7 00 4d 00 00 00 00 00 00 00 00 16 80 bc 
15 00 55 09 00 11 00 00 00 f3 03 46 00 00 00 00 00 00 00 00 0b 80 bd 05 11 00 00 00 00 00 00 01 
00 cc 02 17 3a 05 00 11 00 0a 00 50 76 50 53 65 72 76 65 72 00 04 00 06 00 00 00 1d 3a 05 00 17 
00 10 00 50 76 50 4d 61 78 53 61 66 65 4c 65 76 65 6c 00 04 00 0f 00 00 00 
..!...>@.......gK.F.............B~..F....3........q..F......".........F....a..)....B#..F......X:
.....BD5.F................................................^.....................................
........^..............L..(................X7............"......................................
../........4.............0........4.............1........M.............2........F...............
..........M......................N........M.............O........4.............P........M.......
......Q......................R........4.............S........4.............T........M...........
..U........F........................:......PvPServer........:......PvPMaxSafeLevel.......

Client->GAME [12:58:02 07/15/09] packet size: 1 CRYPTED, Flags: 7f ServerSeq: 15 ClientSeq: 16
02 
.

GAME->Client [12:58:03 07/15/09] packet size: 720 CRYPTED, Flags: 7f ServerSeq: 16 ClientSeq: 15
82 e5 85 fb 48 03 17 00 02 0c 32 a1 97 0a c7 00 00 a0 c0 9a 9f 96 46 11 00 02 0c 63 6f 81 0c c7 
00 00 a0 c0 32 c9 99 46 0d 00 02 0c a2 be 32 0f c7 00 40 3d 3f 4e db 8e 46 09 00 02 08 8d a8 0a 
c7 00 00 a0 c0 1c 92 95 46 05 00 02 0c 62 e6 84 29 c7 00 00 be 42 cb 79 b3 46 03 00 06 0e 05 03 
58 3a f6 c6 00 00 be 42 44 35 af 46 ff 00 00 00 10 00 00 00 00 00 01 ff 00 00 00 00 00 00 00 00 
00 00 00 00 00 00 00 00 00 00 00 00 00 00 00 00 00 00 02 ff 00 00 00 00 00 00 00 00 5e 03 00 00 
00 00 15 00 00 00 00 00 00 ff 00 00 00 00 00 00 00 00 00 00 00 00 00 00 00 00 00 00 00 00 00 00 
00 00 00 00 00 00 00 00 01 00 5e 03 ff 00 00 00 00 00 00 00 00 00 00 00 00 4c 0a 00 28 ff 01 00 
00 00 00 00 00 00 00 00 00 00 cc 09 00 58 37 08 00 00 1f 07 08 00 00 00 00 00 00 22 00 00 00 00 
00 00 00 04 01 00 ce 10 3f 3a 05 00 14 00 0d 00 57 52 5f 52 65 7a 45 76 65 6e 74 73 00 29 00 48 
61 6c 6c 6f 77 65 65 6e 5f 45 76 65 6e 74 2c 57 69 6e 74 65 72 33 50 6c 75 73 48 61 6c 6c 6f 77 
65 65 6e 54 53 45 43 00 1b 3a 05 00 19 00 12 00 45 76 65 6e 74 53 6c 6f 74 31 5f 45 66 66 65 63 
74 00 00 00 28 3a 05 00 19 00 12 00 45 76 65 6e 74 53 6c 6f 74 32 5f 45 66 66 65 63 74 00 0d 00 
66 6c 79 6d 61 6e 5f 69 64 6c 65 33 00 25 3a 05 00 19 00 12 00 45 76 65 6e 74 53 6c 6f 74 33 5f 
45 66 66 65 63 74 00 0a 00 66 6c 79 5f 76 69 72 75 73 00 1f 3a 05 00 1b 00 14 00 46 69 78 65 64 
42 69 6e 6b 49 44 4f 76 65 72 72 69 64 65 00 02 00 20 00 16 80 bc 15 00 b5 08 00 f7 03 00 00 08 
02 00 00 00 00 00 00 00 00 00 16 80 bc 15 00 b6 08 00 f7 03 00 00 07 02 ec ff ff ff 00 00 00 00 
00 16 80 bc 15 00 b7 08 00 f7 03 00 00 50 04 00 00 00 00 00 00 00 00 00 16 80 bc 15 00 b8 08 00 
f7 03 00 00 f4 03 00 00 00 00 00 00 00 00 00 16 80 bc 15 00 b9 08 00 f7 03 00 00 51 04 f6 ff ff 
ff 00 00 00 00 00 16 80 bc 15 00 ba 08 00 f7 03 00 00 52 04 0f 00 00 00 00 00 00 00 00 16 80 bc 
11 00 bb 08 00 00 00 00 00 cb 02 00 00 00 00 00 00 00 00 00 16 80 bc 56 00 00 09 00 0a 95 00 00 
06 04 02 00 00 00 00 00 00 00 00 16 80 bc 56 00 01 09 00 0a 95 00 00 b4 00 11 00 00 00 00 00 00 
00 00 16 80 bc 56 00 02 09 00 0a 95 00 00 b5 00 11 00 00 00 00 00 00 00 00 16 80 bc 56 00 03 09 
00 0a 95 00 00 07 04 02 00 00 00 00 00 00 00 00 
....H.....2...........F....co.......2..F......2...@=?N..F...............F....b..)....B.y.F......
X:.....BD5.F................................................^...................................
..........^..............L..(................X7............"............?:......WR_RezEvents.).H
alloween_Event,Winter3PlusHalloweenTSEC..:......EventSlot1_Effect...(:......EventSlot2_Effect...
flyman_idle3.%:......EventSlot3_Effect...fly_virus..:......FixedBinkIDOverride... ..............
.............................................P.............................................Q....
..................R....................................V......................V.................
.....V......................V...................

Client->GAME [12:58:03 07/15/09] packet size: 1 CRYPTED, Flags: 7f ServerSeq: 0 ClientSeq: 17
02 
.

Client->GAME [12:58:03 07/15/09] packet size: 44 CRYPTED, Flags: 7f ServerSeq: 0 ClientSeq: 18
02 04 01 00 09 02 12 80 c9 07 00 c0 08 00 68 3f c7 00 00 20 41 00 e8 00 47 12 80 c9 17 00 c0 08 
00 78 66 c7 00 00 20 41 00 e8 00 47 
..............h?... A...G........xf... A...G

GAME->Client [12:58:03 07/15/09] packet size: 710 CRYPTED, Flags: 7f ServerSeq: 17 ClientSeq: 0
02 03 17 00 02 0c 32 48 82 0a c7 00 00 a0 c0 4a ae 96 46 0d 00 02 0c a2 48 43 0f c7 00 58 dc 40 
93 bc 8e 46 05 00 02 0e 00 5d 1f 7d 29 c7 00 00 be 42 75 69 b3 46 03 00 06 0c f9 58 3a f6 c6 00 
00 be 42 44 35 af 46 ff 00 00 00 10 00 00 00 00 00 01 ff 00 00 00 00 00 00 00 00 00 00 00 00 00 
00 00 00 00 00 00 00 00 00 00 00 00 00 02 ff 00 00 00 00 00 00 00 00 5e 03 00 00 00 00 15 00 00 
00 00 00 00 ff 00 00 00 00 00 00 00 00 00 00 00 00 00 00 00 00 00 00 00 00 00 00 00 00 00 00 00 
00 00 00 01 00 5e 03 ff 00 00 00 00 00 00 00 00 00 00 00 00 4c 0a 00 28 ff 01 00 00 00 00 00 00 
00 00 00 00 00 cc 09 00 58 37 08 00 00 1f 07 08 00 00 00 00 00 00 22 00 00 00 00 00 00 00 04 01 
00 de 15 16 80 bc 56 00 04 09 00 8a b2 00 00 23 04 02 00 00 00 00 00 00 00 00 16 80 bc 56 00 05 
09 00 8a b2 00 00 21 04 01 00 00 00 00 00 00 00 00 16 80 bc 56 00 06 09 00 8a b2 00 00 b4 00 1d 
00 00 00 00 00 00 00 00 16 80 bc 56 00 07 09 00 8a b2 00 00 09 04 1d 00 00 00 00 00 00 00 00 16 
80 bc 56 00 08 09 00 8a b2 00 00 9d 00 1d 00 00 00 00 00 00 00 00 16 80 bc 56 00 09 09 00 8a b2 
00 00 06 04 01 00 00 00 00 00 00 00 00 16 80 bc 56 00 0a 09 00 24 b3 00 00 89 02 02 00 00 00 00 
00 00 00 00 16 80 bc 56 00 0b 09 00 24 b3 00 00 1a 04 01 00 00 00 00 00 00 00 00 16 80 bc 56 00 
0c 09 00 24 b3 00 00 b4 00 21 00 00 00 00 00 00 00 00 16 80 bc 56 00 0d 09 00 24 b3 00 00 09 04 
21 00 00 00 00 00 00 00 00 16 80 bc 56 00 0e 09 00 24 b3 00 00 15 04 02 00 00 00 00 00 00 00 00 
16 80 bc 56 00 0f 09 00 24 b3 00 00 b5 00 21 00 00 00 00 00 00 00 00 16 80 bc 56 00 10 09 00 95 
a7 00 00 b4 00 12 00 00 00 00 00 00 00 00 16 80 bc 56 00 11 09 00 95 a7 00 00 b5 00 12 00 00 00 
00 00 00 00 00 16 80 bc 56 00 12 09 00 95 a7 00 00 09 04 12 00 00 00 00 00 00 00 00 16 80 bc 56 
00 13 09 00 95 a7 00 00 70 00 0f 00 00 00 00 00 00 00 00 16 80 bc 56 00 14 09 00 2c b3 00 00 17 
04 01 00 00 00 00 00 00 00 00 16 80 bc 56 00 15 09 00 2c b3 00 00 b4 00 21 00 00 00 00 00 00 00 
00 16 80 bc 56 00 16 09 00 2c b3 00 00 09 04 21 00 00 00 00 00 00 00 00 16 80 bc 56 00 17 09 00 
2c b3 00 00 12 04 02 00 00 00 00 00 00 00 00 16 80 bc 56 00 18 09 00 2c b3 00 00 07 04 02 00 00 
00 00 00 00 00 00 
......2H.......J..F.....HC...X.@...F.....].})....Bui.F.....X:.....BD5.F.........................
.......................^.............................................^..............L..(........
........X7............"...............V........#.............V........!.............V...........
...........V......................V......................V......................V....$..........
.......V....$.................V....$.....!...........V....$.....!...........V....$..............
...V....$.....!...........V......................V......................V......................V
........p.............V....,.................V....,.....!...........V....,.....!...........V....
,.................V....,..............

Client->GAME [12:58:03 07/15/09] packet size: 1 CRYPTED, Flags: 7f ServerSeq: 1 ClientSeq: 19
02 
.

GAME->Client [12:58:03 07/15/09] packet size: 720 CRYPTED, Flags: 7f ServerSeq: 18 ClientSeq: 1
02 03 09 00 02 0e 04 80 44 a2 0a c7 00 00 a0 c0 bf 66 95 46 05 00 02 0e 00 5d 1f 7d 29 c7 00 00 
be 42 75 69 b3 46 03 00 06 0c ee 58 3a f6 c6 00 00 be 42 44 35 af 46 ff 00 00 00 10 00 00 00 00 
00 01 ff 00 00 00 00 00 00 00 00 00 00 00 00 00 00 00 00 00 00 00 00 00 00 00 00 00 00 02 ff 00 
00 00 00 00 00 00 00 5e 03 00 00 00 00 15 00 00 00 00 00 00 ff 00 00 00 00 00 00 00 00 00 00 00 
00 00 00 00 00 00 00 00 00 00 00 00 00 00 00 00 00 00 00 01 00 5e 03 ff 00 00 00 00 00 00 00 00 
00 00 00 00 4c 0a 00 28 ff 01 00 00 00 00 00 00 00 00 00 00 00 cc 09 00 58 37 08 00 00 1f 07 08 
00 00 00 00 00 00 22 00 00 00 00 00 00 00 04 02 00 f3 14 16 80 bc 56 00 19 09 00 2c b3 00 00 b5 
00 21 00 00 00 00 00 00 00 00 16 80 bc 56 00 1a 09 00 c3 b2 00 00 89 02 02 00 00 00 00 00 00 00 
00 16 80 bc 56 00 1b 09 00 c3 b2 00 00 21 04 02 00 00 00 00 00 00 00 00 16 80 bc 56 00 1c 09 00 
c3 b2 00 00 b4 00 1f 00 00 00 00 00 00 00 00 16 80 bc 56 00 1d 09 00 c3 b2 00 00 09 04 1f 00 00 
00 00 00 00 00 00 16 80 bc 56 00 1e 09 00 c3 b2 00 00 1e 04 01 00 00 00 00 00 00 00 00 16 80 bc 
56 00 1f 09 00 c3 b2 00 00 9d 00 1f 00 00 00 00 00 00 00 00 16 80 bc 55 00 29 09 00 02 00 00 00 
cc 00 0c 00 00 00 00 00 00 00 00 16 80 bc 55 00 33 09 00 0b 00 00 00 37 02 96 00 00 00 00 00 00 
00 00 16 80 bc 55 00 34 09 00 2d 00 00 00 23 04 0a 00 00 00 00 00 00 00 00 16 80 bc 55 00 35 09 
00 2d 00 00 00 20 04 0a 00 00 00 00 00 00 00 00 16 80 bc 55 00 36 09 00 2d 00 00 00 19 04 05 00 
00 00 00 00 00 00 00 16 80 bc 55 00 37 09 00 2d 00 00 00 42 04 05 00 00 00 00 00 00 00 00 16 80 
bc 55 00 38 09 00 34 00 00 00 83 02 c8 00 00 00 00 00 00 00 00 16 80 bc 55 00 39 09 00 4b 00 00 
00 1f 04 19 00 00 00 00 00 00 00 00 16 80 bc 55 00 3a 09 00 5f 00 00 00 7c 04 0f 00 00 00 00 00 
00 00 00 16 80 bc 55 00 3b 09 00 5f 00 00 00 07 04 0f 00 00 00 00 00 00 00 00 16 80 bc 55 00 3c 
09 00 62 00 00 00 06 04 01 00 00 00 00 00 00 00 00 16 80 bc 55 00 3d 09 00 62 00 00 00 15 04 01 
00 00 00 00 00 00 00 00 16 80 bc 55 00 3e 09 00 5a 01 00 00 07 04 05 00 00 00 00 00 00 00 00 01 
07 02 16 80 bc 55 00 3f 09 00 5a 01 00 00 1d 04 0f 00 00 00 00 00 00 00 00 16 80 bc 55 00 40 09 
00 64 01 00 00 1f 04 05 00 00 00 00 00 00 00 00 
........D........f.F.....].})....Bui.F.....X:.....BD5.F.........................................
.......^.............................................^..............L..(................X7......
......"...............V....,.....!...........V......................V........!.............V....
..................V......................V......................V......................U.)......
..............U.3......7.............U.4..-...#.............U.5..-... .............U.6..-.......
..........U.7..-...B.............U.8..4.................U.9..K.................U.:.._...|.......
......U.;.._.................U.<..b.................U.=..b.................U.>..Z...............
.....U.?..Z.................U.@..d..............

Client->GAME [12:58:03 07/15/09] packet size: 1 CRYPTED, Flags: 7f ServerSeq: 2 ClientSeq: 20
02 
.

GAME->Client [12:58:03 07/15/09] packet size: 718 CRYPTED, Flags: 7f ServerSeq: 19 ClientSeq: 3
02 03 11 00 02 0e 00 5d 44 58 0c c7 00 00 a0 c0 b4 6c 99 46 09 00 02 0e 04 8b 44 a2 0a c7 00 00 
a0 c0 bf 66 95 46 03 00 06 0e 00 e3 58 3a f6 c6 00 00 be 42 44 35 af 46 ff 00 00 00 10 00 00 00 
00 00 01 ff 00 00 00 00 00 00 00 00 00 00 00 00 00 00 00 00 00 00 00 00 00 00 00 00 00 00 02 ff 
00 00 00 00 00 00 00 00 5e 03 00 00 00 00 15 00 00 00 00 00 00 ff 00 00 00 00 00 00 00 00 00 00 
00 00 00 00 00 00 00 00 00 00 00 00 00 00 00 00 00 00 00 00 01 00 5e 03 ff 00 00 00 00 00 00 00 
00 00 00 00 00 4c 0a 00 28 ff 01 00 00 00 00 00 00 00 00 00 00 00 cc 09 00 58 37 08 00 00 1f 07 
08 00 00 00 00 00 00 22 00 00 00 00 00 00 00 04 01 01 09 16 16 80 bc 55 00 41 09 00 66 01 00 00 
7b 04 05 00 00 00 00 00 00 00 00 16 80 bc 55 00 42 09 00 66 01 00 00 12 04 0a 00 00 00 00 00 00 
00 00 16 80 bc 55 00 43 09 00 66 01 00 00 06 04 0b 00 00 00 00 00 00 00 00 16 80 bc 55 00 44 09 
00 8e 01 00 00 03 04 05 00 00 00 00 00 00 00 00 16 80 bc 55 00 45 09 00 8e 01 00 00 12 04 0f 00 
00 00 00 00 00 00 00 16 80 bc 55 00 46 09 00 8e 01 00 00 77 04 05 00 00 00 00 00 00 00 00 16 80 
bc 55 00 47 09 00 cd 01 00 00 e5 03 05 00 00 00 00 00 00 00 00 16 80 bc 55 00 48 09 00 cd 01 00 
00 73 04 05 00 00 00 00 00 00 00 00 16 80 bc 55 00 49 09 00 cd 01 00 00 e3 03 0f 00 00 00 00 00 
00 00 00 16 80 bc 55 00 4a 09 00 d5 01 00 00 e3 03 05 00 00 00 00 00 00 00 00 16 80 bc 55 00 4b 
09 00 36 02 00 00 37 02 0a 00 00 00 00 00 00 00 00 16 80 bc 55 00 4c 09 00 74 02 00 00 34 02 1e 
00 00 00 00 00 00 00 00 16 80 bc 15 00 4d 09 00 11 00 00 00 ab 00 0d 00 00 00 00 00 00 00 00 16 
80 bc 15 00 4e 09 00 11 00 00 00 0a 02 4d 00 00 00 00 00 00 00 00 16 80 bc 15 00 4f 09 00 11 00 
00 00 f2 03 34 00 00 00 00 00 00 00 00 16 80 bc 15 00 50 09 00 11 00 00 00 ed 03 4d 00 00 00 00 
00 00 00 00 16 80 bc 15 00 51 09 00 11 00 00 00 9f 00 19 00 00 00 00 00 00 00 00 16 80 bc 15 00 
52 09 00 11 00 00 00 f1 03 34 00 00 00 00 00 00 00 00 16 80 bc 15 00 53 09 00 11 00 00 00 0c 02 
34 00 00 00 00 00 00 00 00 16 80 bc 15 00 54 09 00 11 00 00 00 b7 00 4d 00 00 00 00 00 00 00 00 
16 80 bc 15 00 55 09 00 11 00 00 00 f3 03 46 00 00 00 00 00 00 00 00 16 80 bc 45 03 11 00 00 02 
00 00 00 11 00 32 00 00 00 00 00 00 00 00 
.......]DX.......l.F......D........f.F......X:.....BD5.F........................................
........^.............................................^..............L..(................X7.....
......."...............U.A..f...{.............U.B..f.................U.C..f.................U.D.
...................U.E....................U.F......w.............U.G....................U.H.....
.s.............U.I....................U.J....................U.K..6...7.............U.L..t...4..
.............M......................N........M.............O........4.............P........M....
.........Q......................R........4.............S........4.............T........M........
.....U........F...........E..........2........

Client->GAME [12:58:03 07/15/09] packet size: 1 CRYPTED, Flags: 7f ServerSeq: 3 ClientSeq: 21
02 
.

GAME->Client [12:58:03 07/15/09] packet size: 554 CRYPTED, Flags: 7f ServerSeq: 20 ClientSeq: 4
02 03 11 00 02 0e 00 5c 44 58 0c c7 00 00 a0 c0 b4 6c 99 46 0d 00 02 0e 04 a6 6d 70 0f c7 00 2e 
be 41 24 68 8e 46 09 00 02 0c 95 44 a2 0a c7 00 00 a0 c0 bf 66 95 46 03 00 06 0e 00 d9 58 3a f6 
c6 00 00 be 42 44 35 af 46 ff 00 00 00 10 00 00 00 00 00 01 ff 00 00 00 00 00 00 00 00 00 00 00 
00 00 00 00 00 00 00 00 00 00 00 00 00 00 00 02 ff 00 00 00 00 00 00 00 00 5e 03 00 00 00 00 15 
00 00 00 00 00 00 ff 00 00 00 00 00 00 00 00 00 00 00 00 00 00 00 00 00 00 00 00 00 00 00 00 00 
00 00 00 00 00 01 00 5e 03 ff 00 00 00 00 00 00 00 00 00 00 00 00 4c 0a 00 28 ff 01 00 00 00 00 
00 00 00 00 00 00 00 cc 09 00 58 37 08 00 00 1f 07 08 00 00 00 00 00 00 22 00 00 00 00 00 00 00 
04 01 01 1f 09 16 80 bc 45 03 35 04 00 62 00 00 00 35 04 00 00 00 00 00 00 00 00 00 16 80 bc 45 
03 3d 04 00 43 00 00 00 3d 04 00 00 00 00 00 00 00 00 00 16 80 bc 45 03 3e 04 00 4f 01 00 00 3e 
04 00 00 00 00 00 00 00 00 00 16 80 bc 45 03 3f 04 00 64 01 00 00 3f 04 00 00 00 00 00 00 00 00 
00 16 80 bc 45 03 40 04 00 d5 01 00 00 40 04 00 00 00 00 00 00 00 00 00 0b 80 bd 05 11 00 00 00 
00 00 00 01 41 81 67 17 00 27 00 1c 22 00 c6 01 11 00 00 00 00 00 00 00 37 00 00 08 0e 00 41 66 
74 65 72 57 68 6f 72 75 4e 65 6f 00 0e 00 41 66 74 65 72 57 68 6f 72 75 4e 65 6f 00 02 00 4d 00 
00 00 00 00 00 00 41 81 67 17 00 27 00 1c 22 00 c6 01 11 00 00 00 00 00 00 00 37 00 00 08 0e 00 
41 66 74 65 72 57 68 6f 72 75 4e 65 6f 00 0e 00 41 66 74 65 72 57 68 6f 72 75 4e 65 6f 00 02 00 
4d 00 00 00 00 00 00 00 41 81 67 17 00 27 00 1c 22 00 c6 01 11 00 00 00 00 00 00 00 37 00 00 08 
0e 00 41 66 74 65 72 57 68 6f 72 75 4e 65 6f 00 0e 00 41 66 74 65 72 57 68 6f 72 75 4e 65 6f 00 
02 00 4d 00 00 00 00 00 00 00 
.......\DX.......l.F......mp.....A$h.F.....D........f.F......X:.....BD5.F.......................
.........................^.............................................^..............L..(......
..........X7............"...............E.5..b...5.............E.=..C...=.............E.>..O...>
.............E.?..d...?.............E.@......@......................A.g..'.."...........7.....Af
terWhoruNeo...AfterWhoruNeo...M.......A.g..'.."...........7.....AfterWhoruNeo...AfterWhoruNeo...
M.......A.g..'.."...........7.....AfterWhoruNeo...AfterWhoruNeo...M.......

Client->GAME [12:58:03 07/15/09] packet size: 1 CRYPTED, Flags: 7f ServerSeq: 4 ClientSeq: 22
02 
.

GAME->Client [12:58:03 07/15/09] packet size: 39 CRYPTED, Flags: 7f ServerSeq: 21 ClientSeq: 5
02 03 0d 00 02 0e 04 b1 6d 70 0f c7 00 2e be 41 24 68 8e 46 09 00 02 0c a0 44 a2 0a c7 00 00 a0 
c0 bf 66 95 46 00 00 
........mp.....A$h.F.....D........f.F..

Client->GAME [12:58:03 07/15/09] packet size: 1 CRYPTED, Flags: 7f ServerSeq: 5 ClientSeq: 23
02 
.

GAME->Client [12:58:03 07/15/09] packet size: 55 CRYPTED, Flags: 7f ServerSeq: 22 ClientSeq: 6
02 03 17 00 02 0c 33 96 1a 0a c7 00 00 a0 c0 46 f5 96 46 0d 00 02 0c b6 6d 70 0f c7 00 2e be 41 
24 68 8e 46 09 00 02 0c a5 44 a2 0a c7 00 00 a0 c0 bf 66 95 46 00 00 
......3........F..F.....mp.....A$h.F.....D........f.F..

Client->GAME [12:58:03 07/15/09] packet size: 1 CRYPTED, Flags: 7f ServerSeq: 6 ClientSeq: 24
02 
.

GAME->Client [12:58:03 07/15/09] packet size: 52 CRYPTED, Flags: 7f ServerSeq: 23 ClientSeq: 7
02 03 0d 00 02 0c c1 6d 70 0f c7 00 2e be 41 24 68 8e 46 0b 00 04 80 80 80 80 c0 4c 0a 00 28 01 
01 09 00 02 0c b0 44 a2 0a c7 00 00 a0 c0 bf 66 95 46 00 00 
.......mp.....A$h.F........L..(.......D........f.F..

Client->GAME [12:58:03 07/15/09] packet size: 1 CRYPTED, Flags: 7f ServerSeq: 7 ClientSeq: 25
02 
.

GAME->Client [12:58:03 07/15/09] packet size: 56 CRYPTED, Flags: 7f ServerSeq: 24 ClientSeq: 8
02 03 17 00 02 0e 04 3d 9f 02 0a c7 00 00 a0 c0 b0 05 97 46 0d 00 02 0c cb 6d 70 0f c7 00 2e be 
41 24 68 8e 46 09 00 02 0c ba 44 a2 0a c7 00 00 a0 c0 bf 66 95 46 00 00 
.......=...........F.....mp.....A$h.F.....D........f.F..

