Client->GAME [12:58:56 07/15/09] packet size: 25 CRYPTED, Flags: 7f ServerSeq: 265 ClientSeq: 393
02 04 01 00 26 01 12 81 8e 02 00 00 00 03 00 00 00 17 00 00 00 03 00 00 00 
....&....................

GAME->Client [12:58:56 07/15/09] packet size: 38 CRYPTED, Flags: 7f ServerSeq: 378 ClientSeq: 264
02 03 17 00 02 08 03 02 0b c7 00 00 a0 c0 92 02 97 46 09 00 02 0e 05 13 2f fe 0a c7 00 57 a6 42 
da a0 9b 46 00 00 
.................F....../....W.B...F..

Client->GAME [12:58:56 07/15/09] packet size: 1 CRYPTED, Flags: 7f ServerSeq: 266 ClientSeq: 394
02 
.

GAME->Client [12:58:56 07/15/09] packet size: 696 CRYPTED, Flags: 7f ServerSeq: 379 ClientSeq: 265
02 04 01 01 29 1e 16 80 bc 15 00 b5 08 00 f7 03 00 00 08 02 00 00 00 00 01 00 00 00 00 16 80 bc 
15 00 b6 08 00 f7 03 00 00 07 02 ec ff ff ff 01 00 00 00 00 16 80 bc 15 00 b7 08 00 f7 03 00 00 
50 04 00 00 00 00 01 00 00 00 00 16 80 bc 15 00 b8 08 00 f7 03 00 00 f4 03 00 00 00 00 01 00 00 
00 00 16 80 bc 15 00 b9 08 00 f7 03 00 00 51 04 f6 ff ff ff 01 00 00 00 00 16 80 bc 15 00 ba 08 
00 f7 03 00 00 52 04 0f 00 00 00 01 00 00 00 00 16 80 bc 11 00 bb 08 00 00 00 00 00 cb 02 00 00 
00 00 01 00 00 00 00 16 80 bc 56 00 00 09 00 0a 95 00 00 06 04 02 00 00 00 01 00 00 00 00 16 80 
bc 56 00 01 09 00 0a 95 00 00 b4 00 11 00 00 00 01 00 00 00 00 16 80 bc 56 00 02 09 00 0a 95 00 
00 b5 00 11 00 00 00 01 00 00 00 00 16 80 bc 56 00 03 09 00 0a 95 00 00 07 04 02 00 00 00 01 00 
00 00 00 16 80 bc 56 00 04 09 00 8a b2 00 00 23 04 02 00 00 00 01 00 00 00 00 16 80 bc 56 00 05 
09 00 8a b2 00 00 21 04 01 00 00 00 01 00 00 00 00 16 80 bc 56 00 06 09 00 8a b2 00 00 b4 00 1d 
00 00 00 01 00 00 00 00 16 80 bc 56 00 07 09 00 8a b2 00 00 09 04 1d 00 00 00 01 00 00 00 00 16 
80 bc 56 00 08 09 00 8a b2 00 00 9d 00 1d 00 00 00 01 00 00 00 00 16 80 bc 56 00 09 09 00 8a b2 
00 00 06 04 01 00 00 00 01 00 00 00 00 16 80 bc 56 00 0a 09 00 24 b3 00 00 89 02 02 00 00 00 01 
00 00 00 00 16 80 bc 56 00 0b 09 00 24 b3 00 00 1a 04 01 00 00 00 01 00 00 00 00 16 80 bc 56 00 
0c 09 00 24 b3 00 00 b4 00 21 00 00 00 01 00 00 00 00 16 80 bc 56 00 0d 09 00 24 b3 00 00 09 04 
21 00 00 00 01 00 00 00 00 16 80 bc 56 00 0e 09 00 24 b3 00 00 15 04 02 00 00 00 01 00 00 00 00 
16 80 bc 56 00 0f 09 00 24 b3 00 00 b5 00 21 00 00 00 01 00 00 00 00 16 80 bc 56 00 10 09 00 95 
a7 00 00 b4 00 12 00 00 00 01 00 00 00 00 16 80 bc 56 00 11 09 00 95 a7 00 00 b5 00 12 00 00 00 
01 00 00 00 00 16 80 bc 56 00 12 09 00 95 a7 00 00 09 04 12 00 00 00 01 00 00 00 00 16 80 bc 56 
00 13 09 00 95 a7 00 00 70 00 0f 00 00 00 01 00 00 00 00 16 80 bc 56 00 14 09 00 2c b3 00 00 17 
04 01 00 00 00 01 00 00 00 00 16 80 bc 56 00 15 09 00 2c b3 00 00 b4 00 21 00 00 00 01 00 00 00 
00 16 80 bc 56 00 16 09 00 2c b3 00 00 09 04 21 00 00 00 01 00 00 00 00 
....)...........................................................P...............................
..............Q......................R....................................V.....................
.V......................V......................V......................V........#.............V..
......!.............V......................V......................V......................V......
................V....$.................V....$.................V....$.....!...........V....$.....
!...........V....$.................V....$.....!...........V......................V..............
........V......................V........p.............V....,.................V....,.....!.......
....V....,.....!........

GAME->Client [12:58:56 07/15/09] packet size: 696 CRYPTED, Flags: 7f ServerSeq: 380 ClientSeq: 266
02 04 01 01 47 1e 16 80 bc 56 00 17 09 00 2c b3 00 00 12 04 02 00 00 00 01 00 00 00 00 16 80 bc 
56 00 18 09 00 2c b3 00 00 07 04 02 00 00 00 01 00 00 00 00 16 80 bc 56 00 19 09 00 2c b3 00 00 
b5 00 21 00 00 00 01 00 00 00 00 16 80 bc 56 00 1a 09 00 c3 b2 00 00 89 02 02 00 00 00 01 00 00 
00 00 16 80 bc 56 00 1b 09 00 c3 b2 00 00 21 04 02 00 00 00 01 00 00 00 00 16 80 bc 56 00 1c 09 
00 c3 b2 00 00 b4 00 1f 00 00 00 01 00 00 00 00 16 80 bc 56 00 1d 09 00 c3 b2 00 00 09 04 1f 00 
00 00 01 00 00 00 00 16 80 bc 56 00 1e 09 00 c3 b2 00 00 1e 04 01 00 00 00 01 00 00 00 00 16 80 
bc 56 00 1f 09 00 c3 b2 00 00 9d 00 1f 00 00 00 01 00 00 00 00 16 80 bc 55 00 29 09 00 02 00 00 
00 cc 00 0c 00 00 00 01 00 00 00 00 16 80 bc 55 00 33 09 00 0b 00 00 00 37 02 96 00 00 00 01 00 
00 00 00 16 80 bc 55 00 34 09 00 2d 00 00 00 23 04 0a 00 00 00 01 00 00 00 00 16 80 bc 55 00 35 
09 00 2d 00 00 00 20 04 0a 00 00 00 01 00 00 00 00 16 80 bc 55 00 36 09 00 2d 00 00 00 19 04 05 
00 00 00 01 00 00 00 00 16 80 bc 55 00 37 09 00 2d 00 00 00 42 04 05 00 00 00 01 00 00 00 00 16 
80 bc 55 00 38 09 00 34 00 00 00 83 02 c8 00 00 00 01 00 00 00 00 16 80 bc 55 00 39 09 00 4b 00 
00 00 1f 04 19 00 00 00 01 00 00 00 00 16 80 bc 55 00 3a 09 00 5f 00 00 00 7c 04 0f 00 00 00 01 
00 00 00 00 16 80 bc 55 00 3b 09 00 5f 00 00 00 07 04 0f 00 00 00 01 00 00 00 00 16 80 bc 55 00 
3c 09 00 62 00 00 00 06 04 01 00 00 00 01 00 00 00 00 16 80 bc 55 00 3d 09 00 62 00 00 00 15 04 
01 00 00 00 01 00 00 00 00 16 80 bc 55 00 3e 09 00 5a 01 00 00 07 04 05 00 00 00 01 00 00 00 00 
16 80 bc 55 00 3f 09 00 5a 01 00 00 1d 04 0f 00 00 00 01 00 00 00 00 16 80 bc 55 00 40 09 00 64 
01 00 00 1f 04 05 00 00 00 01 00 00 00 00 16 80 bc 55 00 41 09 00 66 01 00 00 7b 04 05 00 00 00 
01 00 00 00 00 16 80 bc 55 00 42 09 00 66 01 00 00 12 04 0a 00 00 00 01 00 00 00 00 16 80 bc 55 
00 43 09 00 66 01 00 00 06 04 0b 00 00 00 01 00 00 00 00 16 80 bc 55 00 44 09 00 8e 01 00 00 03 
04 05 00 00 00 01 00 00 00 00 16 80 bc 55 00 45 09 00 8e 01 00 00 12 04 0f 00 00 00 01 00 00 00 
00 16 80 bc 55 00 46 09 00 8e 01 00 00 77 04 05 00 00 00 01 00 00 00 00 
....G....V....,.................V....,.................V....,.....!...........V.................
.....V........!.............V......................V......................V.....................
.V......................U.)....................U.3......7.............U.4..-...#.............U.5
..-... .............U.6..-.................U.7..-...B.............U.8..4.................U.9..K.
................U.:.._...|.............U.;.._.................U.<..b.................U.=..b.....
............U.>..Z.................U.?..Z.................U.@..d.................U.A..f...{.....
........U.B..f.................U.C..f.................U.D....................U.E................
....U.F......w..........

Client->GAME [12:58:56 07/15/09] packet size: 1 CRYPTED, Flags: 7f ServerSeq: 267 ClientSeq: 395
02 
.

Client->GAME [12:58:56 07/15/09] packet size: 1 CRYPTED, Flags: 7f ServerSeq: 268 ClientSeq: 396
02 
.

GAME->Client [12:58:56 07/15/09] packet size: 704 CRYPTED, Flags: 7f ServerSeq: 381 ClientSeq: 266
82 bc 8c fb 48 04 02 01 65 03 16 80 bc 55 00 47 09 00 cd 01 00 00 e5 03 05 00 00 00 01 00 00 00 
00 16 80 bc 55 00 48 09 00 cd 01 00 00 73 04 05 00 00 00 01 00 00 00 00 16 80 bc 55 00 49 09 00 
cd 01 00 00 e3 03 0f 00 00 00 01 00 00 00 00 01 68 1c 16 80 bc 55 00 4a 09 00 d5 01 00 00 e3 03 
05 00 00 00 01 00 00 00 00 16 80 bc 55 00 4b 09 00 36 02 00 00 37 02 0a 00 00 00 01 00 00 00 00 
16 80 bc 55 00 4c 09 00 74 02 00 00 34 02 1e 00 00 00 01 00 00 00 00 16 80 bc 15 00 4d 09 00 11 
00 00 00 ab 00 0d 00 00 00 01 00 00 00 00 16 80 bc 15 00 4e 09 00 11 00 00 00 0a 02 4d 00 00 00 
01 00 00 00 00 16 80 bc 15 00 4f 09 00 11 00 00 00 f2 03 34 00 00 00 01 00 00 00 00 16 80 bc 15 
00 50 09 00 11 00 00 00 ed 03 4d 00 00 00 01 00 00 00 00 16 80 bc 15 00 51 09 00 11 00 00 00 9f 
00 19 00 00 00 01 00 00 00 00 16 80 bc 15 00 52 09 00 11 00 00 00 f1 03 34 00 00 00 01 00 00 00 
00 16 80 bc 15 00 53 09 00 11 00 00 00 0c 02 34 00 00 00 01 00 00 00 00 16 80 bc 15 00 54 09 00 
11 00 00 00 b7 00 4d 00 00 00 01 00 00 00 00 16 80 bc 15 00 55 09 00 11 00 00 00 f3 03 46 00 00 
00 01 00 00 00 00 0b 80 bd 05 11 00 00 00 00 00 00 00 16 80 bc 15 00 56 09 00 11 00 00 00 ab 00 
0c 00 00 00 00 00 00 00 00 16 80 bc 15 00 57 09 00 11 00 00 00 0a 02 4b 00 00 00 00 00 00 00 00 
16 80 bc 15 00 58 09 00 11 00 00 00 f2 03 31 00 00 00 00 00 00 00 00 16 80 bc 15 00 59 09 00 11 
00 00 00 ed 03 4b 00 00 00 00 00 00 00 00 16 80 bc 15 00 5a 09 00 11 00 00 00 9f 00 19 00 00 00 
00 00 00 00 00 16 80 bc 15 00 5b 09 00 11 00 00 00 f1 03 31 00 00 00 00 00 00 00 00 16 80 bc 15 
00 5c 09 00 11 00 00 00 0c 02 34 00 00 00 00 00 00 00 00 16 80 bc 15 00 5d 09 00 11 00 00 00 b7 
00 46 00 00 00 00 00 00 00 00 16 80 bc 15 00 5e 09 00 11 00 00 00 f3 03 46 00 00 00 00 00 00 00 
00 0b 80 bd 05 11 00 00 00 00 00 00 01 16 80 bc 15 00 56 09 00 11 00 00 00 ab 00 0c 00 00 00 01 
00 00 00 00 16 80 bc 15 00 57 09 00 11 00 00 00 0a 02 4b 00 00 00 01 00 00 00 00 16 80 bc 15 00 
58 09 00 11 00 00 00 f2 03 31 00 00 00 01 00 00 00 00 16 80 bc 15 00 59 09 00 11 00 00 00 ed 03 
4b 00 00 00 01 00 00 00 00 16 80 bc 15 00 5a 09 00 11 00 00 00 9f 00 19 00 00 00 01 00 00 00 00 
....H...e....U.G....................U.H......s.............U.I..................h....U.J........
............U.K..6...7.............U.L..t...4...............M......................N........M...
..........O........4.............P........M.............Q......................R........4.......
......S........4.............T........M.............U........F.........................V........
..............W........K.............X........1.............Y........K.............Z............
..........[........1.............\........4.............]........F.............^........F.......
..................V......................W........K.............X........1.............Y........
K.............Z.................

Client->GAME [12:58:56 07/15/09] packet size: 1 CRYPTED, Flags: 7f ServerSeq: 269 ClientSeq: 397
02 
.

GAME->Client [12:58:57 07/15/09] packet size: 269 CRYPTED, Flags: 7f ServerSeq: 382 ClientSeq: 268
02 04 01 01 84 11 16 80 bc 15 00 5b 09 00 11 00 00 00 f1 03 31 00 00 00 01 00 00 00 00 16 80 bc 
15 00 5c 09 00 11 00 00 00 0c 02 34 00 00 00 01 00 00 00 00 16 80 bc 15 00 5d 09 00 11 00 00 00 
b7 00 46 00 00 00 01 00 00 00 00 16 80 bc 15 00 5e 09 00 11 00 00 00 f3 03 46 00 00 00 01 00 00 
00 00 04 80 b3 11 00 16 80 bc 45 03 11 00 00 02 00 00 00 11 00 32 00 00 00 01 00 00 00 00 04 80 
b3 35 04 16 80 bc 45 03 35 04 00 62 00 00 00 35 04 00 00 00 00 01 00 00 00 00 04 80 b3 3d 04 16 
80 bc 45 03 3d 04 00 43 00 00 00 3d 04 00 00 00 00 01 00 00 00 00 04 80 b3 3e 04 16 80 bc 45 03 
3e 04 00 4f 01 00 00 3e 04 00 00 00 00 01 00 00 00 00 04 80 b3 3f 04 16 80 bc 45 03 3f 04 00 64 
01 00 00 3f 04 00 00 00 00 01 00 00 00 00 04 80 b3 40 04 16 80 bc 45 03 40 04 00 d5 01 00 00 40 
04 00 00 00 00 01 00 00 00 00 02 81 07 
...........[........1.............\........4.............]........F.............^........F......
..........E..........2...........5....E.5..b...5.............=....E.=..C...=.............>....E.
>..O...>.............?....E.?..d...?.............@....E.@......@.............

Client->GAME [12:58:57 07/15/09] packet size: 13 CRYPTED, Flags: 7f ServerSeq: 270 ClientSeq: 398
02 04 01 00 27 01 06 81 08 00 00 00 00 
....'........

GAME->Client [12:58:57 07/15/09] packet size: 1 CRYPTED, Flags: 7f ServerSeq: 383 ClientSeq: 270
02 
.

GAME->Client [12:58:57 07/15/09] packet size: 1 CRYPTED, Flags: 7f ServerSeq: 384 ClientSeq: 270
42 
B

GAME->Client [12:58:57 07/15/09] packet size: 1 CRYPTED, Flags: 7f ServerSeq: 385 ClientSeq: 270
42 
B

Client->GAME [12:58:58 07/15/09] packet size: 1 CRYPTED, Flags: 7f ServerSeq: 257 ClientSeq: 399
42 
B

GAME->Client [12:58:58 07/15/09] packet size: 5 CRYPTED, Flags: 7f ServerSeq: 386 ClientSeq: 270
c2 e2 8c fb 48 
....H

GAME->Client [12:58:58 07/15/09] packet size: 1 CRYPTED, Flags: 7f ServerSeq: 387 ClientSeq: 270
42 
B

Client->GAME [12:58:58 07/15/09] packet size: 13 CRYPTED, Flags: 0 ServerSeq: 0 ClientSeq: 1
22 04 01 00 00 01 06 81 51 00 00 00 00 
".......Q....

GAME->Client [12:58:58 07/15/09] packet size: 142 CRYPTED, Flags: 0 ServerSeq: 1 ClientSeq: 0
82 e9 8c fb 48 04 01 00 00 03 6d 06 0e 00 03 00 00 00 e9 8c fb 48 01 42 00 32 00 72 65 73 6f 75 
72 63 65 2f 77 6f 72 6c 64 73 2f 66 69 6e 61 6c 5f 77 6f 72 6c 64 2f 69 6e 74 65 72 6e 61 74 69 
6f 6e 61 6c 2f 69 74 2e 6d 65 74 72 00 29 00 48 61 6c 6c 6f 77 65 65 6e 5f 45 76 65 6e 74 2c 57 
69 6e 74 65 72 33 50 6c 75 73 48 61 6c 6c 6f 77 65 65 6e 54 53 45 43 00 0a 80 e5 e7 cb c0 12 00 
00 00 00 0a 80 e4 bc 58 7a 00 00 00 00 00 
....H.....m..........H.B.2.resource/worlds/final_world/international/it.metr.).Halloween_Event,W
inter3PlusHalloweenTSEC................Xz.....

Client->GAME [12:58:58 07/15/09] packet size: 6 CRYPTED, Flags: 1 ServerSeq: 1 ClientSeq: 2
02 05 02 0c 00 00 
......

GAME->Client [12:58:58 07/15/09] packet size: 72 CRYPTED, Flags: 3 ServerSeq: 2 ClientSeq: 2
02 04 01 00 03 01 41 81 67 17 00 27 00 1c 22 00 c6 01 11 00 00 00 00 00 00 00 37 00 00 08 0e 00 
41 66 74 65 72 57 68 6f 72 75 4e 65 6f 00 0e 00 41 66 74 65 72 57 68 6f 72 75 4e 65 6f 00 02 00 
4b 00 00 00 00 00 00 00 
......A.g..'.."...........7.....AfterWhoruNeo...AfterWhoruNeo...K.......

GAME->Client [12:58:59 07/15/09] packet size: 72 CRYPTED, Flags: 3 ServerSeq: 3 ClientSeq: 2
02 04 01 00 03 01 41 81 67 17 00 27 00 1c 22 00 c6 01 11 00 00 00 00 00 00 00 37 00 00 08 0e 00 
41 66 74 65 72 57 68 6f 72 75 4e 65 6f 00 0e 00 41 66 74 65 72 57 68 6f 72 75 4e 65 6f 00 02 00 
4b 00 00 00 00 00 00 00 
......A.g..'.."...........7.....AfterWhoruNeo...AfterWhoruNeo...K.......

GAME->Client [12:59:01 07/15/09] packet size: 76 CRYPTED, Flags: 3 ServerSeq: 4 ClientSeq: 2
82 45 8d fb 48 04 01 00 03 01 41 81 67 17 00 27 00 1c 22 00 c6 01 11 00 00 00 00 00 00 00 37 00 
00 08 0e 00 41 66 74 65 72 57 68 6f 72 75 4e 65 6f 00 0e 00 41 66 74 65 72 57 68 6f 72 75 4e 65 
6f 00 02 00 4b 00 00 00 00 00 00 00 
.E..H.....A.g..'.."...........7.....AfterWhoruNeo...AfterWhoruNeo...K.......

Client->GAME [12:59:01 07/15/09] packet size: 8 CRYPTED, Flags: 1 ServerSeq: 1 ClientSeq: 3
02 04 01 00 01 01 01 05 
........

Client->GAME [12:59:01 07/15/09] packet size: 13 CRYPTED, Flags: f ServerSeq: 4 ClientSeq: 4
02 04 01 00 00 01 06 81 51 00 00 00 00 
........Q....

GAME->Client [12:59:01 07/15/09] packet size: 218 CRYPTED, Flags: f ServerSeq: 5 ClientSeq: 4
02 03 01 00 0c 0c 00 01 cd ab 1b 8b 81 ff 71 02 00 00 41 6e 64 65 72 73 6f 6e 00 00 00 00 00 00 
00 00 00 00 00 00 00 00 00 00 00 00 00 00 00 00 00 00 90 54 68 6f 6d 61 73 00 00 00 00 00 00 00 
00 00 00 00 00 00 00 00 00 00 00 00 00 00 00 00 00 00 00 80 d8 28 0a 0c 00 00 00 01 8e 81 ff f7 
00 31 5e 00 00 c6 67 00 41 66 74 65 72 57 68 6f 72 75 4e 65 6f 00 00 00 00 00 00 00 00 00 00 00 
00 00 00 00 00 00 00 00 28 0a fd 64 01 00 00 67 00 75 d4 01 00 4b b1 00 00 00 00 73 1a e9 88 80 
60 04 00 02 8e 00 00 00 f7 00 9d 00 00 00 00 00 ef ef c0 00 00 00 00 00 c0 57 40 00 00 00 00 00 
72 df 40 81 ff 32 22 80 81 58 13 b4 1e 1c 01 11 00 00 00 67 00 02 00 00 00 00 
..............q...Anderson.........................Thomas............................(..........
.1^...g.AfterWhoruNeo...................(..d...g.u...K.....s....`........................W@.....
r.@..2"..X.........g......

Client->GAME [12:59:02 07/15/09] packet size: 112 CRYPTED, Flags: 1f ServerSeq: 5 ClientSeq: 5
02 03 02 00 02 60 08 41 6e 64 65 72 73 6f 6e 06 54 68 6f 6d 61 73 00 00 04 01 00 02 08 12 80 c9 
07 00 d0 14 00 ac 8a c7 00 00 20 41 00 e8 00 47 12 80 c9 0e 00 d0 14 00 4c 9a c7 00 00 20 41 00 
e8 00 47 12 80 c9 0f 00 20 01 00 e8 7d c7 00 00 20 41 00 e8 00 47 02 80 be 07 3f 4e 00 10 00 00 
00 08 3e 6b 00 10 00 00 00 00 02 81 48 02 0c 01 
.....`.Anderson.Thomas.................... A...G........L.... A...G..... ...}... A...G....?N....
..>k........H...

GAME->Client [12:59:02 07/15/09] packet size: 696 CRYPTED, Flags: 1f ServerSeq: 6 ClientSeq: 5
02 04 01 00 04 1e 16 80 bc 56 00 5d 09 00 0a 95 00 00 06 04 02 00 00 00 01 00 00 00 00 16 80 bc 
56 00 5e 09 00 0a 95 00 00 b4 00 11 00 00 00 01 00 00 00 00 16 80 bc 56 00 5f 09 00 0a 95 00 00 
b5 00 11 00 00 00 01 00 00 00 00 16 80 bc 56 00 60 09 00 0a 95 00 00 07 04 02 00 00 00 01 00 00 
00 00 16 80 bc 56 00 a1 09 00 0a 95 00 00 06 04 02 00 00 00 00 00 00 00 00 16 80 bc 56 00 a2 09 
00 0a 95 00 00 b4 00 11 00 00 00 00 00 00 00 00 16 80 bc 56 00 a3 09 00 0a 95 00 00 b5 00 11 00 
00 00 00 00 00 00 00 16 80 bc 56 00 a4 09 00 0a 95 00 00 07 04 02 00 00 00 00 00 00 00 00 16 80 
bc 56 00 61 09 00 8a b2 00 00 23 04 02 00 00 00 01 00 00 00 00 16 80 bc 56 00 62 09 00 8a b2 00 
00 21 04 01 00 00 00 01 00 00 00 00 16 80 bc 56 00 63 09 00 8a b2 00 00 b4 00 1d 00 00 00 01 00 
00 00 00 16 80 bc 56 00 64 09 00 8a b2 00 00 09 04 1d 00 00 00 01 00 00 00 00 16 80 bc 56 00 65 
09 00 8a b2 00 00 9d 00 1d 00 00 00 01 00 00 00 00 16 80 bc 56 00 66 09 00 8a b2 00 00 06 04 01 
00 00 00 01 00 00 00 00 16 80 bc 56 00 a5 09 00 8a b2 00 00 23 04 02 00 00 00 00 00 00 00 00 16 
80 bc 56 00 a6 09 00 8a b2 00 00 21 04 01 00 00 00 00 00 00 00 00 16 80 bc 56 00 a7 09 00 8a b2 
00 00 b4 00 1d 00 00 00 00 00 00 00 00 16 80 bc 56 00 a8 09 00 8a b2 00 00 09 04 1d 00 00 00 00 
00 00 00 00 16 80 bc 56 00 a9 09 00 8a b2 00 00 9d 00 1d 00 00 00 00 00 00 00 00 16 80 bc 56 00 
aa 09 00 8a b2 00 00 06 04 01 00 00 00 00 00 00 00 00 16 80 bc 56 00 67 09 00 24 b3 00 00 89 02 
02 00 00 00 01 00 00 00 00 16 80 bc 56 00 68 09 00 24 b3 00 00 1a 04 01 00 00 00 01 00 00 00 00 
16 80 bc 56 00 69 09 00 24 b3 00 00 b4 00 21 00 00 00 01 00 00 00 00 16 80 bc 56 00 6a 09 00 24 
b3 00 00 09 04 21 00 00 00 01 00 00 00 00 16 80 bc 56 00 6b 09 00 24 b3 00 00 15 04 02 00 00 00 
01 00 00 00 00 16 80 bc 56 00 6c 09 00 24 b3 00 00 b5 00 21 00 00 00 01 00 00 00 00 16 80 bc 56 
00 ab 09 00 24 b3 00 00 89 02 02 00 00 00 00 00 00 00 00 16 80 bc 56 00 ac 09 00 24 b3 00 00 1a 
04 01 00 00 00 00 00 00 00 00 16 80 bc 56 00 ad 09 00 24 b3 00 00 b4 00 21 00 00 00 00 00 00 00 
00 16 80 bc 56 00 ae 09 00 24 b3 00 00 09 04 21 00 00 00 00 00 00 00 00 
.........V.]....................V.^....................V._....................V.`...............
.....V......................V......................V......................V.....................
.V.a......#.............V.b......!.............V.c....................V.d....................V.e
....................V.f....................V........#.............V........!.............V......
................V......................V......................V......................V.g..$.....
............V.h..$.................V.i..$.....!...........V.j..$.....!...........V.k..$.........
........V.l..$.....!...........V....$.................V....$.................V....$.....!.......
....V....$.....!........

GAME->Client [12:59:02 07/15/09] packet size: 700 CRYPTED, Flags: 1f ServerSeq: 7 ClientSeq: 5
82 74 8d fb 48 04 01 00 22 1e 16 80 bc 56 00 af 09 00 24 b3 00 00 15 04 02 00 00 00 00 00 00 00 
00 16 80 bc 56 00 b0 09 00 24 b3 00 00 b5 00 21 00 00 00 00 00 00 00 00 16 80 bc 56 00 6d 09 00 
95 a7 00 00 b4 00 12 00 00 00 01 00 00 00 00 16 80 bc 56 00 6e 09 00 95 a7 00 00 b5 00 12 00 00 
00 01 00 00 00 00 16 80 bc 56 00 6f 09 00 95 a7 00 00 09 04 12 00 00 00 01 00 00 00 00 16 80 bc 
56 00 70 09 00 95 a7 00 00 70 00 0f 00 00 00 01 00 00 00 00 16 80 bc 56 00 b1 09 00 95 a7 00 00 
b4 00 12 00 00 00 00 00 00 00 00 16 80 bc 56 00 b2 09 00 95 a7 00 00 b5 00 12 00 00 00 00 00 00 
00 00 16 80 bc 56 00 b3 09 00 95 a7 00 00 09 04 12 00 00 00 00 00 00 00 00 16 80 bc 56 00 b4 09 
00 95 a7 00 00 70 00 0f 00 00 00 00 00 00 00 00 16 80 bc 56 00 71 09 00 2c b3 00 00 17 04 01 00 
00 00 01 00 00 00 00 16 80 bc 56 00 72 09 00 2c b3 00 00 b4 00 21 00 00 00 01 00 00 00 00 16 80 
bc 56 00 73 09 00 2c b3 00 00 09 04 21 00 00 00 01 00 00 00 00 16 80 bc 56 00 74 09 00 2c b3 00 
00 12 04 02 00 00 00 01 00 00 00 00 16 80 bc 56 00 75 09 00 2c b3 00 00 07 04 02 00 00 00 01 00 
00 00 00 16 80 bc 56 00 76 09 00 2c b3 00 00 b5 00 21 00 00 00 01 00 00 00 00 16 80 bc 56 00 b5 
09 00 2c b3 00 00 17 04 01 00 00 00 00 00 00 00 00 16 80 bc 56 00 b6 09 00 2c b3 00 00 b4 00 21 
00 00 00 00 00 00 00 00 16 80 bc 56 00 b7 09 00 2c b3 00 00 09 04 21 00 00 00 00 00 00 00 00 16 
80 bc 56 00 b8 09 00 2c b3 00 00 12 04 02 00 00 00 00 00 00 00 00 16 80 bc 56 00 b9 09 00 2c b3 
00 00 07 04 02 00 00 00 00 00 00 00 00 16 80 bc 56 00 ba 09 00 2c b3 00 00 b5 00 21 00 00 00 00 
00 00 00 00 16 80 bc 56 00 77 09 00 c3 b2 00 00 89 02 02 00 00 00 01 00 00 00 00 16 80 bc 56 00 
78 09 00 c3 b2 00 00 21 04 02 00 00 00 01 00 00 00 00 16 80 bc 56 00 79 09 00 c3 b2 00 00 b4 00 
1f 00 00 00 01 00 00 00 00 16 80 bc 56 00 7a 09 00 c3 b2 00 00 09 04 1f 00 00 00 01 00 00 00 00 
16 80 bc 56 00 7b 09 00 c3 b2 00 00 1e 04 01 00 00 00 01 00 00 00 00 16 80 bc 56 00 7c 09 00 c3 
b2 00 00 9d 00 1f 00 00 00 01 00 00 00 00 16 80 bc 56 00 bb 09 00 c3 b2 00 00 89 02 02 00 00 00 
00 00 00 00 00 16 80 bc 56 00 bc 09 00 c3 b2 00 00 21 04 02 00 00 00 00 00 00 00 00 
.t..H..."....V....$.................V....$.....!...........V.m....................V.n...........
.........V.o....................V.p......p.............V......................V.................
.....V......................V........p.............V.q..,.................V.r..,.....!..........
.V.s..,.....!...........V.t..,.................V.u..,.................V.v..,.....!...........V..
..,.................V....,.....!...........V....,.....!...........V....,.................V....,.
................V....,.....!...........V.w....................V.x......!.............V.y........
............V.z....................V.{....................V.|....................V..............
........V........!..........

Client->GAME [12:59:02 07/15/09] packet size: 1 CRYPTED, Flags: 7f ServerSeq: 7 ClientSeq: 6
02 
.

GAME->Client [12:59:02 07/15/09] packet size: 700 CRYPTED, Flags: 1f ServerSeq: 8 ClientSeq: 5
02 04 02 00 40 03 16 80 bc 56 00 bd 09 00 c3 b2 00 00 b4 00 1f 00 00 00 00 00 00 00 00 16 80 bc 
56 00 be 09 00 c3 b2 00 00 09 04 1f 00 00 00 00 00 00 00 00 16 80 bc 56 00 bf 09 00 c3 b2 00 00 
1e 04 01 00 00 00 00 00 00 00 00 00 43 1c 16 80 bc 56 00 c0 09 00 c3 b2 00 00 9d 00 1f 00 00 00 
00 00 00 00 00 16 80 bc 15 00 98 09 00 11 00 00 00 ab 00 0d 00 00 00 01 00 00 00 00 16 80 bc 15 
00 99 09 00 11 00 00 00 0a 02 4d 00 00 00 01 00 00 00 00 16 80 bc 15 00 9a 09 00 11 00 00 00 f2 
03 34 00 00 00 01 00 00 00 00 16 80 bc 15 00 9b 09 00 11 00 00 00 ed 03 4d 00 00 00 01 00 00 00 
00 16 80 bc 15 00 9c 09 00 11 00 00 00 9f 00 19 00 00 00 01 00 00 00 00 16 80 bc 15 00 9d 09 00 
11 00 00 00 f1 03 34 00 00 00 01 00 00 00 00 16 80 bc 15 00 9e 09 00 11 00 00 00 0c 02 34 00 00 
00 01 00 00 00 00 16 80 bc 15 00 9f 09 00 11 00 00 00 b7 00 4d 00 00 00 01 00 00 00 00 16 80 bc 
15 00 a0 09 00 11 00 00 00 f3 03 46 00 00 00 01 00 00 00 00 0b 80 bd 05 11 00 00 00 00 00 00 00 
16 80 bc 15 00 c1 09 00 11 00 00 00 ab 00 0d 00 00 00 00 00 00 00 00 16 80 bc 15 00 c2 09 00 11 
00 00 00 0a 02 4d 00 00 00 00 00 00 00 00 16 80 bc 15 00 c3 09 00 11 00 00 00 f2 03 34 00 00 00 
00 00 00 00 00 16 80 bc 15 00 c4 09 00 11 00 00 00 ed 03 4d 00 00 00 00 00 00 00 00 16 80 bc 15 
00 c5 09 00 11 00 00 00 9f 00 19 00 00 00 00 00 00 00 00 16 80 bc 15 00 c6 09 00 11 00 00 00 f1 
03 34 00 00 00 00 00 00 00 00 16 80 bc 15 00 c7 09 00 11 00 00 00 0c 02 34 00 00 00 00 00 00 00 
00 16 80 bc 15 00 c8 09 00 11 00 00 00 b7 00 4d 00 00 00 00 00 00 00 00 16 80 bc 15 00 c9 09 00 
11 00 00 00 f3 03 46 00 00 00 00 00 00 00 00 0b 80 bd 05 11 00 00 00 00 00 00 01 16 80 bc 15 00 
c1 09 00 11 00 00 00 ab 00 0d 00 00 00 01 00 00 00 00 16 80 bc 15 00 c2 09 00 11 00 00 00 0a 02 
4d 00 00 00 01 00 00 00 00 16 80 bc 15 00 c3 09 00 11 00 00 00 f2 03 34 00 00 00 01 00 00 00 00 
16 80 bc 15 00 c4 09 00 11 00 00 00 ed 03 4d 00 00 00 01 00 00 00 00 16 80 bc 15 00 c5 09 00 11 
00 00 00 9f 00 19 00 00 00 01 00 00 00 00 16 80 bc 15 00 c6 09 00 11 00 00 00 f1 03 34 00 00 00 
01 00 00 00 00 16 80 bc 15 00 c7 09 00 11 00 00 00 0c 02 34 00 00 00 01 00 00 00 00 
....@....V......................V......................V....................C....V..............
..........................................M......................4......................M.......
......................................4......................4......................M...........
...........F.........................................................M......................4...
...................M.............................................4......................4.......
...............M......................F.........................................................
M......................4......................M.............................................4...
...................4........

Client->GAME [12:59:02 07/15/09] packet size: 1 CRYPTED, Flags: 7f ServerSeq: 8 ClientSeq: 7
02 
.

Client->GAME [12:59:02 07/15/09] packet size: 44 CRYPTED, Flags: 7f ServerSeq: 8 ClientSeq: 8
02 04 01 00 0a 02 12 80 c9 07 00 c0 08 00 68 3f c7 00 00 20 41 00 e8 00 47 12 80 c9 17 00 c0 08 
00 78 66 c7 00 00 20 41 00 e8 00 47 
..............h?... A...G........xf... A...G

GAME->Client [12:59:02 07/15/09] packet size: 701 CRYPTED, Flags: 3f ServerSeq: 9 ClientSeq: 6
02 04 01 00 5f 21 16 80 bc 15 00 c8 09 00 11 00 00 00 b7 00 4d 00 00 00 01 00 00 00 00 16 80 bc 
15 00 c9 09 00 11 00 00 00 f3 03 46 00 00 00 01 00 00 00 00 04 80 b3 11 00 16 80 bc 45 03 11 00 
00 02 00 00 00 11 00 32 00 00 00 01 00 00 00 00 16 80 bc 55 00 7d 09 00 02 00 00 00 cc 00 0c 00 
00 00 01 00 00 00 00 08 80 b2 11 00 32 00 08 02 16 80 bc 45 03 11 00 00 02 00 00 00 11 00 32 00 
00 00 00 00 00 00 00 16 80 bc 55 00 ca 09 00 02 00 00 00 cc 00 0c 00 00 00 00 00 00 00 00 16 80 
bc 15 00 cb 09 00 11 00 00 00 ab 00 0d 00 00 00 00 00 00 00 00 16 80 bc 15 00 cc 09 00 11 00 00 
00 0a 02 4d 00 00 00 00 00 00 00 00 16 80 bc 15 00 cd 09 00 11 00 00 00 f2 03 34 00 00 00 00 00 
00 00 00 16 80 bc 15 00 ce 09 00 11 00 00 00 ed 03 4d 00 00 00 00 00 00 00 00 16 80 bc 15 00 cf 
09 00 11 00 00 00 9f 00 19 00 00 00 00 00 00 00 00 16 80 bc 15 00 d0 09 00 11 00 00 00 f1 03 34 
00 00 00 00 00 00 00 00 16 80 bc 15 00 d1 09 00 11 00 00 00 0c 02 34 00 00 00 00 00 00 00 00 16 
80 bc 15 00 d2 09 00 11 00 00 00 b7 00 4d 00 00 00 00 00 00 00 00 16 80 bc 15 00 d3 09 00 11 00 
00 00 f3 03 46 00 00 00 00 00 00 00 00 16 80 bc 55 00 7e 09 00 0b 00 00 00 37 02 96 00 00 00 01 
00 00 00 00 16 80 bc 55 00 d4 09 00 0b 00 00 00 37 02 96 00 00 00 00 00 00 00 00 16 80 bc 55 00 
7f 09 00 2d 00 00 00 23 04 0a 00 00 00 01 00 00 00 00 16 80 bc 55 00 80 09 00 2d 00 00 00 20 04 
0a 00 00 00 01 00 00 00 00 16 80 bc 55 00 81 09 00 2d 00 00 00 19 04 05 00 00 00 01 00 00 00 00 
16 80 bc 55 00 82 09 00 2d 00 00 00 42 04 05 00 00 00 01 00 00 00 00 16 80 bc 55 00 d5 09 00 2d 
00 00 00 23 04 0a 00 00 00 00 00 00 00 00 16 80 bc 55 00 d6 09 00 2d 00 00 00 20 04 0a 00 00 00 
00 00 00 00 00 16 80 bc 55 00 d7 09 00 2d 00 00 00 19 04 05 00 00 00 00 00 00 00 00 16 80 bc 55 
00 d8 09 00 2d 00 00 00 42 04 05 00 00 00 00 00 00 00 00 16 80 bc 55 00 83 09 00 34 00 00 00 83 
02 c8 00 00 00 01 00 00 00 00 16 80 bc 55 00 d9 09 00 34 00 00 00 83 02 c8 00 00 00 00 00 00 00 
00 04 80 b3 3d 04 16 80 bc 45 03 3d 04 00 43 00 00 00 3d 04 00 00 00 00 01 00 00 00 00 08 80 b2 
3d 04 00 00 08 02 16 80 bc 45 03 3d 04 00 43 00 00 00 3d 04 00 00 00 00 00 00 00 00 00 
...._!..............M......................F................E..........2...........U.}..........
............2......E..........2...........U.....................................................
...M......................4......................M.............................................4
......................4......................M......................F...........U.~......7......
.......U........7.............U....-...#.............U....-... .............U....-..............
...U....-...B.............U....-...#.............U....-... .............U....-.................U
....-...B.............U....4.................U....4.................=....E.=..C...=.............
=........E.=..C...=..........

Client->GAME [12:59:02 07/15/09] packet size: 1 CRYPTED, Flags: 7f ServerSeq: 9 ClientSeq: 9
02 
.

GAME->Client [12:59:03 07/15/09] packet size: 724 CRYPTED, Flags: 7f ServerSeq: 10 ClientSeq: 8
02 03 01 00 0c 57 02 02 cd ab 12 8e 42 6c 61 63 6b 20 54 69 67 65 72 20 42 6c 61 63 6b 20 53 74 
72 69 70 65 00 00 00 00 00 00 00 00 00 10 00 00 22 d4 c4 f5 1b 00 c6 01 80 d1 cd 09 00 58 0a 00 
00 00 d0 2a 69 ef c0 00 00 00 00 00 c0 57 40 00 00 00 68 03 ea dc 40 c0 01 83 01 01 a8 16 b0 04 
b2 04 b0 04 07 08 00 00 80 02 05 11 00 00 01 00 08 50 02 7c 00 20 01 6e cd ab 01 01 00 00 00 00 
00 ef ef c0 00 00 00 00 00 40 60 40 00 00 00 00 00 59 df 40 0f 00 00 01 00 0c 57 02 03 cd ab 11 
8e 42 6c 61 63 6b 20 54 69 67 65 72 20 42 72 6f 77 6e 20 53 74 72 69 70 65 00 00 00 00 00 00 00 
00 00 10 00 00 22 d4 9e f4 1b 00 c6 01 80 c1 cc 09 00 58 00 00 00 a8 28 8e ef c0 00 00 00 00 00 
c0 57 40 00 00 00 38 f4 b5 dc 40 c0 01 83 04 02 a8 16 84 03 b2 09 84 03 07 08 00 00 80 02 05 0d 
00 00 01 00 0c 0f a8 eb cd ab 02 09 00 00 00 20 96 79 f0 c0 00 00 00 00 29 ec 53 40 00 00 00 00 
c9 7d dc 40 00 00 00 00 71 3d 8a 3e 00 00 00 00 33 33 b3 bf 0b 00 00 01 00 0c 57 02 04 cd ab 12 
8e 42 6c 61 63 6b 20 54 69 67 65 72 20 42 6c 61 63 6b 20 53 74 72 69 70 65 00 00 00 00 00 00 00 
00 00 10 00 00 22 d4 49 f5 1b 00 c6 01 80 d1 cd 09 00 58 0a 00 00 00 ac ef 7b f0 c0 00 00 00 00 
00 40 55 40 00 00 00 b0 d2 18 dc 40 c0 01 83 01 01 a8 16 b0 04 b2 04 b0 04 07 08 00 00 80 02 05 
09 00 00 00 00 04 02 00 80 06 16 80 bc 55 00 84 09 00 4b 00 00 00 1f 04 19 00 00 00 01 00 00 00 
00 16 80 bc 55 00 da 09 00 4b 00 00 00 1f 04 19 00 00 00 00 00 00 00 00 16 80 bc 55 00 85 09 00 
5f 00 00 00 7c 04 0f 00 00 00 01 00 00 00 00 16 80 bc 55 00 86 09 00 5f 00 00 00 07 04 0f 00 00 
00 01 00 00 00 00 16 80 bc 55 00 db 09 00 5f 00 00 00 7c 04 0f 00 00 00 00 00 00 00 00 16 80 bc 
55 00 dc 09 00 5f 00 00 00 07 04 0f 00 00 00 00 00 00 00 00 00 86 09 16 80 bc 55 00 87 09 00 62 
00 00 00 06 04 01 00 00 00 01 00 00 00 00 04 80 b3 35 04 16 80 bc 45 03 35 04 00 62 00 00 00 35 
04 00 00 00 00 01 00 00 00 00 16 80 bc 55 00 88 09 00 62 00 00 00 15 04 01 00 00 00 01 00 00 00 
00 16 80 bc 55 00 dd 09 00 62 00 00 00 06 04 01 00 00 00 00 00 00 00 00 08 80 b2 35 04 00 00 08 
02 16 80 bc 45 03 35 04 00 62 00 00 00 35 04 00 00 00 00 00 00 00 00 00 16 80 bc 55 00 de 09 00 
62 00 00 00 15 04 01 00 00 00 00 00 00 00 00 04 80 b3 3e 04 
.....W......Black Tiger Black Stripe............"............X.....*i........W@...h...@.........
.................P.|. .n.................@`@.....Y.@......W......Black Tiger Brown Stripe.......
....."............X....(.........W@...8...@.................................... .y......).S@....
.}.@....q=.>....33........W......Black Tiger Black Stripe............".I..........X......{......
.@U@.......@.................................U....K.................U....K.................U....
_...|.............U...._.................U...._...|.............U...._....................U....b
.................5....E.5..b...5.............U....b.................U....b.................5....
....E.5..b...5.............U....b.................>.

Client->GAME [12:59:03 07/15/09] packet size: 1 CRYPTED, Flags: 7f ServerSeq: 10 ClientSeq: 10
02 
.

GAME->Client [12:59:03 07/15/09] packet size: 712 CRYPTED, Flags: 7f ServerSeq: 11 ClientSeq: 9
02 03 01 00 02 14 00 11 00 02 0e 00 ca 56 49 7b c7 00 00 be 42 1b 50 e7 46 01 00 02 13 00 0d 00 
02 0c a4 45 71 7c c7 00 00 be 42 a2 af e5 46 01 00 0c 57 02 05 cd ab 12 8e 42 6c 61 63 6b 20 54 
69 67 65 72 20 53 61 62 72 65 74 6f 6f 74 68 00 00 00 00 00 00 00 00 00 00 00 10 00 00 22 d4 b9 
f8 1b 00 c6 01 80 d1 cb 09 00 58 0a 00 00 00 74 17 59 f1 c0 00 00 00 00 00 c0 57 40 00 00 00 2c 
ed 67 e1 40 c0 01 83 01 02 a8 17 a9 03 b2 09 a9 03 07 08 00 00 80 02 05 07 00 00 01 00 08 78 19 
86 00 20 01 e9 cd ab 05 3d 00 00 00 60 a8 24 f0 c0 00 00 00 00 00 c0 57 40 00 00 00 60 2f 92 e0 
40 53 79 6e 6e 00 00 00 00 00 00 00 00 00 00 00 00 00 00 00 00 00 00 00 00 00 00 00 00 00 00 00 
00 7c 0b 00 58 21 00 00 00 00 00 00 00 5c 83 6c 3f 00 00 00 00 17 ef c3 3e 05 00 00 01 00 0c 57 
02 06 cd ab 12 8e 42 6c 61 63 6b 20 54 69 67 65 72 20 42 72 6f 77 6e 20 53 74 72 69 70 65 00 00 
00 00 00 00 00 00 00 10 00 00 22 d4 02 f4 1b 00 c6 01 80 d1 cc 09 00 58 0a 00 00 00 f4 31 5f f0 
c0 00 00 00 00 00 40 55 40 00 00 00 10 5a 9a dc 40 c0 01 83 01 02 a8 16 84 03 b2 09 84 03 07 08 
00 00 80 02 05 03 00 00 00 00 04 01 00 8f 11 16 80 bc 45 03 3e 04 00 4f 01 00 00 3e 04 00 00 00 
00 01 00 00 00 00 08 80 b2 3e 04 00 00 08 02 16 80 bc 45 03 3e 04 00 4f 01 00 00 3e 04 00 00 00 
00 00 00 00 00 00 16 80 bc 55 00 89 09 00 5a 01 00 00 07 04 05 00 00 00 01 00 00 00 00 16 80 bc 
55 00 8a 09 00 5a 01 00 00 1d 04 0f 00 00 00 01 00 00 00 00 16 80 bc 55 00 df 09 00 5a 01 00 00 
07 04 05 00 00 00 00 00 00 00 00 16 80 bc 55 00 e0 09 00 5a 01 00 00 1d 04 0f 00 00 00 00 00 00 
00 00 04 80 b3 3f 04 16 80 bc 45 03 3f 04 00 64 01 00 00 3f 04 00 00 00 00 01 00 00 00 00 16 80 
bc 55 00 8b 09 00 64 01 00 00 1f 04 05 00 00 00 01 00 00 00 00 08 80 b2 3f 04 00 00 08 02 16 80 
bc 45 03 3f 04 00 64 01 00 00 3f 04 00 00 00 00 00 00 00 00 00 16 80 bc 55 00 e1 09 00 64 01 00 
00 1f 04 05 00 00 00 00 00 00 00 00 16 80 bc 55 00 8c 09 00 66 01 00 00 7b 04 05 00 00 00 01 00 
00 00 00 16 80 bc 55 00 8d 09 00 66 01 00 00 12 04 0a 00 00 00 01 00 00 00 00 16 80 bc 55 00 8e 
09 00 66 01 00 00 06 04 0b 00 00 00 01 00 00 00 00 16 80 bc 55 00 e2 09 00 66 01 00 00 7b 04 05 
00 00 00 00 00 00 00 00 
.............VI{....B.P.F..........Eq|....B...F...W......Black Tiger Sabretooth.............."..
..........X....t.Y........W@...,.g.@..........................x... .....=...`.$........W@...`/..
@Synn............................|..X!.......\.l?.......>......W......Black Tiger Brown Stripe..
.........."............X.....1_.......@U@....Z..@.................................E.>..O...>....
.........>........E.>..O...>.............U....Z.................U....Z.................U....Z...
..............U....Z.................?....E.?..d...?.............U....d.................?.......
.E.?..d...?.............U....d.................U....f...{.............U....f.................U..
..f.................U....f...{..........

Client->GAME [12:59:03 07/15/09] packet size: 1 CRYPTED, Flags: 7f ServerSeq: 11 ClientSeq: 11
02 
.

GAME->Client [12:59:03 07/15/09] packet size: 700 CRYPTED, Flags: 7f ServerSeq: 12 ClientSeq: 10
02 03 01 00 02 13 00 07 00 02 0c b9 d7 d3 8a c7 00 00 be 42 d7 3b 0b 47 01 00 02 12 00 03 00 02 
08 02 f9 82 c7 00 00 aa 42 c5 ff e4 46 11 00 02 0e 00 cb 56 49 7b c7 00 00 be 42 1b 50 e7 46 0d 
00 02 0e 00 ae 45 71 7c c7 00 00 be 42 a2 af e5 46 00 00 04 01 00 a0 1c 16 80 bc 55 00 e3 09 00 
66 01 00 00 12 04 0a 00 00 00 00 00 00 00 00 16 80 bc 55 00 e4 09 00 66 01 00 00 06 04 0b 00 00 
00 00 00 00 00 00 16 80 bc 55 00 8f 09 00 8e 01 00 00 03 04 05 00 00 00 01 00 00 00 00 16 80 bc 
55 00 90 09 00 8e 01 00 00 12 04 0f 00 00 00 01 00 00 00 00 16 80 bc 55 00 91 09 00 8e 01 00 00 
77 04 05 00 00 00 01 00 00 00 00 16 80 bc 55 00 e5 09 00 8e 01 00 00 03 04 05 00 00 00 00 00 00 
00 00 16 80 bc 55 00 e6 09 00 8e 01 00 00 12 04 0f 00 00 00 00 00 00 00 00 16 80 bc 55 00 e7 09 
00 8e 01 00 00 77 04 05 00 00 00 00 00 00 00 00 16 80 bc 55 00 92 09 00 cd 01 00 00 e5 03 05 00 
00 00 01 00 00 00 00 16 80 bc 55 00 93 09 00 cd 01 00 00 73 04 05 00 00 00 01 00 00 00 00 16 80 
bc 55 00 94 09 00 cd 01 00 00 e3 03 0f 00 00 00 01 00 00 00 00 16 80 bc 55 00 e8 09 00 cd 01 00 
00 e5 03 05 00 00 00 00 00 00 00 00 16 80 bc 55 00 e9 09 00 cd 01 00 00 73 04 05 00 00 00 00 00 
00 00 00 16 80 bc 55 00 ea 09 00 cd 01 00 00 e3 03 0f 00 00 00 00 00 00 00 00 04 80 b3 40 04 16 
80 bc 45 03 40 04 00 d5 01 00 00 40 04 00 00 00 00 01 00 00 00 00 16 80 bc 55 00 95 09 00 d5 01 
00 00 e3 03 05 00 00 00 01 00 00 00 00 08 80 b2 40 04 00 00 08 02 16 80 bc 45 03 40 04 00 d5 01 
00 00 40 04 00 00 00 00 00 00 00 00 00 16 80 bc 55 00 eb 09 00 d5 01 00 00 e3 03 05 00 00 00 00 
00 00 00 00 16 80 bc 55 00 96 09 00 36 02 00 00 37 02 0a 00 00 00 01 00 00 00 00 16 80 bc 55 00 
ec 09 00 36 02 00 00 37 02 0a 00 00 00 00 00 00 00 00 16 80 bc 55 00 97 09 00 74 02 00 00 34 02 
1e 00 00 00 01 00 00 00 00 16 80 bc 55 00 ed 09 00 74 02 00 00 34 02 1e 00 00 00 00 00 00 00 00 
16 80 bc 15 00 cb 09 00 11 00 00 00 ab 00 0d 00 00 00 01 00 00 00 00 16 80 bc 15 00 cc 09 00 11 
00 00 00 0a 02 4d 00 00 00 01 00 00 00 00 16 80 bc 15 00 cd 09 00 11 00 00 00 f2 03 34 00 00 00 
01 00 00 00 00 16 80 bc 15 00 ce 09 00 11 00 00 00 ed 03 4d 00 00 00 01 00 00 00 00 
...................B.;.G................B...F......VI{....B.P.F......Eq|....B...F..........U....
f.................U....f.................U......................U......................U........
w.............U......................U......................U........w.............U............
..........U........s.............U......................U......................U........s.......
......U......................@....E.@......@.............U......................@........E.@....
..@.............U......................U....6...7.............U....6...7.............U....t...4.
............U....t...4...............................................M......................4...
...................M........

Client->GAME [12:59:03 07/15/09] packet size: 1 CRYPTED, Flags: 7f ServerSeq: 12 ClientSeq: 12
02 
.

Client->GAME [12:59:03 07/15/09] packet size: 63 CRYPTED, Flags: 7f ServerSeq: 12 ClientSeq: 13
02 04 01 00 0c 03 12 80 c9 07 00 40 12 00 ac 8a c7 00 00 20 41 00 d0 84 46 12 80 c9 07 00 90 04 
00 78 66 c7 00 00 20 41 00 d0 84 46 12 80 c9 07 00 f0 08 00 e8 7d c7 00 00 20 41 00 98 37 47 
...........@....... A...F........xf... A...F.........}... A..7G

GAME->Client [12:59:03 07/15/09] packet size: 719 CRYPTED, Flags: 7f ServerSeq: 13 ClientSeq: 11
02 03 0d 00 02 0e 00 b9 45 71 7c c7 00 00 be 42 a2 af e5 46 03 00 02 0c 01 87 f8 82 c7 00 00 aa 
42 5c 32 e5 46 00 00 04 02 00 bc 10 16 80 bc 15 00 cf 09 00 11 00 00 00 9f 00 19 00 00 00 01 00 
00 00 00 16 80 bc 15 00 d0 09 00 11 00 00 00 f1 03 34 00 00 00 01 00 00 00 00 16 80 bc 15 00 d1 
09 00 11 00 00 00 0c 02 34 00 00 00 01 00 00 00 00 16 80 bc 15 00 d2 09 00 11 00 00 00 b7 00 4d 
00 00 00 01 00 00 00 00 16 80 bc 15 00 d3 09 00 11 00 00 00 f3 03 46 00 00 00 01 00 00 00 00 0b 
80 bd 05 11 00 00 00 00 00 00 00 16 80 bc 15 00 ee 09 00 11 00 00 00 ab 00 0d 00 00 00 00 00 00 
00 00 16 80 bc 15 00 ef 09 00 11 00 00 00 0a 02 4d 00 00 00 00 00 00 00 00 16 80 bc 15 00 f0 09 
00 11 00 00 00 f2 03 34 00 00 00 00 00 00 00 00 16 80 bc 15 00 f1 09 00 11 00 00 00 ed 03 4d 00 
00 00 00 00 00 00 00 16 80 bc 15 00 f2 09 00 11 00 00 00 9f 00 19 00 00 00 00 00 00 00 00 16 80 
bc 15 00 f3 09 00 11 00 00 00 f1 03 34 00 00 00 00 00 00 00 00 16 80 bc 15 00 f4 09 00 11 00 00 
00 0c 02 34 00 00 00 00 00 00 00 00 16 80 bc 15 00 f5 09 00 11 00 00 00 b7 00 4d 00 00 00 00 00 
00 00 00 16 80 bc 15 00 f6 09 00 11 00 00 00 f3 03 46 00 00 00 00 00 00 00 00 0b 80 bd 05 11 00 
00 00 00 00 00 01 00 cc 0a 17 3a 05 00 11 00 0a 00 50 76 50 53 65 72 76 65 72 00 04 00 06 00 00 
00 1d 3a 05 00 17 00 10 00 50 76 50 4d 61 78 53 61 66 65 4c 65 76 65 6c 00 04 00 0f 00 00 00 3f 
3a 05 00 14 00 0d 00 57 52 5f 52 65 7a 45 76 65 6e 74 73 00 29 00 48 61 6c 6c 6f 77 65 65 6e 5f 
45 76 65 6e 74 2c 57 69 6e 74 65 72 33 50 6c 75 73 48 61 6c 6c 6f 77 65 65 6e 54 53 45 43 00 1b 
3a 05 00 19 00 12 00 45 76 65 6e 74 53 6c 6f 74 31 5f 45 66 66 65 63 74 00 00 00 28 3a 05 00 19 
00 12 00 45 76 65 6e 74 53 6c 6f 74 32 5f 45 66 66 65 63 74 00 0d 00 66 6c 79 6d 61 6e 5f 69 64 
6c 65 33 00 25 3a 05 00 19 00 12 00 45 76 65 6e 74 53 6c 6f 74 33 5f 45 66 66 65 63 74 00 0a 00 
66 6c 79 5f 76 69 72 75 73 00 1f 3a 05 00 1b 00 14 00 46 69 78 65 64 42 69 6e 6b 49 44 4f 76 65 
72 72 69 64 65 00 02 00 20 00 16 80 bc 15 00 56 09 00 f7 03 00 00 08 02 00 00 00 00 00 00 00 00 
00 16 80 bc 15 00 57 09 00 f7 03 00 00 07 02 ec ff ff ff 00 00 00 00 00 16 80 bc 15 00 58 09 00 
f7 03 00 00 50 04 00 00 00 00 00 00 00 00 00 
........Eq|....B...F............B\2.F............................................4..............
........4......................M......................F.........................................
................M......................4......................M.................................
............4......................4......................M......................F..............
..........:......PvPServer........:......PvPMaxSafeLevel.......?:......WR_RezEvents.).Halloween_
Event,Winter3PlusHalloweenTSEC..:......EventSlot1_Effect...(:......EventSlot2_Effect...flyman_id
le3.%:......EventSlot3_Effect...fly_virus..:......FixedBinkIDOverride... ......V................
......W......................X......P..........

Client->GAME [12:59:03 07/15/09] packet size: 1 CRYPTED, Flags: 7f ServerSeq: 13 ClientSeq: 14
02 
.

GAME->Client [12:59:03 07/15/09] packet size: 711 CRYPTED, Flags: 7f ServerSeq: 14 ClientSeq: 12
02 03 0d 00 02 0c ba 45 71 7c c7 00 00 be 42 a2 af e5 46 07 00 02 0e 04 bf e5 e5 8a c7 00 00 be 
42 34 36 0b 47 00 00 04 01 00 d6 1d 16 80 bc 15 00 59 09 00 f7 03 00 00 f4 03 00 00 00 00 00 00 
00 00 00 16 80 bc 15 00 5a 09 00 f7 03 00 00 51 04 f6 ff ff ff 00 00 00 00 00 16 80 bc 15 00 5b 
09 00 f7 03 00 00 52 04 0f 00 00 00 00 00 00 00 00 16 80 bc 11 00 5c 09 00 00 00 00 00 cb 02 00 
00 00 00 00 00 00 00 00 16 80 bc 56 00 a1 09 00 0a 95 00 00 06 04 02 00 00 00 00 00 00 00 00 16 
80 bc 56 00 a2 09 00 0a 95 00 00 b4 00 11 00 00 00 00 00 00 00 00 16 80 bc 56 00 a3 09 00 0a 95 
00 00 b5 00 11 00 00 00 00 00 00 00 00 16 80 bc 56 00 a4 09 00 0a 95 00 00 07 04 02 00 00 00 00 
00 00 00 00 16 80 bc 56 00 a5 09 00 8a b2 00 00 23 04 02 00 00 00 00 00 00 00 00 16 80 bc 56 00 
a6 09 00 8a b2 00 00 21 04 01 00 00 00 00 00 00 00 00 16 80 bc 56 00 a7 09 00 8a b2 00 00 b4 00 
1d 00 00 00 00 00 00 00 00 16 80 bc 56 00 a8 09 00 8a b2 00 00 09 04 1d 00 00 00 00 00 00 00 00 
16 80 bc 56 00 a9 09 00 8a b2 00 00 9d 00 1d 00 00 00 00 00 00 00 00 16 80 bc 56 00 aa 09 00 8a 
b2 00 00 06 04 01 00 00 00 00 00 00 00 00 16 80 bc 56 00 ab 09 00 24 b3 00 00 89 02 02 00 00 00 
00 00 00 00 00 16 80 bc 56 00 ac 09 00 24 b3 00 00 1a 04 01 00 00 00 00 00 00 00 00 16 80 bc 56 
00 ad 09 00 24 b3 00 00 b4 00 21 00 00 00 00 00 00 00 00 16 80 bc 56 00 ae 09 00 24 b3 00 00 09 
04 21 00 00 00 00 00 00 00 00 16 80 bc 56 00 af 09 00 24 b3 00 00 15 04 02 00 00 00 00 00 00 00 
00 16 80 bc 56 00 b0 09 00 24 b3 00 00 b5 00 21 00 00 00 00 00 00 00 00 16 80 bc 56 00 b1 09 00 
95 a7 00 00 b4 00 12 00 00 00 00 00 00 00 00 16 80 bc 56 00 b2 09 00 95 a7 00 00 b5 00 12 00 00 
00 00 00 00 00 00 16 80 bc 56 00 b3 09 00 95 a7 00 00 09 04 12 00 00 00 00 00 00 00 00 16 80 bc 
56 00 b4 09 00 95 a7 00 00 70 00 0f 00 00 00 00 00 00 00 00 16 80 bc 56 00 b5 09 00 2c b3 00 00 
17 04 01 00 00 00 00 00 00 00 00 16 80 bc 56 00 b6 09 00 2c b3 00 00 b4 00 21 00 00 00 00 00 00 
00 00 16 80 bc 56 00 b7 09 00 2c b3 00 00 09 04 21 00 00 00 00 00 00 00 00 16 80 bc 56 00 b8 09 
00 2c b3 00 00 12 04 02 00 00 00 00 00 00 00 00 16 80 bc 56 00 b9 09 00 2c b3 00 00 07 04 02 00 
00 00 00 00 00 00 00 
.......Eq|....B...F.............B46.G............Y......................Z......Q...............[
......R...............\....................V......................V......................V......
................V......................V........#.............V........!.............V..........
............V......................V......................V......................V....$.........
........V....$.................V....$.....!...........V....$.....!...........V....$.............
....V....$.....!...........V......................V......................V......................
V........p.............V....,.................V....,.....!...........V....,.....!...........V...
.,.................V....,..............

Client->GAME [12:59:03 07/15/09] packet size: 1 CRYPTED, Flags: 7f ServerSeq: 14 ClientSeq: 15
02 
.

GAME->Client [12:59:03 07/15/09] packet size: 697 CRYPTED, Flags: 7f ServerSeq: 15 ClientSeq: 14
02 03 07 00 02 0e 04 ca e5 e5 8a c7 00 00 be 42 34 36 0b 47 00 00 04 02 00 f3 14 16 80 bc 56 00 
ba 09 00 2c b3 00 00 b5 00 21 00 00 00 00 00 00 00 00 16 80 bc 56 00 bb 09 00 c3 b2 00 00 89 02 
02 00 00 00 00 00 00 00 00 16 80 bc 56 00 bc 09 00 c3 b2 00 00 21 04 02 00 00 00 00 00 00 00 00 
16 80 bc 56 00 bd 09 00 c3 b2 00 00 b4 00 1f 00 00 00 00 00 00 00 00 16 80 bc 56 00 be 09 00 c3 
b2 00 00 09 04 1f 00 00 00 00 00 00 00 00 16 80 bc 56 00 bf 09 00 c3 b2 00 00 1e 04 01 00 00 00 
00 00 00 00 00 16 80 bc 56 00 c0 09 00 c3 b2 00 00 9d 00 1f 00 00 00 00 00 00 00 00 16 80 bc 55 
00 ca 09 00 02 00 00 00 cc 00 0c 00 00 00 00 00 00 00 00 16 80 bc 55 00 d4 09 00 0b 00 00 00 37 
02 96 00 00 00 00 00 00 00 00 16 80 bc 55 00 d5 09 00 2d 00 00 00 23 04 0a 00 00 00 00 00 00 00 
00 16 80 bc 55 00 d6 09 00 2d 00 00 00 20 04 0a 00 00 00 00 00 00 00 00 16 80 bc 55 00 d7 09 00 
2d 00 00 00 19 04 05 00 00 00 00 00 00 00 00 16 80 bc 55 00 d8 09 00 2d 00 00 00 42 04 05 00 00 
00 00 00 00 00 00 16 80 bc 55 00 d9 09 00 34 00 00 00 83 02 c8 00 00 00 00 00 00 00 00 16 80 bc 
55 00 da 09 00 4b 00 00 00 1f 04 19 00 00 00 00 00 00 00 00 16 80 bc 55 00 db 09 00 5f 00 00 00 
7c 04 0f 00 00 00 00 00 00 00 00 16 80 bc 55 00 dc 09 00 5f 00 00 00 07 04 0f 00 00 00 00 00 00 
00 00 16 80 bc 55 00 dd 09 00 62 00 00 00 06 04 01 00 00 00 00 00 00 00 00 16 80 bc 55 00 de 09 
00 62 00 00 00 15 04 01 00 00 00 00 00 00 00 00 16 80 bc 55 00 df 09 00 5a 01 00 00 07 04 05 00 
00 00 00 00 00 00 00 01 07 09 16 80 bc 55 00 e0 09 00 5a 01 00 00 1d 04 0f 00 00 00 00 00 00 00 
00 16 80 bc 55 00 e1 09 00 64 01 00 00 1f 04 05 00 00 00 00 00 00 00 00 16 80 bc 55 00 e2 09 00 
66 01 00 00 7b 04 05 00 00 00 00 00 00 00 00 16 80 bc 55 00 e3 09 00 66 01 00 00 12 04 0a 00 00 
00 00 00 00 00 00 16 80 bc 55 00 e4 09 00 66 01 00 00 06 04 0b 00 00 00 00 00 00 00 00 16 80 bc 
55 00 e5 09 00 8e 01 00 00 03 04 05 00 00 00 00 00 00 00 00 16 80 bc 55 00 e6 09 00 8e 01 00 00 
12 04 0f 00 00 00 00 00 00 00 00 16 80 bc 55 00 e7 09 00 8e 01 00 00 77 04 05 00 00 00 00 00 00 
00 00 16 80 bc 55 00 e8 09 00 cd 01 00 00 e5 03 05 00 00 00 00 00 00 00 00 
...............B46.G..........V....,.....!...........V......................V........!..........
...V......................V......................V......................V......................U
......................U........7.............U....-...#.............U....-... .............U....
-.................U....-...B.............U....4.................U....K.................U...._...
|.............U...._.................U....b.................U....b.................U....Z.......
.............U....Z.................U....d.................U....f...{.............U....f........
.........U....f.................U......................U......................U........w........
.....U...................

Client->GAME [12:59:03 07/15/09] packet size: 1 CRYPTED, Flags: 7f ServerSeq: 15 ClientSeq: 16
02 
.

GAME->Client [12:59:03 07/15/09] packet size: 670 CRYPTED, Flags: 7f ServerSeq: 16 ClientSeq: 15
82 98 8d fb 48 03 09 00 02 0e 05 3f fa a9 83 c7 00 00 aa 42 84 96 e0 46 07 00 02 0c d4 e5 e5 8a 
c7 00 00 be 42 34 36 0b 47 03 00 02 0e 04 0b aa f7 82 c7 00 00 aa 42 e8 91 e5 46 00 00 04 01 01 
10 17 16 80 bc 55 00 e9 09 00 cd 01 00 00 73 04 05 00 00 00 00 00 00 00 00 16 80 bc 55 00 ea 09 
00 cd 01 00 00 e3 03 0f 00 00 00 00 00 00 00 00 16 80 bc 55 00 eb 09 00 d5 01 00 00 e3 03 05 00 
00 00 00 00 00 00 00 16 80 bc 55 00 ec 09 00 36 02 00 00 37 02 0a 00 00 00 00 00 00 00 00 16 80 
bc 55 00 ed 09 00 74 02 00 00 34 02 1e 00 00 00 00 00 00 00 00 16 80 bc 15 00 ee 09 00 11 00 00 
00 ab 00 0d 00 00 00 00 00 00 00 00 16 80 bc 15 00 ef 09 00 11 00 00 00 0a 02 4d 00 00 00 00 00 
00 00 00 16 80 bc 15 00 f0 09 00 11 00 00 00 f2 03 34 00 00 00 00 00 00 00 00 16 80 bc 15 00 f1 
09 00 11 00 00 00 ed 03 4d 00 00 00 00 00 00 00 00 16 80 bc 15 00 f2 09 00 11 00 00 00 9f 00 19 
00 00 00 00 00 00 00 00 16 80 bc 15 00 f3 09 00 11 00 00 00 f1 03 34 00 00 00 00 00 00 00 00 16 
80 bc 15 00 f4 09 00 11 00 00 00 0c 02 34 00 00 00 00 00 00 00 00 16 80 bc 15 00 f5 09 00 11 00 
00 00 b7 00 4d 00 00 00 00 00 00 00 00 16 80 bc 15 00 f6 09 00 11 00 00 00 f3 03 46 00 00 00 00 
00 00 00 00 16 80 bc 45 03 11 00 00 02 00 00 00 11 00 32 00 00 00 00 00 00 00 00 16 80 bc 45 03 
35 04 00 62 00 00 00 35 04 00 00 00 00 00 00 00 00 00 16 80 bc 45 03 3d 04 00 43 00 00 00 3d 04 
00 00 00 00 00 00 00 00 00 16 80 bc 45 03 3e 04 00 4f 01 00 00 3e 04 00 00 00 00 00 00 00 00 00 
16 80 bc 45 03 3f 04 00 64 01 00 00 3f 04 00 00 00 00 00 00 00 00 00 16 80 bc 45 03 40 04 00 d5 
01 00 00 40 04 00 00 00 00 00 00 00 00 00 0b 80 bd 05 11 00 00 00 00 00 00 01 41 81 67 17 00 27 
00 1c 22 00 c6 01 11 00 00 00 00 00 00 00 37 00 00 08 0e 00 41 66 74 65 72 57 68 6f 72 75 4e 65 
6f 00 0e 00 41 66 74 65 72 57 68 6f 72 75 4e 65 6f 00 02 00 4d 00 00 00 00 00 00 00 41 81 67 17 
00 27 00 1c 22 00 c6 01 11 00 00 00 00 00 00 00 37 00 00 08 0e 00 41 66 74 65 72 57 68 6f 72 75 
4e 65 6f 00 0e 00 41 66 74 65 72 57 68 6f 72 75 4e 65 6f 00 02 00 4d 00 00 00 00 00 00 00 
....H......?.......B...F............B46.G.............B...F..........U........s.............U...
...................U......................U....6...7.............U....t...4.....................
..........................M......................4......................M.......................
......................4......................4......................M......................F....
.......E..........2...........E.5..b...5.............E.=..C...=.............E.>..O...>..........
...E.?..d...?.............E.@......@......................A.g..'.."...........7.....AfterWhoruNe
o...AfterWhoruNeo...M.......A.g..'.."...........7.....AfterWhoruNeo...AfterWhoruNeo...M.......

Client->GAME [12:59:03 07/15/09] packet size: 1 CRYPTED, Flags: 7f ServerSeq: 0 ClientSeq: 17
02 
.

GAME->Client [12:59:03 07/15/09] packet size: 128 CRYPTED, Flags: 7f ServerSeq: 17 ClientSeq: 0
02 03 09 00 02 0e 05 34 fa a9 83 c7 00 00 aa 42 84 96 e0 46 07 00 02 0c df e5 e5 8a c7 00 00 be 
42 34 36 0b 47 03 00 02 0e 04 16 aa f7 82 c7 00 00 aa 42 e8 91 e5 46 00 00 04 01 01 27 01 41 81 
67 17 00 27 00 1c 22 00 c6 01 11 00 00 00 00 00 00 00 37 00 00 08 0e 00 41 66 74 65 72 57 68 6f 
72 75 4e 65 6f 00 0e 00 41 66 74 65 72 57 68 6f 72 75 4e 65 6f 00 02 00 4d 00 00 00 00 00 00 00 
.......4.......B...F............B46.G.............B...F.....'.A.g..'.."...........7.....AfterWho
ruNeo...AfterWhoruNeo...M.......

Client->GAME [12:59:03 07/15/09] packet size: 1 CRYPTED, Flags: 7f ServerSeq: 1 ClientSeq: 18
02 
.

GAME->Client [12:59:03 07/15/09] packet size: 56 CRYPTED, Flags: 7f ServerSeq: 18 ClientSeq: 1
02 03 09 00 02 0e 00 2a fa a9 83 c7 00 00 aa 42 84 96 e0 46 07 00 02 0c e9 e5 e5 8a c7 00 00 be 
42 34 36 0b 47 03 00 02 0c 20 aa f7 82 c7 00 00 aa 42 e8 91 e5 46 00 00 
.......*.......B...F............B46.G.... .......B...F..

Client->GAME [12:59:04 07/15/09] packet size: 1 CRYPTED, Flags: 7f ServerSeq: 2 ClientSeq: 19
02 
.

GAME->Client [12:59:04 07/15/09] packet size: 56 CRYPTED, Flags: 7f ServerSeq: 19 ClientSeq: 2
02 03 09 00 02 0e 00 24 fa a9 83 c7 00 00 aa 42 84 96 e0 46 07 00 02 0c ef e5 e5 8a c7 00 00 be 
42 34 36 0b 47 03 00 02 0c 26 aa f7 82 c7 00 00 aa 42 e8 91 e5 46 00 00 
.......$.......B...F............B46.G....&.......B...F..

Client->GAME [12:59:04 07/15/09] packet size: 1 CRYPTED, Flags: 7f ServerSeq: 3 ClientSeq: 20
02 
.

GAME->Client [12:59:04 07/15/09] packet size: 55 CRYPTED, Flags: 7f ServerSeq: 20 ClientSeq: 3
02 03 09 00 02 0c 1d fa a9 83 c7 00 00 aa 42 84 96 e0 46 07 00 02 0c f9 e5 e5 8a c7 00 00 be 42 
34 36 0b 47 03 00 02 0c 30 aa f7 82 c7 00 00 aa 42 e8 91 e5 46 00 00 
..............B...F............B46.G....0.......B...F..

Client->GAME [12:59:04 07/15/09] packet size: 1 CRYPTED, Flags: 7f ServerSeq: 4 ClientSeq: 21
02 
.

GAME->Client [12:59:04 07/15/09] packet size: 45 CRYPTED, Flags: 7f ServerSeq: 21 ClientSeq: 4
02 03 07 00 02 2e 01 c0 00 00 96 00 04 03 e5 e5 8a c7 00 00 be 42 34 36 0b 47 03 00 02 0c 3a aa 
f7 82 c7 00 00 aa 42 e8 91 e5 46 00 00 
.....................B46.G....:.......B...F..

Client->GAME [12:59:04 07/15/09] packet size: 1 CRYPTED, Flags: 7f ServerSeq: 5 ClientSeq: 22
02 
.

GAME->Client [12:59:04 07/15/09] packet size: 46 CRYPTED, Flags: 7f ServerSeq: 22 ClientSeq: 5
02 03 07 00 02 2e 01 c0 00 00 96 00 00 0d e5 e5 8a c7 00 00 be 42 34 36 0b 47 03 00 02 0e 00 44 
aa f7 82 c7 00 00 aa 42 e8 91 e5 46 00 00 
.....................B46.G.....D.......B...F..

Client->GAME [12:59:04 07/15/09] packet size: 1 CRYPTED, Flags: 7f ServerSeq: 6 ClientSeq: 23
02 
.

GAME->Client [12:59:04 07/15/09] packet size: 39 CRYPTED, Flags: 7f ServerSeq: 23 ClientSeq: 6
02 03 07 00 02 0c 17 e5 e5 8a c7 00 00 be 42 34 36 0b 47 03 00 02 0e 00 4e aa f7 82 c7 00 00 aa 
42 e8 91 e5 46 00 00 
..............B46.G.....N.......B...F..

Client->GAME [12:59:04 07/15/09] packet size: 1 CRYPTED, Flags: 7f ServerSeq: 7 ClientSeq: 24
02 
.

GAME->Client [12:59:04 07/15/09] packet size: 38 CRYPTED, Flags: 7f ServerSeq: 24 ClientSeq: 7
02 03 07 00 02 0c 1c e5 e5 8a c7 00 00 be 42 34 36 0b 47 03 00 02 0c 4f aa f7 82 c7 00 00 aa 42 
e8 91 e5 46 00 00 
..............B46.G....O.......B...F..

Client->GAME [12:59:04 07/15/09] packet size: 1 CRYPTED, Flags: 7f ServerSeq: 8 ClientSeq: 25
02 
.

Client->GAME [12:59:04 07/15/09] packet size: 44 CRYPTED, Flags: 7f ServerSeq: 8 ClientSeq: 26
02 04 01 00 0f 02 12 80 c9 07 00 60 06 00 34 9e c7 00 80 18 44 00 98 37 47 12 80 c9 0e 00 60 06 
00 34 9e c7 00 80 18 44 00 e8 00 47 
...........`..4.....D..7G.....`..4.....D...G

Client->GAME [12:59:04 07/15/09] packet size: 44 CRYPTED, Flags: 7f ServerSeq: 8 ClientSeq: 27
02 04 01 00 11 02 12 80 c9 07 00 c0 16 00 68 3f c7 00 80 18 44 00 68 3f 47 12 80 c9 40 00 c0 16 
00 18 76 c7 00 80 18 44 00 68 3f 47 
..............h?....D.h?G...@.....v....D.h?G

GAME->Client [12:59:05 07/15/09] packet size: 5 CRYPTED, Flags: 7f ServerSeq: 25 ClientSeq: 10
82 c4 8d fb 48 
....H

Client->GAME [12:59:05 07/15/09] packet size: 1 CRYPTED, Flags: 7f ServerSeq: 9 ClientSeq: 28
02 
.

GAME->Client [12:59:05 07/15/09] packet size: 1 CRYPTED, Flags: 7f ServerSeq: 26 ClientSeq: 11
02 
.

GAME->Client [12:59:05 07/15/09] packet size: 18 CRYPTED, Flags: 7f ServerSeq: 27 ClientSeq: 12
02 03 0d 00 04 80 80 80 80 c0 4c 0a 00 28 01 01 00 00 
..........L..(....

Client->GAME [12:59:05 07/15/09] packet size: 1 CRYPTED, Flags: 7f ServerSeq: 11 ClientSeq: 29
02 
.

Client->GAME [12:59:05 07/15/09] packet size: 120 CRYPTED, Flags: 7f ServerSeq: 11 ClientSeq: 30
02 04 01 00 13 06 12 80 c9 07 00 50 0b 00 e8 7d c7 00 80 18 44 00 60 6a 46 12 80 c9 3a 00 50 0b 
00 4c 9a c7 00 80 18 44 00 60 6a 46 12 80 c9 07 00 40 16 00 98 37 c7 00 00 20 41 00 d0 84 46 12 
80 c9 07 00 00 00 00 e8 00 c7 00 00 20 41 00 30 f2 46 12 80 c9 0e 00 00 00 00 98 37 c7 00 00 20 
41 00 30 f2 46 12 80 c9 07 00 60 00 00 b8 08 c7 00 80 18 44 00 68 3f 47 
...........P...}....D.`jF...:.P..L.....D.`jF.....@...7... A...F............. A.0.F.........7... 
A.0.F.....`........D.h?G

Client->GAME [12:59:05 07/15/09] packet size: 25 CRYPTED, Flags: 7f ServerSeq: 11 ClientSeq: 31
02 04 01 00 19 01 12 80 c9 2c 00 60 00 00 c8 2f c7 00 80 18 44 00 68 3f 47 
.........,.`.../....D.h?G

