Client->GAME [13:04:30 07/15/09] packet size: 25 CRYPTED, Flags: 7f ServerSeq: 524 ClientSeq: 715
02 04 01 00 26 01 12 81 8e 0f 00 00 00 03 00 00 00 07 00 00 00 03 00 00 00 
....&....................

GAME->Client [13:04:30 07/15/09] packet size: 21 CRYPTED, Flags: 7f ServerSeq: 686 ClientSeq: 522
02 03 15 00 02 0c 78 ee 59 2b c7 00 00 be 42 45 20 0a 46 00 00 
......x.Y+....BE .F..

Client->GAME [13:04:30 07/15/09] packet size: 1 CRYPTED, Flags: 7f ServerSeq: 525 ClientSeq: 716
02 
.

Client->GAME [13:04:30 07/15/09] packet size: 1 CRYPTED, Flags: 7f ServerSeq: 526 ClientSeq: 717
02 
.

GAME->Client [13:04:30 07/15/09] packet size: 21 CRYPTED, Flags: 7f ServerSeq: 687 ClientSeq: 523
02 03 15 00 02 0c 82 ee 59 2b c7 00 00 be 42 45 20 0a 46 00 00 
........Y+....BE .F..

Client->GAME [13:04:30 07/15/09] packet size: 1 CRYPTED, Flags: 7f ServerSeq: 527 ClientSeq: 718
02 
.

GAME->Client [13:04:30 07/15/09] packet size: 696 CRYPTED, Flags: 7f ServerSeq: 688 ClientSeq: 525
02 04 01 01 2a 1e 16 80 bc 15 00 f7 09 00 f7 03 00 00 08 02 00 00 00 00 01 00 00 00 00 16 80 bc 
15 00 f8 09 00 f7 03 00 00 07 02 ec ff ff ff 01 00 00 00 00 16 80 bc 15 00 f9 09 00 f7 03 00 00 
50 04 00 00 00 00 01 00 00 00 00 16 80 bc 15 00 fa 09 00 f7 03 00 00 f4 03 00 00 00 00 01 00 00 
00 00 16 80 bc 15 00 fb 09 00 f7 03 00 00 51 04 f6 ff ff ff 01 00 00 00 00 16 80 bc 15 00 fc 09 
00 f7 03 00 00 52 04 0f 00 00 00 01 00 00 00 00 16 80 bc 11 00 fd 09 00 00 00 00 00 cb 02 00 00 
00 00 01 00 00 00 00 16 80 bc 56 00 42 0a 00 0a 95 00 00 06 04 02 00 00 00 01 00 00 00 00 16 80 
bc 56 00 43 0a 00 0a 95 00 00 b4 00 11 00 00 00 01 00 00 00 00 16 80 bc 56 00 44 0a 00 0a 95 00 
00 b5 00 11 00 00 00 01 00 00 00 00 16 80 bc 56 00 45 0a 00 0a 95 00 00 07 04 02 00 00 00 01 00 
00 00 00 16 80 bc 56 00 46 0a 00 8a b2 00 00 23 04 02 00 00 00 01 00 00 00 00 16 80 bc 56 00 47 
0a 00 8a b2 00 00 21 04 01 00 00 00 01 00 00 00 00 16 80 bc 56 00 48 0a 00 8a b2 00 00 b4 00 1d 
00 00 00 01 00 00 00 00 16 80 bc 56 00 49 0a 00 8a b2 00 00 09 04 1d 00 00 00 01 00 00 00 00 16 
80 bc 56 00 4a 0a 00 8a b2 00 00 9d 00 1d 00 00 00 01 00 00 00 00 16 80 bc 56 00 4b 0a 00 8a b2 
00 00 06 04 01 00 00 00 01 00 00 00 00 16 80 bc 56 00 4c 0a 00 24 b3 00 00 89 02 02 00 00 00 01 
00 00 00 00 16 80 bc 56 00 4d 0a 00 24 b3 00 00 1a 04 01 00 00 00 01 00 00 00 00 16 80 bc 56 00 
4e 0a 00 24 b3 00 00 b4 00 21 00 00 00 01 00 00 00 00 16 80 bc 56 00 4f 0a 00 24 b3 00 00 09 04 
21 00 00 00 01 00 00 00 00 16 80 bc 56 00 50 0a 00 24 b3 00 00 15 04 02 00 00 00 01 00 00 00 00 
16 80 bc 56 00 51 0a 00 24 b3 00 00 b5 00 21 00 00 00 01 00 00 00 00 16 80 bc 56 00 52 0a 00 95 
a7 00 00 b4 00 12 00 00 00 01 00 00 00 00 16 80 bc 56 00 53 0a 00 95 a7 00 00 b5 00 12 00 00 00 
01 00 00 00 00 16 80 bc 56 00 54 0a 00 95 a7 00 00 09 04 12 00 00 00 01 00 00 00 00 16 80 bc 56 
00 55 0a 00 95 a7 00 00 70 00 0f 00 00 00 01 00 00 00 00 16 80 bc 56 00 56 0a 00 2c b3 00 00 17 
04 01 00 00 00 01 00 00 00 00 16 80 bc 56 00 57 0a 00 2c b3 00 00 b4 00 21 00 00 00 01 00 00 00 
00 16 80 bc 56 00 58 0a 00 2c b3 00 00 09 04 21 00 00 00 01 00 00 00 00 
....*...........................................................P...............................
..............Q......................R....................................V.B...................
.V.C....................V.D....................V.E....................V.F......#.............V.G
......!.............V.H....................V.I....................V.J....................V.K....
................V.L..$.................V.M..$.................V.N..$.....!...........V.O..$.....
!...........V.P..$.................V.Q..$.....!...........V.R....................V.S............
........V.T....................V.U......p.............V.V..,.................V.W..,.....!.......
....V.X..,.....!........

Client->GAME [13:04:30 07/15/09] packet size: 1 CRYPTED, Flags: 7f ServerSeq: 512 ClientSeq: 719
02 
.

GAME->Client [13:04:30 07/15/09] packet size: 696 CRYPTED, Flags: 7f ServerSeq: 689 ClientSeq: 526
02 04 01 01 48 1e 16 80 bc 56 00 59 0a 00 2c b3 00 00 12 04 02 00 00 00 01 00 00 00 00 16 80 bc 
56 00 5a 0a 00 2c b3 00 00 07 04 02 00 00 00 01 00 00 00 00 16 80 bc 56 00 5b 0a 00 2c b3 00 00 
b5 00 21 00 00 00 01 00 00 00 00 16 80 bc 56 00 5c 0a 00 c3 b2 00 00 89 02 02 00 00 00 01 00 00 
00 00 16 80 bc 56 00 5d 0a 00 c3 b2 00 00 21 04 02 00 00 00 01 00 00 00 00 16 80 bc 56 00 5e 0a 
00 c3 b2 00 00 b4 00 1f 00 00 00 01 00 00 00 00 16 80 bc 56 00 5f 0a 00 c3 b2 00 00 09 04 1f 00 
00 00 01 00 00 00 00 16 80 bc 56 00 60 0a 00 c3 b2 00 00 1e 04 01 00 00 00 01 00 00 00 00 16 80 
bc 56 00 61 0a 00 c3 b2 00 00 9d 00 1f 00 00 00 01 00 00 00 00 16 80 bc 55 00 6b 0a 00 02 00 00 
00 cc 00 0c 00 00 00 01 00 00 00 00 16 80 bc 55 00 75 0a 00 0b 00 00 00 37 02 96 00 00 00 01 00 
00 00 00 16 80 bc 55 00 76 0a 00 2d 00 00 00 23 04 0a 00 00 00 01 00 00 00 00 16 80 bc 55 00 77 
0a 00 2d 00 00 00 20 04 0a 00 00 00 01 00 00 00 00 16 80 bc 55 00 78 0a 00 2d 00 00 00 19 04 05 
00 00 00 01 00 00 00 00 16 80 bc 55 00 79 0a 00 2d 00 00 00 42 04 05 00 00 00 01 00 00 00 00 16 
80 bc 55 00 7a 0a 00 34 00 00 00 83 02 c8 00 00 00 01 00 00 00 00 16 80 bc 55 00 7b 0a 00 4b 00 
00 00 1f 04 19 00 00 00 01 00 00 00 00 16 80 bc 55 00 7c 0a 00 5f 00 00 00 7c 04 0f 00 00 00 01 
00 00 00 00 16 80 bc 55 00 7d 0a 00 5f 00 00 00 07 04 0f 00 00 00 01 00 00 00 00 16 80 bc 55 00 
7e 0a 00 62 00 00 00 06 04 01 00 00 00 01 00 00 00 00 16 80 bc 55 00 7f 0a 00 62 00 00 00 15 04 
01 00 00 00 01 00 00 00 00 16 80 bc 55 00 80 0a 00 5a 01 00 00 07 04 05 00 00 00 01 00 00 00 00 
16 80 bc 55 00 81 0a 00 5a 01 00 00 1d 04 0f 00 00 00 01 00 00 00 00 16 80 bc 55 00 82 0a 00 64 
01 00 00 1f 04 05 00 00 00 01 00 00 00 00 16 80 bc 55 00 83 0a 00 66 01 00 00 7b 04 05 00 00 00 
01 00 00 00 00 16 80 bc 55 00 84 0a 00 66 01 00 00 12 04 0a 00 00 00 01 00 00 00 00 16 80 bc 55 
00 85 0a 00 66 01 00 00 06 04 0b 00 00 00 01 00 00 00 00 16 80 bc 55 00 86 0a 00 8e 01 00 00 03 
04 05 00 00 00 01 00 00 00 00 16 80 bc 55 00 87 0a 00 8e 01 00 00 12 04 0f 00 00 00 01 00 00 00 
00 16 80 bc 55 00 88 0a 00 8e 01 00 00 77 04 05 00 00 00 01 00 00 00 00 
....H....V.Y..,.................V.Z..,.................V.[..,.....!...........V.\...............
.....V.]......!.............V.^....................V._....................V.`...................
.V.a....................U.k....................U.u......7.............U.v..-...#.............U.w
..-... .............U.x..-.................U.y..-...B.............U.z..4.................U.{..K.
................U.|.._...|.............U.}.._.................U.~..b.................U....b.....
............U....Z.................U....Z.................U....d.................U....f...{.....
........U....f.................U....f.................U......................U..................
....U........w..........

Client->GAME [13:04:30 07/15/09] packet size: 1 CRYPTED, Flags: 7f ServerSeq: 513 ClientSeq: 720
02 
.

GAME->Client [13:04:30 07/15/09] packet size: 704 CRYPTED, Flags: 7f ServerSeq: 690 ClientSeq: 527
82 6a b6 fb 48 04 02 01 66 03 16 80 bc 55 00 89 0a 00 cd 01 00 00 e5 03 05 00 00 00 01 00 00 00 
00 16 80 bc 55 00 8a 0a 00 cd 01 00 00 73 04 05 00 00 00 01 00 00 00 00 16 80 bc 55 00 8b 0a 00 
cd 01 00 00 e3 03 0f 00 00 00 01 00 00 00 00 01 69 1c 16 80 bc 55 00 8c 0a 00 d5 01 00 00 e3 03 
05 00 00 00 01 00 00 00 00 16 80 bc 55 00 8d 0a 00 36 02 00 00 37 02 0a 00 00 00 01 00 00 00 00 
16 80 bc 55 00 8e 0a 00 74 02 00 00 34 02 1e 00 00 00 01 00 00 00 00 16 80 bc 15 00 8f 0a 00 11 
00 00 00 ab 00 0d 00 00 00 01 00 00 00 00 16 80 bc 15 00 90 0a 00 11 00 00 00 0a 02 4d 00 00 00 
01 00 00 00 00 16 80 bc 15 00 91 0a 00 11 00 00 00 f2 03 34 00 00 00 01 00 00 00 00 16 80 bc 15 
00 92 0a 00 11 00 00 00 ed 03 4d 00 00 00 01 00 00 00 00 16 80 bc 15 00 93 0a 00 11 00 00 00 9f 
00 19 00 00 00 01 00 00 00 00 16 80 bc 15 00 94 0a 00 11 00 00 00 f1 03 34 00 00 00 01 00 00 00 
00 16 80 bc 15 00 95 0a 00 11 00 00 00 0c 02 34 00 00 00 01 00 00 00 00 16 80 bc 15 00 96 0a 00 
11 00 00 00 b7 00 4d 00 00 00 01 00 00 00 00 16 80 bc 15 00 97 0a 00 11 00 00 00 f3 03 46 00 00 
00 01 00 00 00 00 0b 80 bd 05 11 00 00 00 00 00 00 00 16 80 bc 15 00 98 0a 00 11 00 00 00 ab 00 
0c 00 00 00 00 00 00 00 00 16 80 bc 15 00 99 0a 00 11 00 00 00 0a 02 4b 00 00 00 00 00 00 00 00 
16 80 bc 15 00 9a 0a 00 11 00 00 00 f2 03 31 00 00 00 00 00 00 00 00 16 80 bc 15 00 9b 0a 00 11 
00 00 00 ed 03 4b 00 00 00 00 00 00 00 00 16 80 bc 15 00 9c 0a 00 11 00 00 00 9f 00 19 00 00 00 
00 00 00 00 00 16 80 bc 15 00 9d 0a 00 11 00 00 00 f1 03 31 00 00 00 00 00 00 00 00 16 80 bc 15 
00 9e 0a 00 11 00 00 00 0c 02 34 00 00 00 00 00 00 00 00 16 80 bc 15 00 9f 0a 00 11 00 00 00 b7 
00 46 00 00 00 00 00 00 00 00 16 80 bc 15 00 a0 0a 00 11 00 00 00 f3 03 46 00 00 00 00 00 00 00 
00 0b 80 bd 05 11 00 00 00 00 00 00 01 16 80 bc 15 00 98 0a 00 11 00 00 00 ab 00 0c 00 00 00 01 
00 00 00 00 16 80 bc 15 00 99 0a 00 11 00 00 00 0a 02 4b 00 00 00 01 00 00 00 00 16 80 bc 15 00 
9a 0a 00 11 00 00 00 f2 03 31 00 00 00 01 00 00 00 00 16 80 bc 15 00 9b 0a 00 11 00 00 00 ed 03 
4b 00 00 00 01 00 00 00 00 16 80 bc 15 00 9c 0a 00 11 00 00 00 9f 00 19 00 00 00 01 00 00 00 00 
.j..H...f....U......................U........s.............U....................i....U..........
............U....6...7.............U....t...4...............................................M...
...................4......................M.............................................4.......
...............4......................M......................F..................................
.......................K......................1......................K..........................
...................1......................4......................F......................F.......
..................................................K......................1......................
K...............................

Client->GAME [13:04:30 07/15/09] packet size: 1 CRYPTED, Flags: 7f ServerSeq: 514 ClientSeq: 721
02 
.

GAME->Client [13:04:30 07/15/09] packet size: 269 CRYPTED, Flags: 7f ServerSeq: 691 ClientSeq: 512
02 04 01 01 85 11 16 80 bc 15 00 9d 0a 00 11 00 00 00 f1 03 31 00 00 00 01 00 00 00 00 16 80 bc 
15 00 9e 0a 00 11 00 00 00 0c 02 34 00 00 00 01 00 00 00 00 16 80 bc 15 00 9f 0a 00 11 00 00 00 
b7 00 46 00 00 00 01 00 00 00 00 16 80 bc 15 00 a0 0a 00 11 00 00 00 f3 03 46 00 00 00 01 00 00 
00 00 04 80 b3 11 00 16 80 bc 45 03 11 00 00 02 00 00 00 11 00 32 00 00 00 01 00 00 00 00 04 80 
b3 35 04 16 80 bc 45 03 35 04 00 62 00 00 00 35 04 00 00 00 00 01 00 00 00 00 04 80 b3 3d 04 16 
80 bc 45 03 3d 04 00 43 00 00 00 3d 04 00 00 00 00 01 00 00 00 00 04 80 b3 3e 04 16 80 bc 45 03 
3e 04 00 4f 01 00 00 3e 04 00 00 00 00 01 00 00 00 00 04 80 b3 3f 04 16 80 bc 45 03 3f 04 00 64 
01 00 00 3f 04 00 00 00 00 01 00 00 00 00 04 80 b3 40 04 16 80 bc 45 03 40 04 00 d5 01 00 00 40 
04 00 00 00 00 01 00 00 00 00 02 81 07 
....................1......................4......................F......................F......
..........E..........2...........5....E.5..b...5.............=....E.=..C...=.............>....E.
>..O...>.............?....E.?..d...?.............@....E.@......@.............

Client->GAME [13:04:30 07/15/09] packet size: 13 CRYPTED, Flags: 7f ServerSeq: 515 ClientSeq: 722
02 04 01 00 27 01 06 81 08 00 00 00 00 
....'........

GAME->Client [13:04:30 07/15/09] packet size: 1 CRYPTED, Flags: 7f ServerSeq: 692 ClientSeq: 514
02 
.

GAME->Client [13:04:31 07/15/09] packet size: 1 CRYPTED, Flags: 7f ServerSeq: 693 ClientSeq: 514
42 
B

Client->GAME [13:04:31 07/15/09] packet size: 13 CRYPTED, Flags: 7e ServerSeq: 517 ClientSeq: 723
02 04 01 00 27 01 06 81 08 00 00 00 00 
....'........

GAME->Client [13:04:31 07/15/09] packet size: 5 CRYPTED, Flags: 7f ServerSeq: 694 ClientSeq: 514
c2 8e b6 fb 48 
....H

Client->GAME [13:04:31 07/15/09] packet size: 1 CRYPTED, Flags: 7d ServerSeq: 518 ClientSeq: 724
02 
.

GAME->Client [13:04:31 07/15/09] packet size: 1 CRYPTED, Flags: 7f ServerSeq: 695 ClientSeq: 515
42 
B

GAME->Client [13:04:31 07/15/09] packet size: 1 CRYPTED, Flags: 7f ServerSeq: 696 ClientSeq: 516
42 
B

GAME->Client [13:04:32 07/15/09] packet size: 1 CRYPTED, Flags: 7f ServerSeq: 697 ClientSeq: 516
42 
B

GAME->Client [13:04:32 07/15/09] packet size: 1 CRYPTED, Flags: 7f ServerSeq: 698 ClientSeq: 516
42 
B

GAME->Client [13:04:32 07/15/09] packet size: 1 CRYPTED, Flags: 7f ServerSeq: 699 ClientSeq: 516
42 
B

GAME->Client [13:04:32 07/15/09] packet size: 1 CRYPTED, Flags: 7f ServerSeq: 700 ClientSeq: 516
42 
B

Client->GAME [13:04:32 07/15/09] packet size: 1 CRYPTED, Flags: 7f ServerSeq: 524 ClientSeq: 725
42 
B

GAME->Client [13:04:32 07/15/09] packet size: 1 CRYPTED, Flags: 7f ServerSeq: 701 ClientSeq: 516
42 
B

GAME->Client [13:04:32 07/15/09] packet size: 1 CRYPTED, Flags: 7f ServerSeq: 702 ClientSeq: 516
42 
B

Client->GAME [13:04:32 07/15/09] packet size: 13 CRYPTED, Flags: 0 ServerSeq: 0 ClientSeq: 1
22 04 01 00 00 01 06 81 51 00 00 00 00 
".......Q....

GAME->Client [13:04:33 07/15/09] packet size: 72 CRYPTED, Flags: 1 ServerSeq: 2 ClientSeq: 1
02 04 01 00 03 01 41 81 67 17 00 27 00 1c 22 00 c6 01 11 00 00 00 00 00 00 00 37 00 00 08 0e 00 
41 66 74 65 72 57 68 6f 72 75 4e 65 6f 00 0e 00 41 66 74 65 72 57 68 6f 72 75 4e 65 6f 00 02 00 
4b 00 00 00 00 00 00 00 
......A.g..'.."...........7.....AfterWhoruNeo...AfterWhoruNeo...K.......

Client->GAME [13:04:33 07/15/09] packet size: 1 CRYPTED, Flags: 2 ServerSeq: 2 ClientSeq: 2
02 
.

GAME->Client [13:04:33 07/15/09] packet size: 138 CRYPTED, Flags: 3 ServerSeq: 3 ClientSeq: 2
02 04 01 00 00 03 6d 06 0e 00 03 00 00 00 b2 b6 fb 48 01 42 00 32 00 72 65 73 6f 75 72 63 65 2f 
77 6f 72 6c 64 73 2f 66 69 6e 61 6c 5f 77 6f 72 6c 64 2f 69 6e 74 65 72 6e 61 74 69 6f 6e 61 6c 
2f 69 74 2e 6d 65 74 72 00 29 00 48 61 6c 6c 6f 77 65 65 6e 5f 45 76 65 6e 74 2c 57 69 6e 74 65 
72 33 50 6c 75 73 48 61 6c 6c 6f 77 65 65 6e 54 53 45 43 00 0a 80 e5 e7 cb c0 12 00 00 00 00 0a 
80 e4 bc 58 7a 00 00 00 00 00 
......m..........H.B.2.resource/worlds/final_world/international/it.metr.).Halloween_Event,Winte
r3PlusHalloweenTSEC................Xz.....

Client->GAME [13:04:33 07/15/09] packet size: 6 CRYPTED, Flags: 5 ServerSeq: 3 ClientSeq: 3
02 05 02 0c 00 00 
......

GAME->Client [13:04:34 07/15/09] packet size: 1 CRYPTED, Flags: 7 ServerSeq: 4 ClientSeq: 3
02 
.

Client->GAME [13:04:36 07/15/09] packet size: 8 CRYPTED, Flags: 5 ServerSeq: 3 ClientSeq: 4
02 04 01 00 01 01 01 05 
........

GAME->Client [13:04:37 07/15/09] packet size: 223 CRYPTED, Flags: f ServerSeq: 5 ClientSeq: 4
82 4e b7 fb 48 03 01 00 0c 0c 00 93 cd ab 1c 8b 81 ff 71 02 00 00 41 6e 64 65 72 73 6f 6e 00 00 
00 00 00 00 00 00 00 00 00 00 00 00 00 00 00 00 00 00 00 00 00 00 90 54 68 6f 6d 61 73 00 00 00 
00 00 00 00 00 00 00 00 00 00 00 00 00 00 00 00 00 00 00 00 00 00 00 80 d8 28 0a 0c 00 00 00 01 
8e 81 ff f7 00 31 5e 00 00 c6 67 00 41 66 74 65 72 57 68 6f 72 75 4e 65 6f 00 00 00 00 00 00 00 
00 00 00 00 00 00 00 00 00 00 00 00 28 0a fd 64 01 00 00 67 00 75 d4 01 00 4b b1 00 00 00 00 73 
1a e9 88 80 60 04 00 02 8e 00 00 00 f7 00 9d 00 00 00 00 00 e6 e4 40 00 00 00 00 00 44 91 c0 00 
00 00 00 00 26 b6 c0 81 ff 32 22 80 89 9c 46 b8 1e 80 1c 01 11 00 00 00 67 00 02 00 00 00 00 
.N..H.............q...Anderson.........................Thomas............................(......
.....1^...g.AfterWhoruNeo...................(..d...g.u...K.....s....`.................@.....D...
....&....2"...F.........g......

Client->GAME [13:04:38 07/15/09] packet size: 55 CRYPTED, Flags: 17 ServerSeq: 5 ClientSeq: 5
02 03 02 00 02 60 08 41 6e 64 65 72 73 6f 6e 06 54 68 6f 6d 61 73 00 00 04 01 00 02 05 02 80 be 
07 3f 4e 00 10 00 00 00 08 3e 6b 00 10 00 00 00 00 02 81 48 02 0c 01 
.....`.Anderson.Thomas...........?N......>k........H...

GAME->Client [13:04:38 07/15/09] packet size: 728 CRYPTED, Flags: 1f ServerSeq: 6 ClientSeq: 5
02 03 01 00 0c 57 02 94 cd ab 11 8e 47 6f 6c 64 20 42 6c 6f 6f 64 20 43 68 61 6d 70 69 6f 6e 00 
00 00 00 00 00 00 00 00 00 00 00 00 00 10 00 00 22 d4 69 61 1c 00 c6 01 80 c1 d7 09 00 58 00 00 
00 ec bb e5 e6 40 00 00 00 00 00 44 91 c0 00 00 00 40 59 25 b5 c0 c0 01 82 01 a8 0d ee 02 b2 04 
ee 02 07 08 00 00 81 b5 02 00 00 02 03 21 00 00 01 00 0c 57 02 95 cd ab 12 8e 47 6f 6c 64 20 42 
6c 6f 6f 64 20 42 72 6f 74 68 65 72 00 00 00 00 00 00 00 00 00 00 00 00 00 00 00 10 00 00 22 d4 
07 5f 1c 00 c6 01 80 c1 d8 09 00 58 00 00 00 90 c3 3c e6 40 00 00 00 00 00 44 91 c0 00 00 00 00 
7c d8 a2 c0 c0 01 83 04 03 a8 0d 77 01 b2 09 77 01 07 08 00 00 81 b5 02 00 00 02 03 1f 00 00 01 
00 0c 57 02 91 cd ab 11 8e 47 6f 6c 64 20 42 6c 6f 6f 64 20 45 6e 74 68 75 73 69 61 73 74 00 00 
00 00 00 00 00 00 00 00 00 00 10 00 00 22 d4 b3 60 1c 00 c6 01 80 c1 d7 09 00 58 00 00 00 e4 fc 
05 e7 40 00 00 00 00 00 44 91 c0 00 00 00 00 4b 6d c6 c0 c0 01 82 02 a8 0d 32 02 b2 09 32 02 07 
08 00 00 81 b5 02 00 00 02 03 1d 00 00 01 00 0c 57 02 96 cd ab 13 8e 47 6f 6c 64 20 42 6c 6f 6f 
64 20 43 68 61 6d 70 69 6f 6e 00 00 00 00 00 00 00 00 00 00 00 00 00 00 10 00 00 22 d4 d6 61 1c 
00 c6 01 80 d1 d7 09 00 58 0a 00 00 00 7c f1 6a e6 40 00 00 00 00 00 44 91 c0 00 00 00 80 96 76 
a4 c0 c0 01 83 01 01 a8 0d ee 02 b2 04 ee 02 07 08 00 00 81 b5 02 00 00 02 03 1b 00 00 00 00 04 
01 00 04 0c 16 80 bc 56 00 9f 0a 00 0a 95 00 00 06 04 02 00 00 00 01 00 00 00 00 16 80 bc 56 00 
a0 0a 00 0a 95 00 00 b4 00 11 00 00 00 01 00 00 00 00 16 80 bc 56 00 a1 0a 00 0a 95 00 00 b5 00 
11 00 00 00 01 00 00 00 00 16 80 bc 56 00 a2 0a 00 0a 95 00 00 07 04 02 00 00 00 01 00 00 00 00 
16 80 bc 56 00 e3 0a 00 0a 95 00 00 06 04 02 00 00 00 00 00 00 00 00 16 80 bc 56 00 e4 0a 00 0a 
95 00 00 b4 00 11 00 00 00 00 00 00 00 00 16 80 bc 56 00 e5 0a 00 0a 95 00 00 b5 00 11 00 00 00 
00 00 00 00 00 16 80 bc 56 00 e6 0a 00 0a 95 00 00 07 04 02 00 00 00 00 00 00 00 00 16 80 bc 56 
00 a3 0a 00 8a b2 00 00 23 04 02 00 00 00 01 00 00 00 00 16 80 bc 56 00 a4 0a 00 8a b2 00 00 21 
04 01 00 00 00 01 00 00 00 00 16 80 bc 56 00 a5 0a 00 8a b2 00 00 b4 00 1d 00 00 00 01 00 00 00 
00 16 80 bc 56 00 a6 0a 00 8a b2 00 00 09 04 1d 00 00 00 01 00 00 00 00 
.....W......Gold Blood Champion.................".ia.........X.......@.....D.....@Y%............
.............!.....W......Gold Blood Brother..................".._.........X.....<.@.....D......
|..........w...w..................W......Gold Blood Enthusiast..............."..`.........X.....
..@.....D......Km........2...2..................W......Gold Blood Champion................."..a.
........X....|.j.@.....D.......v.......................................V......................V.
.....................V......................V......................V......................V.....
.................V......................V......................V........#.............V........!
.............V......................V...................

GAME->Client [13:04:38 07/15/09] packet size: 718 CRYPTED, Flags: 1f ServerSeq: 7 ClientSeq: 5
82 71 b7 fb 48 03 01 00 08 50 02 f4 09 e0 03 b3 cd ab 02 09 00 00 00 00 00 e6 e4 40 00 00 00 00 
00 a4 90 c0 00 00 00 00 00 c2 b5 c0 00 00 00 00 00 00 80 3f 00 00 00 00 2e bd 3b b3 19 00 00 01 
00 0c 57 02 97 cd ab 13 8e 47 6f 6c 64 20 42 6c 6f 6f 64 20 43 68 61 6d 70 69 6f 6e 00 00 00 00 
00 00 00 00 00 00 00 00 00 00 10 00 00 22 d4 a7 61 1c 00 c6 01 80 d1 d7 09 00 58 0a 00 00 00 b0 
81 2b e7 40 00 00 00 00 00 44 91 c0 00 00 00 00 58 37 96 c0 c0 01 83 01 01 a8 0d ee 02 b2 04 ee 
02 07 08 00 00 81 b5 02 00 00 02 03 17 00 00 01 00 08 d0 20 fc 09 e0 03 10 cd ab 08 fd 00 00 00 
00 40 5d e7 40 00 00 00 00 00 44 91 c0 00 00 00 00 00 44 b6 c0 41 6d 65 74 68 79 73 74 00 00 00 
00 00 00 00 00 00 00 00 00 00 00 00 00 00 00 00 00 00 00 00 00 00 00 00 00 00 00 00 00 00 00 00 
00 00 00 00 00 00 00 00 00 00 00 00 00 00 00 00 00 00 00 00 00 02 00 00 3a 00 f9 0a 00 58 00 00 
03 00 00 00 00 00 5c 83 6c 3f 00 00 00 00 17 ef c3 3e 15 00 00 01 00 0c 57 02 98 cd ab 13 8e 47 
6f 6c 64 20 42 6c 6f 6f 64 20 43 68 61 6d 70 69 6f 6e 00 00 00 00 00 00 00 00 00 00 00 00 00 00 
10 00 00 22 d5 01 4b 61 1c 00 c6 01 80 c3 d7 09 00 58 4c 0a 00 28 00 00 00 6a 9f 34 e5 40 00 00 
00 00 00 44 91 c0 00 00 00 00 97 48 93 c0 c0 01 82 01 a8 0d ee 02 b2 04 ee 02 07 08 00 00 81 b5 
02 00 00 02 03 13 00 00 01 00 08 68 95 44 00 80 14 a1 cd ab 02 09 00 00 00 00 80 fe e2 40 00 00 
00 00 00 40 91 c0 00 00 00 00 00 b3 c0 c0 00 00 00 00 f2 04 35 3f 00 00 00 00 f3 04 35 3f 09 00 
00 00 00 04 01 00 10 0a 16 80 bc 56 00 a7 0a 00 8a b2 00 00 9d 00 1d 00 00 00 01 00 00 00 00 16 
80 bc 56 00 a8 0a 00 8a b2 00 00 06 04 01 00 00 00 01 00 00 00 00 16 80 bc 56 00 e7 0a 00 8a b2 
00 00 23 04 02 00 00 00 00 00 00 00 00 16 80 bc 56 00 e8 0a 00 8a b2 00 00 21 04 01 00 00 00 00 
00 00 00 00 16 80 bc 56 00 e9 0a 00 8a b2 00 00 b4 00 1d 00 00 00 00 00 00 00 00 16 80 bc 56 00 
ea 0a 00 8a b2 00 00 09 04 1d 00 00 00 00 00 00 00 00 16 80 bc 56 00 eb 0a 00 8a b2 00 00 9d 00 
1d 00 00 00 00 00 00 00 00 16 80 bc 56 00 ec 0a 00 8a b2 00 00 06 04 01 00 00 00 00 00 00 00 00 
16 80 bc 56 00 a9 0a 00 24 b3 00 00 89 02 02 00 00 00 01 00 00 00 00 16 80 bc 56 00 aa 0a 00 24 
b3 00 00 1a 04 01 00 00 00 01 00 00 00 00 
.q..H....P.................@.......................?......;.......W......Gold Blood Champion....
............."..a.........X......+.@.....D......X7................................. ............
.@].@.....D.......D..Amethyst...........................................................:....X..
......\.l?.......>......W......Gold Blood Champion................."..Ka.........XL..(...j.4.@..
...D.......H...............................h.D...............@.....@................5?......5?..
...........V......................V......................V........#.............V........!......
.......V......................V......................V......................V...................
...V....$.................V....$..............

Client->GAME [13:04:38 07/15/09] packet size: 1 CRYPTED, Flags: 2f ServerSeq: 6 ClientSeq: 6
02 
.

Client->GAME [13:04:38 07/15/09] packet size: 1 CRYPTED, Flags: 5f ServerSeq: 7 ClientSeq: 7
02 
.

GAME->Client [13:04:38 07/15/09] packet size: 715 CRYPTED, Flags: 1f ServerSeq: 8 ClientSeq: 5
02 03 01 00 02 13 00 21 00 02 0c 66 df 2d 37 47 00 20 8a c4 ca 2a a9 c5 01 00 02 13 00 1f 00 02 
0c 15 1c e6 31 47 00 20 8a c4 e0 c3 16 c5 01 00 02 10 00 1d 00 04 80 80 80 80 c0 4c 0a 00 28 01 
01 01 00 02 13 00 17 00 02 0c a7 80 49 39 47 00 20 8a c4 20 52 b3 c4 01 00 0c 57 02 99 cd ab 13 
8e 47 6f 6c 64 20 42 6c 6f 6f 64 20 42 72 6f 74 68 65 72 00 00 00 00 00 00 00 00 00 00 00 00 00 
00 00 10 00 00 22 d4 8a 5f 1c 00 c6 01 80 d1 d8 09 00 58 0a 00 00 00 2c b4 3a e6 40 00 00 00 00 
00 44 91 c0 00 00 00 00 4d 61 a9 c0 c0 01 83 01 03 a8 0d 77 01 b2 09 77 01 07 08 00 00 81 b5 02 
00 00 02 03 11 00 00 01 00 0c 57 02 9a cd ab 13 8e 47 6f 6c 64 20 42 6c 6f 6f 64 20 45 6e 74 68 
75 73 69 61 73 74 00 00 00 00 00 00 00 00 00 00 00 00 10 00 00 22 d4 6f 60 1c 00 c6 01 80 d1 d7 
09 00 58 0a 00 00 00 6c 08 0e e7 40 00 00 00 00 00 44 91 c0 00 00 00 00 a9 65 94 c0 c0 01 83 01 
02 a8 0d 32 02 b2 09 32 02 07 08 00 00 81 b5 02 00 00 02 03 0f 00 00 01 00 0c 57 02 9b cd ab 11 
8e 47 6f 6c 64 20 42 6c 6f 6f 64 20 45 6e 74 68 75 73 69 61 73 74 00 00 00 00 00 00 00 00 00 00 
00 00 10 00 00 22 d4 7b 60 1c 00 c6 01 80 c1 d9 09 00 58 00 00 00 78 c3 96 e6 40 00 00 00 00 00 
44 91 c0 00 00 00 80 f3 8d a9 c0 c0 01 82 02 a8 0d 32 02 b2 09 32 02 07 08 00 00 81 b5 02 00 00 
02 03 0d 00 00 01 00 08 69 95 43 00 80 14 a0 cd ab 02 09 00 00 00 00 40 a7 e3 40 00 00 00 00 00 
40 91 c0 00 00 00 00 00 9a c0 c0 00 00 00 00 f2 04 35 bf 00 00 00 00 f3 04 35 3f 07 00 00 00 00 
04 01 00 1a 0a 16 80 bc 56 00 ab 0a 00 24 b3 00 00 b4 00 21 00 00 00 01 00 00 00 00 16 80 bc 56 
00 ac 0a 00 24 b3 00 00 09 04 21 00 00 00 01 00 00 00 00 16 80 bc 56 00 ad 0a 00 24 b3 00 00 15 
04 02 00 00 00 01 00 00 00 00 16 80 bc 56 00 ae 0a 00 24 b3 00 00 b5 00 21 00 00 00 01 00 00 00 
00 16 80 bc 56 00 ed 0a 00 24 b3 00 00 89 02 02 00 00 00 00 00 00 00 00 16 80 bc 56 00 ee 0a 00 
24 b3 00 00 1a 04 01 00 00 00 00 00 00 00 00 16 80 bc 56 00 ef 0a 00 24 b3 00 00 b4 00 21 00 00 
00 00 00 00 00 00 16 80 bc 56 00 f0 0a 00 24 b3 00 00 09 04 21 00 00 00 00 00 00 00 00 16 80 bc 
56 00 f1 0a 00 24 b3 00 00 15 04 02 00 00 00 00 00 00 00 00 16 80 bc 56 00 f2 0a 00 24 b3 00 00 
b5 00 21 00 00 00 00 00 00 00 00 
.......!...f.-7G. ...*..............1G. ...................L..(.............I9G. .. R.....W.....
.Gold Blood Brother..................".._.........X....,.:.@.....D......Ma.........w...w........
..........W......Gold Blood Enthusiast...............".o`.........X....l...@.....D.......e......
...2...2..................W......Gold Blood Enthusiast...............".{`.........X...x...@.....
D................2...2..................i.C............@..@.....@................5.......5?.....
........V....$.....!...........V....$.....!...........V....$.................V....$.....!.......
....V....$.................V....$.................V....$.....!...........V....$.....!...........
V....$.................V....$.....!........

Client->GAME [13:04:38 07/15/09] packet size: 1 CRYPTED, Flags: 3f ServerSeq: 8 ClientSeq: 8
02 
.

Client->GAME [13:04:38 07/15/09] packet size: 63 CRYPTED, Flags: 3f ServerSeq: 8 ClientSeq: 9
02 04 01 00 07 03 12 80 c9 07 00 c0 0a 00 68 3f 47 00 c0 94 c4 00 00 7a c4 12 80 c9 0e 00 c0 0a 
00 68 3f 47 00 c0 94 c4 00 60 6a c6 12 80 c9 07 00 10 11 00 28 20 47 00 c0 94 c4 00 00 7a 44 
..............h?G......z.........h?G.....`j.........( G......zD

