Client->GAME [12:29:43 07/15/09] packet size: 25 CRYPTED, Flags: 7f ServerSeq: 523 ClientSeq: 854
02 04 01 00 2b 01 12 81 8e 07 00 00 00 03 00 00 00 11 00 00 00 03 00 00 00 
....+....................

GAME->Client [12:29:43 07/15/09] packet size: 21 CRYPTED, Flags: 7f ServerSeq: 588 ClientSeq: 772
02 03 03 00 02 0c 7f a1 e3 33 47 00 20 8a c4 c4 d9 37 c5 00 00 
.........3G. ....7...

Client->GAME [12:29:43 07/15/09] packet size: 1 CRYPTED, Flags: 7f ServerSeq: 524 ClientSeq: 855
02 
.

GAME->Client [12:29:43 07/15/09] packet size: 21 CRYPTED, Flags: 7f ServerSeq: 589 ClientSeq: 773
02 03 03 00 02 0c 89 a1 e3 33 47 00 20 8a c4 c4 d9 37 c5 00 00 
.........3G. ....7...

Client->GAME [12:29:43 07/15/09] packet size: 1 CRYPTED, Flags: 7f ServerSeq: 525 ClientSeq: 856
02 
.

GAME->Client [12:29:43 07/15/09] packet size: 696 CRYPTED, Flags: 7f ServerSeq: 590 ClientSeq: 775
02 04 01 01 9e 1e 16 80 bc 15 00 3d 00 00 f7 03 00 00 08 02 00 00 00 00 01 00 00 00 00 16 80 bc 
15 00 3e 00 00 f7 03 00 00 07 02 ec ff ff ff 01 00 00 00 00 16 80 bc 15 00 3f 00 00 f7 03 00 00 
50 04 00 00 00 00 01 00 00 00 00 16 80 bc 15 00 40 00 00 f7 03 00 00 f4 03 00 00 00 00 01 00 00 
00 00 16 80 bc 15 00 41 00 00 f7 03 00 00 51 04 f6 ff ff ff 01 00 00 00 00 16 80 bc 15 00 42 00 
00 f7 03 00 00 52 04 0f 00 00 00 01 00 00 00 00 16 80 bc 56 00 43 00 00 0a 95 00 00 06 04 02 00 
00 00 01 00 00 00 00 16 80 bc 56 00 44 00 00 0a 95 00 00 b4 00 11 00 00 00 01 00 00 00 00 16 80 
bc 56 00 45 00 00 0a 95 00 00 b5 00 11 00 00 00 01 00 00 00 00 16 80 bc 56 00 46 00 00 0a 95 00 
00 07 04 02 00 00 00 01 00 00 00 00 16 80 bc 56 00 47 00 00 8a b2 00 00 23 04 02 00 00 00 01 00 
00 00 00 16 80 bc 56 00 48 00 00 8a b2 00 00 21 04 01 00 00 00 01 00 00 00 00 16 80 bc 56 00 49 
00 00 8a b2 00 00 b4 00 1d 00 00 00 01 00 00 00 00 16 80 bc 56 00 4a 00 00 8a b2 00 00 09 04 1d 
00 00 00 01 00 00 00 00 16 80 bc 56 00 4b 00 00 8a b2 00 00 9d 00 1d 00 00 00 01 00 00 00 00 16 
80 bc 56 00 4c 00 00 8a b2 00 00 06 04 01 00 00 00 01 00 00 00 00 16 80 bc 56 00 4d 00 00 24 b3 
00 00 89 02 02 00 00 00 01 00 00 00 00 16 80 bc 56 00 4e 00 00 24 b3 00 00 1a 04 01 00 00 00 01 
00 00 00 00 16 80 bc 56 00 4f 00 00 24 b3 00 00 b4 00 21 00 00 00 01 00 00 00 00 16 80 bc 56 00 
50 00 00 24 b3 00 00 09 04 21 00 00 00 01 00 00 00 00 16 80 bc 56 00 51 00 00 24 b3 00 00 15 04 
02 00 00 00 01 00 00 00 00 16 80 bc 56 00 52 00 00 24 b3 00 00 b5 00 21 00 00 00 01 00 00 00 00 
16 80 bc 56 00 53 00 00 95 a7 00 00 b4 00 12 00 00 00 01 00 00 00 00 16 80 bc 56 00 54 00 00 95 
a7 00 00 b5 00 12 00 00 00 01 00 00 00 00 16 80 bc 56 00 55 00 00 95 a7 00 00 09 04 12 00 00 00 
01 00 00 00 00 16 80 bc 56 00 56 00 00 95 a7 00 00 70 00 0f 00 00 00 01 00 00 00 00 16 80 bc 56 
00 57 00 00 2c b3 00 00 17 04 01 00 00 00 01 00 00 00 00 16 80 bc 56 00 58 00 00 2c b3 00 00 b4 
00 21 00 00 00 01 00 00 00 00 16 80 bc 56 00 59 00 00 2c b3 00 00 09 04 21 00 00 00 01 00 00 00 
00 16 80 bc 56 00 5a 00 00 2c b3 00 00 12 04 02 00 00 00 01 00 00 00 00 
...........=......................>......................?......P...............@...............
.......A......Q...............B......R.............V.C....................V.D...................
.V.E....................V.F....................V.G......#.............V.H......!.............V.I
....................V.J....................V.K....................V.L....................V.M..$.
................V.N..$.................V.O..$.....!...........V.P..$.....!...........V.Q..$.....
............V.R..$.....!...........V.S....................V.T....................V.U............
........V.V......p.............V.W..,.................V.X..,.....!...........V.Y..,.....!.......
....V.Z..,..............

Client->GAME [12:29:43 07/15/09] packet size: 1 CRYPTED, Flags: 7f ServerSeq: 526 ClientSeq: 857
02 
.

GAME->Client [12:29:43 07/15/09] packet size: 696 CRYPTED, Flags: 7f ServerSeq: 591 ClientSeq: 776
02 04 01 01 bc 1e 16 80 bc 56 00 5b 00 00 2c b3 00 00 07 04 02 00 00 00 01 00 00 00 00 16 80 bc 
56 00 5c 00 00 2c b3 00 00 b5 00 21 00 00 00 01 00 00 00 00 16 80 bc 56 00 5d 00 00 c3 b2 00 00 
89 02 02 00 00 00 01 00 00 00 00 16 80 bc 56 00 5e 00 00 c3 b2 00 00 21 04 02 00 00 00 01 00 00 
00 00 16 80 bc 56 00 5f 00 00 c3 b2 00 00 b4 00 1f 00 00 00 01 00 00 00 00 16 80 bc 56 00 60 00 
00 c3 b2 00 00 09 04 1f 00 00 00 01 00 00 00 00 16 80 bc 56 00 61 00 00 c3 b2 00 00 1e 04 01 00 
00 00 01 00 00 00 00 16 80 bc 56 00 62 00 00 c3 b2 00 00 9d 00 1f 00 00 00 01 00 00 00 00 16 80 
bc 55 00 63 00 00 02 00 00 00 cc 00 0c 00 00 00 01 00 00 00 00 16 80 bc 55 00 64 00 00 0b 00 00 
00 37 02 96 00 00 00 01 00 00 00 00 16 80 bc 55 00 65 00 00 2d 00 00 00 23 04 0a 00 00 00 01 00 
00 00 00 16 80 bc 55 00 66 00 00 2d 00 00 00 20 04 0a 00 00 00 01 00 00 00 00 16 80 bc 55 00 67 
00 00 2d 00 00 00 19 04 05 00 00 00 01 00 00 00 00 16 80 bc 55 00 68 00 00 2d 00 00 00 42 04 05 
00 00 00 01 00 00 00 00 16 80 bc 55 00 69 00 00 34 00 00 00 83 02 c8 00 00 00 01 00 00 00 00 16 
80 bc 55 00 6a 00 00 4b 00 00 00 1f 04 19 00 00 00 01 00 00 00 00 16 80 bc 55 00 6b 00 00 5f 00 
00 00 7c 04 0f 00 00 00 01 00 00 00 00 16 80 bc 55 00 6c 00 00 5f 00 00 00 07 04 0f 00 00 00 01 
00 00 00 00 16 80 bc 55 00 6d 00 00 62 00 00 00 06 04 01 00 00 00 01 00 00 00 00 16 80 bc 55 00 
6e 00 00 62 00 00 00 15 04 01 00 00 00 01 00 00 00 00 16 80 bc 55 00 6f 00 00 5a 01 00 00 07 04 
05 00 00 00 01 00 00 00 00 16 80 bc 55 00 70 00 00 5a 01 00 00 1d 04 0f 00 00 00 01 00 00 00 00 
16 80 bc 55 00 71 00 00 64 01 00 00 1f 04 05 00 00 00 01 00 00 00 00 16 80 bc 55 00 72 00 00 66 
01 00 00 7b 04 05 00 00 00 01 00 00 00 00 16 80 bc 55 00 73 00 00 66 01 00 00 12 04 0a 00 00 00 
01 00 00 00 00 16 80 bc 55 00 74 00 00 66 01 00 00 06 04 0b 00 00 00 01 00 00 00 00 16 80 bc 55 
00 75 00 00 8e 01 00 00 03 04 05 00 00 00 01 00 00 00 00 16 80 bc 55 00 76 00 00 8e 01 00 00 12 
04 0f 00 00 00 01 00 00 00 00 16 80 bc 55 00 77 00 00 8e 01 00 00 77 04 05 00 00 00 01 00 00 00 
00 16 80 bc 55 00 78 00 00 cd 01 00 00 e5 03 05 00 00 00 01 00 00 00 00 
.........V.[..,.................V.\..,.....!...........V.]....................V.^......!........
.....V._....................V.`....................V.a....................V.b...................
.U.c....................U.d......7.............U.e..-...#.............U.f..-... .............U.g
..-.................U.h..-...B.............U.i..4.................U.j..K.................U.k.._.
..|.............U.l.._.................U.m..b.................U.n..b.................U.o..Z.....
............U.p..Z.................U.q..d.................U.r..f...{.............U.s..f.........
........U.t..f.................U.u....................U.v....................U.w......w.........
....U.x.................

Client->GAME [12:29:43 07/15/09] packet size: 1 CRYPTED, Flags: 7f ServerSeq: 527 ClientSeq: 858
02 
.

GAME->Client [12:29:43 07/15/09] packet size: 697 CRYPTED, Flags: 7f ServerSeq: 592 ClientSeq: 777
02 04 02 01 da 03 16 80 bc 55 00 79 00 00 cd 01 00 00 73 04 05 00 00 00 01 00 00 00 00 16 80 bc 
55 00 7a 00 00 cd 01 00 00 e3 03 0f 00 00 00 01 00 00 00 00 16 80 bc 55 00 7b 00 00 d5 01 00 00 
e3 03 05 00 00 00 01 00 00 00 00 01 dd 1e 16 80 bc 55 00 7c 00 00 36 02 00 00 37 02 0a 00 00 00 
01 00 00 00 00 16 80 bc 55 00 7d 00 00 74 02 00 00 34 02 1e 00 00 00 01 00 00 00 00 16 80 bc 15 
00 7e 00 00 11 00 00 00 ab 00 0d 00 00 00 01 00 00 00 00 16 80 bc 15 00 7f 00 00 11 00 00 00 0a 
02 4d 00 00 00 01 00 00 00 00 16 80 bc 15 00 80 00 00 11 00 00 00 f2 03 34 00 00 00 01 00 00 00 
00 16 80 bc 15 00 81 00 00 11 00 00 00 ed 03 4d 00 00 00 01 00 00 00 00 16 80 bc 15 00 82 00 00 
11 00 00 00 9f 00 19 00 00 00 01 00 00 00 00 16 80 bc 15 00 83 00 00 11 00 00 00 f1 03 34 00 00 
00 01 00 00 00 00 16 80 bc 15 00 84 00 00 11 00 00 00 0c 02 34 00 00 00 01 00 00 00 00 16 80 bc 
15 00 85 00 00 11 00 00 00 b7 00 4d 00 00 00 01 00 00 00 00 16 80 bc 15 00 86 00 00 11 00 00 00 
f3 03 46 00 00 00 01 00 00 00 00 16 80 bc 11 00 87 00 00 00 00 00 00 cb 02 00 00 00 00 01 00 00 
00 00 16 80 bc 19 00 88 00 00 d9 00 00 00 70 02 00 00 00 00 01 00 00 00 00 0b 80 bd 01 d9 00 04 
00 00 f0 41 01 06 80 c1 00 00 c8 00 16 80 bc 1d 00 89 00 00 70 02 00 00 00 00 00 00 00 00 01 00 
00 00 00 0b 80 bd 05 d9 00 00 00 00 00 00 00 16 80 bc 15 00 8a 00 00 4b 04 00 00 f1 03 34 00 00 
00 01 00 00 00 00 0b 80 bd 01 d9 00 04 00 00 f0 41 00 0b 80 bd 05 11 00 00 00 00 00 00 00 16 80 
bc 15 00 8b 00 00 11 00 00 00 ab 00 0c 00 00 00 00 00 00 00 00 16 80 bc 15 00 8c 00 00 11 00 00 
00 0a 02 4b 00 00 00 00 00 00 00 00 16 80 bc 15 00 8d 00 00 11 00 00 00 f2 03 31 00 00 00 00 00 
00 00 00 16 80 bc 15 00 8e 00 00 11 00 00 00 ed 03 4b 00 00 00 00 00 00 00 00 16 80 bc 15 00 8f 
00 00 11 00 00 00 9f 00 19 00 00 00 00 00 00 00 00 16 80 bc 15 00 90 00 00 11 00 00 00 f1 03 31 
00 00 00 00 00 00 00 00 16 80 bc 15 00 91 00 00 11 00 00 00 0c 02 34 00 00 00 00 00 00 00 00 16 
80 bc 15 00 92 00 00 11 00 00 00 b7 00 46 00 00 00 00 00 00 00 00 16 80 bc 15 00 93 00 00 11 00 
00 00 f3 03 46 00 00 00 00 00 00 00 00 0b 80 bd 05 11 00 00 00 00 00 00 01 
.........U.y......s.............U.z....................U.{.......................U.|..6...7.....
........U.}..t...4...............~...............................M......................4.......
...............M.............................................4......................4...........
...........M......................F...........................................p.................
...A................p..................................K.....4..................A...............
...................................K......................1......................K..............
...............................1......................4......................F..................
....F....................

Client->GAME [12:29:43 07/15/09] packet size: 1 CRYPTED, Flags: 7f ServerSeq: 512 ClientSeq: 859
02 
.

GAME->Client [12:29:43 07/15/09] packet size: 400 CRYPTED, Flags: 7f ServerSeq: 593 ClientSeq: 778
82 8c b1 fa 48 04 01 01 fb 17 16 80 bc 15 00 8b 00 00 11 00 00 00 ab 00 0c 00 00 00 01 00 00 00 
00 16 80 bc 15 00 8c 00 00 11 00 00 00 0a 02 4b 00 00 00 01 00 00 00 00 16 80 bc 15 00 8d 00 00 
11 00 00 00 f2 03 31 00 00 00 01 00 00 00 00 16 80 bc 15 00 8e 00 00 11 00 00 00 ed 03 4b 00 00 
00 01 00 00 00 00 16 80 bc 15 00 8f 00 00 11 00 00 00 9f 00 19 00 00 00 01 00 00 00 00 16 80 bc 
15 00 90 00 00 11 00 00 00 f1 03 31 00 00 00 01 00 00 00 00 16 80 bc 15 00 91 00 00 11 00 00 00 
0c 02 34 00 00 00 01 00 00 00 00 16 80 bc 15 00 92 00 00 11 00 00 00 b7 00 46 00 00 00 01 00 00 
00 00 16 80 bc 15 00 93 00 00 11 00 00 00 f3 03 46 00 00 00 01 00 00 00 00 0b 80 bd 05 11 00 00 
00 00 00 00 00 04 80 b3 11 00 16 80 bc 45 03 11 00 00 02 00 00 00 11 00 32 00 00 00 01 00 00 00 
00 04 80 b3 35 04 16 80 bc 45 03 35 04 00 62 00 00 00 35 04 00 00 00 00 01 00 00 00 00 04 80 b3 
3d 04 16 80 bc 45 03 3d 04 00 43 00 00 00 3d 04 00 00 00 00 01 00 00 00 00 04 80 b3 3e 04 16 80 
bc 45 03 3e 04 00 4f 01 00 00 3e 04 00 00 00 00 01 00 00 00 00 04 80 b3 3f 04 16 80 bc 45 03 3f 
04 00 64 01 00 00 3f 04 00 00 00 00 01 00 00 00 00 04 80 b3 40 04 16 80 bc 45 03 40 04 00 d5 01 
00 00 40 04 00 00 00 00 01 00 00 00 00 02 81 07 
....H..........................................K......................1......................K..
...........................................1......................4......................F......
................F............................E..........2...........5....E.5..b...5.............
=....E.=..C...=.............>....E.>..O...>.............?....E.?..d...?.............@....E.@....
..@.............

Client->GAME [12:29:43 07/15/09] packet size: 13 CRYPTED, Flags: 7f ServerSeq: 513 ClientSeq: 860
02 04 01 00 2c 01 06 81 08 00 00 00 00 
....,........

GAME->Client [12:29:44 07/15/09] packet size: 1 CRYPTED, Flags: 7f ServerSeq: 594 ClientSeq: 780
02 
.

GAME->Client [12:29:44 07/15/09] packet size: 1 CRYPTED, Flags: 7f ServerSeq: 595 ClientSeq: 780
42 
B

Client->GAME [12:29:44 07/15/09] packet size: 1 CRYPTED, Flags: 7f ServerSeq: 515 ClientSeq: 861
42 
B

GAME->Client [12:29:44 07/15/09] packet size: 1 CRYPTED, Flags: 7f ServerSeq: 596 ClientSeq: 780
42 
B

GAME->Client [12:29:44 07/15/09] packet size: 1 CRYPTED, Flags: 7f ServerSeq: 597 ClientSeq: 780
42 
B

Client->GAME [12:29:44 07/15/09] packet size: 13 CRYPTED, Flags: 0 ServerSeq: 0 ClientSeq: 1
22 04 01 00 00 01 06 81 51 00 00 00 00 
".......Q....

GAME->Client [12:29:45 07/15/09] packet size: 72 CRYPTED, Flags: 1 ServerSeq: 2 ClientSeq: 1
02 04 01 00 03 01 41 81 67 17 00 27 00 1c 22 00 c6 01 11 00 00 00 00 00 00 00 37 00 00 08 0e 00 
41 66 74 65 72 57 68 6f 72 75 4e 65 6f 00 0e 00 41 66 74 65 72 57 68 6f 72 75 4e 65 6f 00 02 00 
4b 00 00 00 00 00 00 00 
......A.g..'.."...........7.....AfterWhoruNeo...AfterWhoruNeo...K.......

Client->GAME [12:29:45 07/15/09] packet size: 1 CRYPTED, Flags: 2 ServerSeq: 2 ClientSeq: 2
02 
.

GAME->Client [12:29:45 07/15/09] packet size: 138 CRYPTED, Flags: 3 ServerSeq: 3 ClientSeq: 2
02 04 01 00 00 03 6d 06 0e 00 03 00 00 00 b2 b1 fa 48 01 42 00 32 00 72 65 73 6f 75 72 63 65 2f 
77 6f 72 6c 64 73 2f 66 69 6e 61 6c 5f 77 6f 72 6c 64 2f 69 6e 74 65 72 6e 61 74 69 6f 6e 61 6c 
2f 69 74 2e 6d 65 74 72 00 29 00 48 61 6c 6c 6f 77 65 65 6e 5f 45 76 65 6e 74 2c 57 69 6e 74 65 
72 33 50 6c 75 73 48 61 6c 6c 6f 77 65 65 6e 54 53 45 43 00 0a 80 e5 e7 cb c0 12 00 00 00 00 0a 
80 e4 bc 58 7a 00 00 00 00 00 
......m..........H.B.2.resource/worlds/final_world/international/it.metr.).Halloween_Event,Winte
r3PlusHalloweenTSEC................Xz.....

GAME->Client [12:29:47 07/15/09] packet size: 138 CRYPTED, Flags: 3 ServerSeq: 4 ClientSeq: 2
02 04 01 00 00 03 6d 06 0e 00 03 00 00 00 b2 b1 fa 48 01 42 00 32 00 72 65 73 6f 75 72 63 65 2f 
77 6f 72 6c 64 73 2f 66 69 6e 61 6c 5f 77 6f 72 6c 64 2f 69 6e 74 65 72 6e 61 74 69 6f 6e 61 6c 
2f 69 74 2e 6d 65 74 72 00 29 00 48 61 6c 6c 6f 77 65 65 6e 5f 45 76 65 6e 74 2c 57 69 6e 74 65 
72 33 50 6c 75 73 48 61 6c 6c 6f 77 65 65 6e 54 53 45 43 00 0a 80 e5 e7 cb c0 12 00 00 00 00 0a 
80 e4 bc 58 7a 00 00 00 00 00 
......m..........H.B.2.resource/worlds/final_world/international/it.metr.).Halloween_Event,Winte
r3PlusHalloweenTSEC................Xz.....

Client->GAME [12:29:47 07/15/09] packet size: 6 CRYPTED, Flags: a ServerSeq: 4 ClientSeq: 3
02 05 02 0c 00 00 
......

GAME->Client [12:29:47 07/15/09] packet size: 5 CRYPTED, Flags: 7 ServerSeq: 5 ClientSeq: 3
82 0d b2 fa 48 
....H

Client->GAME [12:29:50 07/15/09] packet size: 8 CRYPTED, Flags: a ServerSeq: 4 ClientSeq: 4
02 04 01 00 01 01 01 05 
........

Client->GAME [12:29:50 07/15/09] packet size: 1 CRYPTED, Flags: 15 ServerSeq: 5 ClientSeq: 5
02 
.

Client->GAME [12:29:51 07/15/09] packet size: 8 CRYPTED, Flags: 15 ServerSeq: 5 ClientSeq: 6
02 04 01 00 01 01 01 05 
........

Client->GAME [12:29:52 07/15/09] packet size: 12
00 00 00 00 00 01 04 08 5b 38 b7 00 
........[8..

Client->GAME [12:29:53 07/15/09] packet size: 8 CRYPTED, Flags: 15 ServerSeq: 5 ClientSeq: 7
02 04 01 00 01 01 01 05 
........

Client->GAME [12:29:54 07/15/09] packet size: 8 CRYPTED, Flags: 15 ServerSeq: 5 ClientSeq: 8
02 04 01 00 01 01 01 05 
........

Client->GAME [12:29:55 07/15/09] packet size: 8 CRYPTED, Flags: 15 ServerSeq: 5 ClientSeq: 9
02 04 01 00 01 01 01 05 
........

Client->GAME [12:29:56 07/15/09] packet size: 8 CRYPTED, Flags: 15 ServerSeq: 5 ClientSeq: 10
02 04 01 00 01 01 01 05 
........

Client->GAME [12:29:57 07/15/09] packet size: 6 CRYPTED, Flags: 15 ServerSeq: 5 ClientSeq: 11
02 05 02 0c 00 00 
......

Client->GAME [12:29:58 07/15/09] packet size: 8 CRYPTED, Flags: 15 ServerSeq: 5 ClientSeq: 12
02 04 01 00 01 01 01 05 
........

Client->GAME [12:29:59 07/15/09] packet size: 8 CRYPTED, Flags: 15 ServerSeq: 5 ClientSeq: 13
02 04 01 00 01 01 01 05 
........

Client->GAME [12:30:00 07/15/09] packet size: 8 CRYPTED, Flags: 15 ServerSeq: 5 ClientSeq: 14
02 04 01 00 01 01 01 05 
........

Client->GAME [12:30:02 07/15/09] packet size: 8 CRYPTED, Flags: 15 ServerSeq: 5 ClientSeq: 15
02 04 01 00 01 01 01 05 
........

Client->GAME [12:30:03 07/15/09] packet size: 8 CRYPTED, Flags: 15 ServerSeq: 5 ClientSeq: 16
02 04 01 00 01 01 01 05 
........

Client->GAME [12:30:04 07/15/09] packet size: 8 CRYPTED, Flags: 15 ServerSeq: 5 ClientSeq: 17
02 04 01 00 01 01 01 05 
........

Client->GAME [12:30:05 07/15/09] packet size: 8 CRYPTED, Flags: 15 ServerSeq: 5 ClientSeq: 18
02 04 01 00 01 01 01 05 
........

Client->GAME [12:30:07 07/15/09] packet size: 8 CRYPTED, Flags: 15 ServerSeq: 5 ClientSeq: 19
02 04 01 00 01 01 01 05 
........

Client->GAME [12:30:07 07/15/09] packet size: 6 CRYPTED, Flags: 15 ServerSeq: 5 ClientSeq: 20
02 05 02 0c 00 00 
......

