Client->GAME [13:10:39 07/15/09] packet size: 25 CRYPTED, Flags: 7f ServerSeq: 1034 ClientSeq: 1290
02 04 01 00 23 01 12 81 8e 0c 00 00 00 03 00 00 00 08 00 00 00 03 00 00 00 
....#....................

GAME->Client [13:10:39 07/15/09] packet size: 357 CRYPTED, Flags: 7f ServerSeq: 1275 ClientSeq: 1288
82 9f e4 fb 48 03 1d 00 06 0c 8c be 15 68 46 00 00 be 42 93 1f fa 46 ff 00 00 00 10 00 00 00 00 
00 01 ff 00 00 00 00 00 00 00 00 00 00 00 00 00 00 00 00 00 00 00 00 00 00 00 00 00 00 03 ff 00 
00 00 00 00 00 00 00 8a 02 00 00 00 00 18 00 00 00 00 00 00 ff 00 00 00 00 00 00 00 00 00 00 00 
00 00 00 00 00 00 00 00 00 00 00 00 00 00 00 00 00 00 00 01 00 8a 02 ff 00 00 00 00 00 00 00 00 
ec 1a 00 00 4c 0a 00 28 ff 04 00 00 00 00 00 00 00 00 00 00 00 dd 09 00 58 37 08 00 00 1f 07 08 
00 00 00 00 00 00 22 00 00 00 00 00 04 00 02 0c a7 ea 16 ab 45 00 00 be 42 d8 da 01 47 03 00 06 
0c 20 00 ac 0a 46 00 00 be 42 00 c5 ee 46 ff 00 00 00 10 00 00 00 00 00 01 ff 00 00 00 00 00 00 
00 00 00 00 00 00 00 00 00 00 00 00 00 00 00 00 00 00 00 00 02 ff 00 00 00 00 00 00 00 00 cf 03 
00 00 00 00 18 00 00 00 00 00 00 ff 00 00 00 00 00 00 00 00 00 00 00 00 00 00 00 00 00 00 00 00 
00 00 00 00 00 00 00 00 00 00 01 00 cf 03 ff 00 00 00 00 00 00 00 00 c7 09 00 00 4c 0a 00 28 ff 
04 00 00 00 00 00 00 00 00 00 00 00 de 09 00 58 37 08 00 00 1f 07 08 00 00 00 00 00 00 22 00 00 
00 00 00 00 00 
....H........hF...B...F.........................................................................
....................................L..(................X7............".............E...B...G...
. ...F...B...F..................................................................................
...........................L..(................X7............".......

Client->GAME [13:10:39 07/15/09] packet size: 1 CRYPTED, Flags: 7f ServerSeq: 1035 ClientSeq: 1291
02 
.

GAME->Client [13:10:40 07/15/09] packet size: 353 CRYPTED, Flags: 7f ServerSeq: 1276 ClientSeq: 1289
02 03 1d 00 06 0c 82 be 15 68 46 00 00 be 42 93 1f fa 46 ff 00 00 00 10 00 00 00 00 00 01 ff 00 
00 00 00 00 00 00 00 00 00 00 00 00 00 00 00 00 00 00 00 00 00 00 00 00 00 03 ff 00 00 00 00 00 
00 00 00 8a 02 00 00 00 00 18 00 00 00 00 00 00 ff 00 00 00 00 00 00 00 00 00 00 00 00 00 00 00 
00 00 00 00 00 00 00 00 00 00 00 00 00 00 00 01 00 8a 02 ff 00 00 00 00 00 00 00 00 ec 1a 00 00 
4c 0a 00 28 ff 04 00 00 00 00 00 00 00 00 00 00 00 dd 09 00 58 37 08 00 00 1f 07 08 00 00 00 00 
00 00 22 00 00 00 00 00 04 00 02 0c b1 ea 16 ab 45 00 00 be 42 d8 da 01 47 03 00 06 0c 16 00 ac 
0a 46 00 00 be 42 00 c5 ee 46 ff 00 00 00 10 00 00 00 00 00 01 ff 00 00 00 00 00 00 00 00 00 00 
00 00 00 00 00 00 00 00 00 00 00 00 00 00 00 00 02 ff 00 00 00 00 00 00 00 00 cf 03 00 00 00 00 
18 00 00 00 00 00 00 ff 00 00 00 00 00 00 00 00 00 00 00 00 00 00 00 00 00 00 00 00 00 00 00 00 
00 00 00 00 00 00 01 00 cf 03 ff 00 00 00 00 00 00 00 00 c7 09 00 00 4c 0a 00 28 ff 04 00 00 00 
00 00 00 00 00 00 00 00 de 09 00 58 37 08 00 00 1f 07 08 00 00 00 00 00 00 22 00 00 00 00 00 00 
00 
.........hF...B...F.............................................................................
................................L..(................X7............".............E...B...G.......
.F...B...F......................................................................................
.......................L..(................X7............".......

Client->GAME [13:10:40 07/15/09] packet size: 1 CRYPTED, Flags: 7f ServerSeq: 1036 ClientSeq: 1292
02 
.

GAME->Client [13:10:40 07/15/09] packet size: 696 CRYPTED, Flags: 7f ServerSeq: 1277 ClientSeq: 1291
02 04 01 01 29 1e 16 80 bc 15 00 da 0b 00 f7 03 00 00 08 02 00 00 00 00 01 00 00 00 00 16 80 bc 
15 00 db 0b 00 f7 03 00 00 07 02 ec ff ff ff 01 00 00 00 00 16 80 bc 15 00 dc 0b 00 f7 03 00 00 
50 04 00 00 00 00 01 00 00 00 00 16 80 bc 15 00 dd 0b 00 f7 03 00 00 f4 03 00 00 00 00 01 00 00 
00 00 16 80 bc 15 00 de 0b 00 f7 03 00 00 51 04 f6 ff ff ff 01 00 00 00 00 16 80 bc 15 00 df 0b 
00 f7 03 00 00 52 04 0f 00 00 00 01 00 00 00 00 16 80 bc 11 00 e0 0b 00 00 00 00 00 cb 02 00 00 
00 00 01 00 00 00 00 16 80 bc 56 00 25 0c 00 0a 95 00 00 06 04 02 00 00 00 01 00 00 00 00 16 80 
bc 56 00 26 0c 00 0a 95 00 00 b4 00 11 00 00 00 01 00 00 00 00 16 80 bc 56 00 27 0c 00 0a 95 00 
00 b5 00 11 00 00 00 01 00 00 00 00 16 80 bc 56 00 28 0c 00 0a 95 00 00 07 04 02 00 00 00 01 00 
00 00 00 16 80 bc 56 00 29 0c 00 8a b2 00 00 23 04 02 00 00 00 01 00 00 00 00 16 80 bc 56 00 2a 
0c 00 8a b2 00 00 21 04 01 00 00 00 01 00 00 00 00 16 80 bc 56 00 2b 0c 00 8a b2 00 00 b4 00 1d 
00 00 00 01 00 00 00 00 16 80 bc 56 00 2c 0c 00 8a b2 00 00 09 04 1d 00 00 00 01 00 00 00 00 16 
80 bc 56 00 2d 0c 00 8a b2 00 00 9d 00 1d 00 00 00 01 00 00 00 00 16 80 bc 56 00 2e 0c 00 8a b2 
00 00 06 04 01 00 00 00 01 00 00 00 00 16 80 bc 56 00 2f 0c 00 24 b3 00 00 89 02 02 00 00 00 01 
00 00 00 00 16 80 bc 56 00 30 0c 00 24 b3 00 00 1a 04 01 00 00 00 01 00 00 00 00 16 80 bc 56 00 
31 0c 00 24 b3 00 00 b4 00 21 00 00 00 01 00 00 00 00 16 80 bc 56 00 32 0c 00 24 b3 00 00 09 04 
21 00 00 00 01 00 00 00 00 16 80 bc 56 00 33 0c 00 24 b3 00 00 15 04 02 00 00 00 01 00 00 00 00 
16 80 bc 56 00 34 0c 00 24 b3 00 00 b5 00 21 00 00 00 01 00 00 00 00 16 80 bc 56 00 35 0c 00 95 
a7 00 00 b4 00 12 00 00 00 01 00 00 00 00 16 80 bc 56 00 36 0c 00 95 a7 00 00 b5 00 12 00 00 00 
01 00 00 00 00 16 80 bc 56 00 37 0c 00 95 a7 00 00 09 04 12 00 00 00 01 00 00 00 00 16 80 bc 56 
00 38 0c 00 95 a7 00 00 70 00 0f 00 00 00 01 00 00 00 00 16 80 bc 56 00 39 0c 00 2c b3 00 00 17 
04 01 00 00 00 01 00 00 00 00 16 80 bc 56 00 3a 0c 00 2c b3 00 00 b4 00 21 00 00 00 01 00 00 00 
00 16 80 bc 56 00 3b 0c 00 2c b3 00 00 09 04 21 00 00 00 01 00 00 00 00 
....)...........................................................P...............................
..............Q......................R....................................V.%...................
.V.&....................V.'....................V.(....................V.)......#.............V.*
......!.............V.+....................V.,....................V.-....................V......
................V./..$.................V.0..$.................V.1..$.....!...........V.2..$.....
!...........V.3..$.................V.4..$.....!...........V.5....................V.6............
........V.7....................V.8......p.............V.9..,.................V.:..,.....!.......
....V.;..,.....!........

Client->GAME [13:10:40 07/15/09] packet size: 1 CRYPTED, Flags: 7f ServerSeq: 1037 ClientSeq: 1293
02 
.

GAME->Client [13:10:40 07/15/09] packet size: 696 CRYPTED, Flags: 7f ServerSeq: 1278 ClientSeq: 1292
02 04 01 01 47 1e 16 80 bc 56 00 3c 0c 00 2c b3 00 00 12 04 02 00 00 00 01 00 00 00 00 16 80 bc 
56 00 3d 0c 00 2c b3 00 00 07 04 02 00 00 00 01 00 00 00 00 16 80 bc 56 00 3e 0c 00 2c b3 00 00 
b5 00 21 00 00 00 01 00 00 00 00 16 80 bc 56 00 3f 0c 00 c3 b2 00 00 89 02 02 00 00 00 01 00 00 
00 00 16 80 bc 56 00 40 0c 00 c3 b2 00 00 21 04 02 00 00 00 01 00 00 00 00 16 80 bc 56 00 41 0c 
00 c3 b2 00 00 b4 00 1f 00 00 00 01 00 00 00 00 16 80 bc 56 00 42 0c 00 c3 b2 00 00 09 04 1f 00 
00 00 01 00 00 00 00 16 80 bc 56 00 43 0c 00 c3 b2 00 00 1e 04 01 00 00 00 01 00 00 00 00 16 80 
bc 56 00 44 0c 00 c3 b2 00 00 9d 00 1f 00 00 00 01 00 00 00 00 16 80 bc 55 00 4e 0c 00 02 00 00 
00 cc 00 0c 00 00 00 01 00 00 00 00 16 80 bc 55 00 58 0c 00 0b 00 00 00 37 02 96 00 00 00 01 00 
00 00 00 16 80 bc 55 00 59 0c 00 2d 00 00 00 23 04 0a 00 00 00 01 00 00 00 00 16 80 bc 55 00 5a 
0c 00 2d 00 00 00 20 04 0a 00 00 00 01 00 00 00 00 16 80 bc 55 00 5b 0c 00 2d 00 00 00 19 04 05 
00 00 00 01 00 00 00 00 16 80 bc 55 00 5c 0c 00 2d 00 00 00 42 04 05 00 00 00 01 00 00 00 00 16 
80 bc 55 00 5d 0c 00 34 00 00 00 83 02 c8 00 00 00 01 00 00 00 00 16 80 bc 55 00 5e 0c 00 4b 00 
00 00 1f 04 19 00 00 00 01 00 00 00 00 16 80 bc 55 00 5f 0c 00 5f 00 00 00 7c 04 0f 00 00 00 01 
00 00 00 00 16 80 bc 55 00 60 0c 00 5f 00 00 00 07 04 0f 00 00 00 01 00 00 00 00 16 80 bc 55 00 
61 0c 00 62 00 00 00 06 04 01 00 00 00 01 00 00 00 00 16 80 bc 55 00 62 0c 00 62 00 00 00 15 04 
01 00 00 00 01 00 00 00 00 16 80 bc 55 00 63 0c 00 5a 01 00 00 07 04 05 00 00 00 01 00 00 00 00 
16 80 bc 55 00 64 0c 00 5a 01 00 00 1d 04 0f 00 00 00 01 00 00 00 00 16 80 bc 55 00 65 0c 00 64 
01 00 00 1f 04 05 00 00 00 01 00 00 00 00 16 80 bc 55 00 66 0c 00 66 01 00 00 7b 04 05 00 00 00 
01 00 00 00 00 16 80 bc 55 00 67 0c 00 66 01 00 00 12 04 0a 00 00 00 01 00 00 00 00 16 80 bc 55 
00 68 0c 00 66 01 00 00 06 04 0b 00 00 00 01 00 00 00 00 16 80 bc 55 00 69 0c 00 8e 01 00 00 03 
04 05 00 00 00 01 00 00 00 00 16 80 bc 55 00 6a 0c 00 8e 01 00 00 12 04 0f 00 00 00 01 00 00 00 
00 16 80 bc 55 00 6b 0c 00 8e 01 00 00 77 04 05 00 00 00 01 00 00 00 00 
....G....V.<..,.................V.=..,.................V.>..,.....!...........V.?...............
.....V.@......!.............V.A....................V.B....................V.C...................
.V.D....................U.N....................U.X......7.............U.Y..-...#.............U.Z
..-... .............U.[..-.................U.\..-...B.............U.]..4.................U.^..K.
................U._.._...|.............U.`.._.................U.a..b.................U.b..b.....
............U.c..Z.................U.d..Z.................U.e..d.................U.f..f...{.....
........U.g..f.................U.h..f.................U.i....................U.j................
....U.k......w..........

Client->GAME [13:10:40 07/15/09] packet size: 1 CRYPTED, Flags: 7f ServerSeq: 1038 ClientSeq: 1294
02 
.

GAME->Client [13:10:40 07/15/09] packet size: 700 CRYPTED, Flags: 7f ServerSeq: 1279 ClientSeq: 1293
02 04 02 01 65 03 16 80 bc 55 00 6c 0c 00 cd 01 00 00 e5 03 05 00 00 00 01 00 00 00 00 16 80 bc 
55 00 6d 0c 00 cd 01 00 00 73 04 05 00 00 00 01 00 00 00 00 16 80 bc 55 00 6e 0c 00 cd 01 00 00 
e3 03 0f 00 00 00 01 00 00 00 00 01 68 1c 16 80 bc 55 00 6f 0c 00 d5 01 00 00 e3 03 05 00 00 00 
01 00 00 00 00 16 80 bc 55 00 70 0c 00 36 02 00 00 37 02 0a 00 00 00 01 00 00 00 00 16 80 bc 55 
00 71 0c 00 74 02 00 00 34 02 1e 00 00 00 01 00 00 00 00 16 80 bc 15 00 72 0c 00 11 00 00 00 ab 
00 0d 00 00 00 01 00 00 00 00 16 80 bc 15 00 73 0c 00 11 00 00 00 0a 02 4d 00 00 00 01 00 00 00 
00 16 80 bc 15 00 74 0c 00 11 00 00 00 f2 03 34 00 00 00 01 00 00 00 00 16 80 bc 15 00 75 0c 00 
11 00 00 00 ed 03 4d 00 00 00 01 00 00 00 00 16 80 bc 15 00 76 0c 00 11 00 00 00 9f 00 19 00 00 
00 01 00 00 00 00 16 80 bc 15 00 77 0c 00 11 00 00 00 f1 03 34 00 00 00 01 00 00 00 00 16 80 bc 
15 00 78 0c 00 11 00 00 00 0c 02 34 00 00 00 01 00 00 00 00 16 80 bc 15 00 79 0c 00 11 00 00 00 
b7 00 4d 00 00 00 01 00 00 00 00 16 80 bc 15 00 7a 0c 00 11 00 00 00 f3 03 46 00 00 00 01 00 00 
00 00 0b 80 bd 05 11 00 00 00 00 00 00 00 16 80 bc 15 00 7b 0c 00 11 00 00 00 ab 00 0c 00 00 00 
00 00 00 00 00 16 80 bc 15 00 7c 0c 00 11 00 00 00 0a 02 4b 00 00 00 00 00 00 00 00 16 80 bc 15 
00 7d 0c 00 11 00 00 00 f2 03 31 00 00 00 00 00 00 00 00 16 80 bc 15 00 7e 0c 00 11 00 00 00 ed 
03 4b 00 00 00 00 00 00 00 00 16 80 bc 15 00 7f 0c 00 11 00 00 00 9f 00 19 00 00 00 00 00 00 00 
00 16 80 bc 15 00 80 0c 00 11 00 00 00 f1 03 31 00 00 00 00 00 00 00 00 16 80 bc 15 00 81 0c 00 
11 00 00 00 0c 02 34 00 00 00 00 00 00 00 00 16 80 bc 15 00 82 0c 00 11 00 00 00 b7 00 46 00 00 
00 00 00 00 00 00 16 80 bc 15 00 83 0c 00 11 00 00 00 f3 03 46 00 00 00 00 00 00 00 00 0b 80 bd 
05 11 00 00 00 00 00 00 01 16 80 bc 15 00 7b 0c 00 11 00 00 00 ab 00 0c 00 00 00 01 00 00 00 00 
16 80 bc 15 00 7c 0c 00 11 00 00 00 0a 02 4b 00 00 00 01 00 00 00 00 16 80 bc 15 00 7d 0c 00 11 
00 00 00 f2 03 31 00 00 00 01 00 00 00 00 16 80 bc 15 00 7e 0c 00 11 00 00 00 ed 03 4b 00 00 00 
01 00 00 00 00 16 80 bc 15 00 7f 0c 00 11 00 00 00 9f 00 19 00 00 00 01 00 00 00 00 
....e....U.l....................U.m......s.............U.n..................h....U.o............
........U.p..6...7.............U.q..t...4...............r......................s........M.......
......t........4.............u........M.............v......................w........4...........
..x........4.............y........M.............z........F.........................{............
..........|........K.............}........1.............~........K..............................
...............1......................4......................F......................F...........
..............{......................|........K.............}........1.............~........K...
............................

Client->GAME [13:10:40 07/15/09] packet size: 1 CRYPTED, Flags: 7f ServerSeq: 1039 ClientSeq: 1295
02 
.

GAME->Client [13:10:40 07/15/09] packet size: 269 CRYPTED, Flags: 7f ServerSeq: 1280 ClientSeq: 1294
02 04 01 01 84 11 16 80 bc 15 00 80 0c 00 11 00 00 00 f1 03 31 00 00 00 01 00 00 00 00 16 80 bc 
15 00 81 0c 00 11 00 00 00 0c 02 34 00 00 00 01 00 00 00 00 16 80 bc 15 00 82 0c 00 11 00 00 00 
b7 00 46 00 00 00 01 00 00 00 00 16 80 bc 15 00 83 0c 00 11 00 00 00 f3 03 46 00 00 00 01 00 00 
00 00 04 80 b3 11 00 16 80 bc 45 03 11 00 00 02 00 00 00 11 00 32 00 00 00 01 00 00 00 00 04 80 
b3 35 04 16 80 bc 45 03 35 04 00 62 00 00 00 35 04 00 00 00 00 01 00 00 00 00 04 80 b3 3d 04 16 
80 bc 45 03 3d 04 00 43 00 00 00 3d 04 00 00 00 00 01 00 00 00 00 04 80 b3 3e 04 16 80 bc 45 03 
3e 04 00 4f 01 00 00 3e 04 00 00 00 00 01 00 00 00 00 04 80 b3 3f 04 16 80 bc 45 03 3f 04 00 64 
01 00 00 3f 04 00 00 00 00 01 00 00 00 00 04 80 b3 40 04 16 80 bc 45 03 40 04 00 d5 01 00 00 40 
04 00 00 00 00 01 00 00 00 00 02 81 07 
....................1......................4......................F......................F......
..........E..........2...........5....E.5..b...5.............=....E.=..C...=.............>....E.
>..O...>.............?....E.?..d...?.............@....E.@......@.............

Client->GAME [13:10:40 07/15/09] packet size: 13 CRYPTED, Flags: 7f ServerSeq: 1280 ClientSeq: 1296
02 04 01 00 24 01 06 81 08 00 00 00 00 
....$........

GAME->Client [13:10:40 07/15/09] packet size: 1 CRYPTED, Flags: 7f ServerSeq: 1281 ClientSeq: 1280
02 
.

GAME->Client [13:10:41 07/15/09] packet size: 1 CRYPTED, Flags: 7f ServerSeq: 1282 ClientSeq: 1280
42 
B

GAME->Client [13:10:41 07/15/09] packet size: 5 CRYPTED, Flags: 7f ServerSeq: 1283 ClientSeq: 1280
c2 d4 e4 fb 48 
....H

Client->GAME [13:10:42 07/15/09] packet size: 1 CRYPTED, Flags: 7f ServerSeq: 1283 ClientSeq: 1297
02 
.

GAME->Client [13:10:42 07/15/09] packet size: 1 CRYPTED, Flags: 7f ServerSeq: 1284 ClientSeq: 1280
42 
B

Client->GAME [13:10:42 07/15/09] packet size: 1 CRYPTED, Flags: 7f ServerSeq: 1284 ClientSeq: 1298
42 
B

GAME->Client [13:10:42 07/15/09] packet size: 1 CRYPTED, Flags: 7f ServerSeq: 1285 ClientSeq: 1281
42 
B

GAME->Client [13:10:42 07/15/09] packet size: 1 CRYPTED, Flags: 7f ServerSeq: 1286 ClientSeq: 1282
42 
B

Client->GAME [13:10:42 07/15/09] packet size: 13 CRYPTED, Flags: 0 ServerSeq: 0 ClientSeq: 1
22 04 01 00 00 01 06 81 51 00 00 00 00 
".......Q....

GAME->Client [13:10:43 07/15/09] packet size: 72 CRYPTED, Flags: 1 ServerSeq: 2 ClientSeq: 1
02 04 01 00 03 01 41 81 67 17 00 27 00 1c 22 00 c6 01 11 00 00 00 00 00 00 00 37 00 00 08 0e 00 
41 66 74 65 72 57 68 6f 72 75 4e 65 6f 00 0e 00 41 66 74 65 72 57 68 6f 72 75 4e 65 6f 00 02 00 
4b 00 00 00 00 00 00 00 
......A.g..'.."...........7.....AfterWhoruNeo...AfterWhoruNeo...K.......

Client->GAME [13:10:43 07/15/09] packet size: 1 CRYPTED, Flags: 2 ServerSeq: 2 ClientSeq: 2
02 
.

GAME->Client [13:10:43 07/15/09] packet size: 138 CRYPTED, Flags: 3 ServerSeq: 3 ClientSeq: 2
02 04 01 00 00 03 6d 06 0e 00 03 00 00 00 e2 e4 fb 48 01 42 00 32 00 72 65 73 6f 75 72 63 65 2f 
77 6f 72 6c 64 73 2f 66 69 6e 61 6c 5f 77 6f 72 6c 64 2f 69 6e 74 65 72 6e 61 74 69 6f 6e 61 6c 
2f 69 74 2e 6d 65 74 72 00 29 00 48 61 6c 6c 6f 77 65 65 6e 5f 45 76 65 6e 74 2c 57 69 6e 74 65 
72 33 50 6c 75 73 48 61 6c 6c 6f 77 65 65 6e 54 53 45 43 00 0a 80 e5 e7 cb c0 12 00 00 00 00 0a 
80 e4 bc 58 7a 00 00 00 00 00 
......m..........H.B.2.resource/worlds/final_world/international/it.metr.).Halloween_Event,Winte
r3PlusHalloweenTSEC................Xz.....

Client->GAME [13:10:43 07/15/09] packet size: 6 CRYPTED, Flags: 5 ServerSeq: 3 ClientSeq: 3
02 05 02 0c 00 00 
......

GAME->Client [13:10:44 07/15/09] packet size: 1 CRYPTED, Flags: 7 ServerSeq: 4 ClientSeq: 3
02 
.

Client->GAME [13:10:46 07/15/09] packet size: 8 CRYPTED, Flags: 5 ServerSeq: 3 ClientSeq: 4
02 04 01 00 01 01 01 05 
........

GAME->Client [13:10:47 07/15/09] packet size: 223 CRYPTED, Flags: f ServerSeq: 5 ClientSeq: 4
82 71 e5 fb 48 03 01 00 0c 0c 00 19 cd ab 1c 8b 81 ff 71 02 00 00 41 6e 64 65 72 73 6f 6e 00 00 
00 00 00 00 00 00 00 00 00 00 00 00 00 00 00 00 00 00 00 00 00 00 90 54 68 6f 6d 61 73 00 00 00 
00 00 00 00 00 00 00 00 00 00 00 00 00 00 00 00 00 00 00 00 00 00 00 80 d8 28 0a 0c 00 00 00 01 
8e 81 ff f7 00 31 5e 00 00 c6 67 00 41 66 74 65 72 57 68 6f 72 75 4e 65 6f 00 00 00 00 00 00 00 
00 00 00 00 00 00 00 00 00 00 00 00 28 0a fd 64 01 00 00 67 00 75 d4 01 00 4b b1 00 00 00 00 73 
1a e9 88 80 60 04 00 02 8e 00 00 00 f7 00 9d 00 00 00 00 00 95 d5 c0 00 00 00 00 00 c0 57 40 00 
00 00 00 80 ab df 40 81 ff 32 22 80 89 4d b7 bc 1e 40 1c 01 11 00 00 00 67 00 02 00 00 00 00 
.q..H.............q...Anderson.........................Thomas............................(......
.....1^...g.AfterWhoruNeo...................(..d...g.u...K.....s....`........................W@.
......@..2"..M...@......g......

Client->GAME [13:10:48 07/15/09] packet size: 74 CRYPTED, Flags: 17 ServerSeq: 5 ClientSeq: 5
02 03 02 00 02 60 08 41 6e 64 65 72 73 6f 6e 06 54 68 6f 6d 61 73 00 00 04 01 00 02 06 12 80 c9 
07 00 80 03 00 d0 84 c6 00 00 20 41 00 d0 84 46 02 80 be 07 3f 4e 00 10 00 00 00 08 3e 6b 00 10 
00 00 00 00 02 81 48 02 0c 01 
.....`.Anderson.Thomas.................... A...F....?N......>k........H...

GAME->Client [13:10:48 07/15/09] packet size: 711 CRYPTED, Flags: 1f ServerSeq: 6 ClientSeq: 5
02 03 01 00 0c 57 02 1a cd ab 12 8e 42 6c 61 63 6b 20 54 69 67 65 72 20 53 74 72 65 65 74 20 46 
69 67 68 74 65 72 00 00 00 00 00 00 00 10 00 00 22 d4 62 f0 1b 00 c6 01 80 d1 cc 09 00 58 0a 00 
00 00 68 d1 7a d9 c0 00 00 00 00 00 c0 57 40 00 00 00 50 bc be dc 40 c0 01 83 01 02 a8 15 5e 03 
b2 09 5e 03 07 08 00 00 80 02 05 17 00 00 01 00 0c 57 02 16 cd ab 13 8e 4a 61 64 65 20 4d 6f 6f 
6e 20 52 75 6e 6e 65 72 00 00 00 00 00 00 00 00 00 00 00 00 00 00 00 00 00 10 00 00 22 d4 c2 13 
1c 00 c6 01 80 d1 dd 09 00 58 0a 00 00 00 22 88 1c d6 c0 00 00 00 00 00 5e a0 40 00 00 00 82 b3 
f2 e0 40 c0 01 83 01 03 a8 15 3f 02 b2 09 3f 02 07 08 00 00 81 ec 1a 00 00 02 05 15 00 00 01 00 
08 69 09 7e 00 20 03 24 cd ab 02 05 00 00 00 00 80 8a d3 c0 00 00 00 00 00 04 a3 40 00 00 00 00 
80 8d e0 40 00 00 00 00 16 ef c3 3e 00 00 00 00 5e 83 6c 3f 13 00 00 01 00 0c 57 02 1b cd ab 13 
8e 4a 61 64 65 20 4d 6f 6f 6e 20 45 6e 66 6f 72 63 65 72 00 00 00 00 00 00 00 00 00 00 00 00 00 
00 00 10 00 00 22 d5 01 2e 14 1c 00 c6 01 80 c3 de 09 00 58 4c 0a 00 28 00 00 80 b5 d1 ea da c0 
00 00 00 00 00 c0 57 40 00 00 c0 59 44 7e df 40 c0 01 82 02 a8 15 5e 03 b2 09 5e 03 07 08 00 00 
81 ec 1a 00 00 02 05 11 00 00 01 00 08 50 02 11 02 80 11 16 cd ab 02 09 00 00 00 00 00 ae d5 c0 
00 00 00 00 00 40 60 40 00 00 00 00 80 ab df 40 00 00 00 00 f2 04 35 3f 00 00 00 00 f3 04 35 3f 
07 00 00 00 00 04 01 00 04 0b 16 80 bc 56 00 82 0c 00 0a 95 00 00 06 04 02 00 00 00 01 00 00 00 
00 16 80 bc 56 00 83 0c 00 0a 95 00 00 b4 00 11 00 00 00 01 00 00 00 00 16 80 bc 56 00 84 0c 00 
0a 95 00 00 b5 00 11 00 00 00 01 00 00 00 00 16 80 bc 56 00 85 0c 00 0a 95 00 00 07 04 02 00 00 
00 01 00 00 00 00 16 80 bc 56 00 c6 0c 00 0a 95 00 00 06 04 02 00 00 00 00 00 00 00 00 16 80 bc 
56 00 c7 0c 00 0a 95 00 00 b4 00 11 00 00 00 00 00 00 00 00 16 80 bc 56 00 c8 0c 00 0a 95 00 00 
b5 00 11 00 00 00 00 00 00 00 00 16 80 bc 56 00 c9 0c 00 0a 95 00 00 07 04 02 00 00 00 00 00 00 
00 00 16 80 bc 56 00 86 0c 00 8a b2 00 00 23 04 02 00 00 00 01 00 00 00 00 16 80 bc 56 00 87 0c 
00 8a b2 00 00 21 04 01 00 00 00 01 00 00 00 00 16 80 bc 56 00 88 0c 00 8a b2 00 00 b4 00 1d 00 
00 00 01 00 00 00 00 
.....W......Black Tiger Street Fighter..........".b..........X....h.z........W@...P...@.......^.
..^..............W......Jade Moon Runner...................."............X....".........^.@.....
..@.......?...?..................i.~. .$...................@.......@.......>....^.l?......W.....
.Jade Moon Enforcer..................".............XL..(..............W@...YD~.@......^...^.....
.............P.......................@`@.......@......5?......5?.............V..................
....V......................V......................V......................V......................
V......................V......................V......................V........#.............V...
.....!.............V...................

Client->GAME [13:10:48 07/15/09] packet size: 1 CRYPTED, Flags: 2f ServerSeq: 6 ClientSeq: 6
02 
.

GAME->Client [13:10:48 07/15/09] packet size: 729 CRYPTED, Flags: 1f ServerSeq: 7 ClientSeq: 5
82 9c e5 fb 48 03 01 00 02 14 00 17 00 02 0e 00 5e dc c7 cb c6 00 00 be 42 dd e4 e5 46 01 00 02 
13 00 15 00 02 0c c3 5f 13 b1 c6 00 f0 02 45 59 97 07 47 01 00 0c 57 02 17 cd ab 13 8e 4a 61 64 
65 20 4d 6f 6f 6e 20 45 6e 66 6f 72 63 65 72 00 00 00 00 00 00 00 00 00 00 00 00 00 00 00 10 00 
00 22 d4 d4 14 1c 00 c6 01 80 d1 df 09 00 58 0a 00 00 00 92 ed 27 d6 c0 00 00 00 00 00 5e a0 40 
00 00 00 0a 40 1d e1 40 c0 01 83 01 02 a8 15 5e 03 b2 09 5e 03 07 08 00 00 81 ec 1a 00 00 02 05 
0f 00 00 01 00 0c 57 02 18 cd ab 13 8e 4a 61 64 65 20 4d 6f 6f 6e 20 52 75 6e 6e 65 72 00 00 00 
00 00 00 00 00 00 00 00 00 00 00 00 00 00 10 00 00 22 d4 a4 13 1c 00 c6 01 80 d1 dc 09 00 58 0a 
00 00 00 8e 5d 95 d5 c0 00 00 00 00 00 5e a0 40 00 00 00 ca 96 c7 e0 40 c0 01 83 01 03 a8 15 3f 
02 b2 09 3f 02 07 08 00 00 81 ec 1a 00 00 02 05 0d 00 00 01 00 0c 57 02 1c cd ab 11 8e 4a 61 64 
65 20 4d 6f 6f 6e 20 52 75 6e 6e 65 72 00 00 00 00 00 00 00 00 00 00 00 00 00 00 00 00 00 10 00 
00 22 d4 36 13 1c 00 c6 01 80 c1 dd 09 00 58 00 00 00 66 32 c2 da c0 00 00 00 00 00 c0 57 40 00 
00 00 b1 ae e9 df 40 c0 01 82 03 a8 15 3f 02 b2 09 3f 02 07 08 00 00 81 ec 1a 00 00 02 05 0b 00 
00 01 00 0c 57 02 15 cd ab 11 8e 42 6c 61 63 6b 20 54 69 67 65 72 20 53 74 72 65 65 74 20 42 6f 
73 73 00 00 00 00 00 00 00 00 00 00 10 00 00 22 d4 6e f1 1b 00 c6 01 80 c1 cd 09 00 58 00 00 00 
74 0b 0e d7 c0 00 00 00 00 00 c0 57 40 00 00 00 30 40 be da 40 c0 01 83 05 01 a8 15 7e 04 b2 04 
7e 04 07 08 00 00 80 02 05 09 00 00 00 00 04 01 00 0f 0a 16 80 bc 56 00 89 0c 00 8a b2 00 00 09 
04 1d 00 00 00 01 00 00 00 00 16 80 bc 56 00 8a 0c 00 8a b2 00 00 9d 00 1d 00 00 00 01 00 00 00 
00 16 80 bc 56 00 8b 0c 00 8a b2 00 00 06 04 01 00 00 00 01 00 00 00 00 16 80 bc 56 00 ca 0c 00 
8a b2 00 00 23 04 02 00 00 00 00 00 00 00 00 16 80 bc 56 00 cb 0c 00 8a b2 00 00 21 04 01 00 00 
00 00 00 00 00 00 16 80 bc 56 00 cc 0c 00 8a b2 00 00 b4 00 1d 00 00 00 00 00 00 00 00 16 80 bc 
56 00 cd 0c 00 8a b2 00 00 09 04 1d 00 00 00 00 00 00 00 00 16 80 bc 56 00 ce 0c 00 8a b2 00 00 
9d 00 1d 00 00 00 00 00 00 00 00 16 80 bc 56 00 cf 0c 00 8a b2 00 00 06 04 01 00 00 00 00 00 00 
00 00 16 80 bc 56 00 8c 0c 00 24 b3 00 00 89 02 02 00 00 00 01 00 00 00 00 
....H...........^.......B...F.........._......EY..G...W......Jade Moon Enforcer.................
."............X......'.......^.@....@..@.......^...^..................W......Jade Moon Runner...
................."............X.....]........^.@.......@.......?...?..................W......Jad
e Moon Runner....................".6..........X...f2.........W@.......@......?...?..............
....W......Black Tiger Street Boss.............".n..........X...t..........W@...0@..@.......~...
~.....................V......................V......................V......................V....
....#.............V........!.............V......................V......................V........
..............V......................V....$..............

Client->GAME [13:10:48 07/15/09] packet size: 1 CRYPTED, Flags: 5f ServerSeq: 7 ClientSeq: 7
02 
.

GAME->Client [13:10:48 07/15/09] packet size: 719 CRYPTED, Flags: 3f ServerSeq: 8 ClientSeq: 6
02 03 01 00 02 14 00 09 00 02 0e 00 63 5c 70 b8 c6 00 00 be 42 02 f2 d5 46 01 00 0c 57 02 1d cd 
ab 11 8e 4a 61 64 65 20 4d 6f 6f 6e 20 52 75 6e 6e 65 72 00 00 00 00 00 00 00 00 00 00 00 00 00 
00 00 00 00 10 00 00 22 d4 09 13 1c 00 c6 01 80 c1 dd 09 00 58 00 00 00 e4 52 74 db c0 00 00 00 
00 00 c0 57 40 00 00 80 3c ba 12 e0 40 c0 01 82 03 a8 15 3f 02 b2 09 3f 02 07 08 00 00 81 ec 1a 
00 00 02 05 05 00 00 01 00 0c 57 02 14 cd ab 0f 8e 42 6c 61 63 6b 20 54 69 67 65 72 20 53 74 72 
65 65 74 20 46 69 67 68 74 65 72 00 00 00 00 00 00 00 10 00 00 22 d0 f0 1b 00 c6 01 80 c1 cc 09 
00 58 00 00 00 90 28 9c d6 c0 00 00 00 00 00 c0 57 40 00 00 00 00 c0 51 db 40 c0 01 82 02 a8 15 
5e 03 b2 09 5e 03 07 08 00 00 80 02 05 03 00 00 17 00 02 0e 00 5e dc c7 cb c6 00 00 be 42 dd e4 
e5 46 15 00 02 0c c2 f1 45 b1 c6 00 f0 02 45 97 98 07 47 00 00 04 01 00 19 13 16 80 bc 56 00 8d 
0c 00 24 b3 00 00 1a 04 01 00 00 00 01 00 00 00 00 16 80 bc 56 00 8e 0c 00 24 b3 00 00 b4 00 21 
00 00 00 01 00 00 00 00 16 80 bc 56 00 8f 0c 00 24 b3 00 00 09 04 21 00 00 00 01 00 00 00 00 16 
80 bc 56 00 90 0c 00 24 b3 00 00 15 04 02 00 00 00 01 00 00 00 00 16 80 bc 56 00 91 0c 00 24 b3 
00 00 b5 00 21 00 00 00 01 00 00 00 00 16 80 bc 56 00 d0 0c 00 24 b3 00 00 89 02 02 00 00 00 00 
00 00 00 00 16 80 bc 56 00 d1 0c 00 24 b3 00 00 1a 04 01 00 00 00 00 00 00 00 00 16 80 bc 56 00 
d2 0c 00 24 b3 00 00 b4 00 21 00 00 00 00 00 00 00 00 16 80 bc 56 00 d3 0c 00 24 b3 00 00 09 04 
21 00 00 00 00 00 00 00 00 16 80 bc 56 00 d4 0c 00 24 b3 00 00 15 04 02 00 00 00 00 00 00 00 00 
16 80 bc 56 00 d5 0c 00 24 b3 00 00 b5 00 21 00 00 00 00 00 00 00 00 16 80 bc 56 00 92 0c 00 95 
a7 00 00 b4 00 12 00 00 00 01 00 00 00 00 16 80 bc 56 00 93 0c 00 95 a7 00 00 b5 00 12 00 00 00 
01 00 00 00 00 16 80 bc 56 00 94 0c 00 95 a7 00 00 09 04 12 00 00 00 01 00 00 00 00 16 80 bc 56 
00 95 0c 00 95 a7 00 00 70 00 0f 00 00 00 01 00 00 00 00 16 80 bc 56 00 d6 0c 00 95 a7 00 00 b4 
00 12 00 00 00 00 00 00 00 00 16 80 bc 56 00 d7 0c 00 95 a7 00 00 b5 00 12 00 00 00 00 00 00 00 
00 16 80 bc 56 00 d8 0c 00 95 a7 00 00 09 04 12 00 00 00 00 00 00 00 00 16 80 bc 56 00 d9 0c 00 
95 a7 00 00 70 00 0f 00 00 00 00 00 00 00 00 
............c\p.....B...F...W......Jade Moon Runner...................."............X....Rt.....
...W@...<...@......?...?..................W......Black Tiger Street Fighter.........."..........
.X....(.........W@.....Q.@......^...^................^.......B...F......E.....E...G..........V..
..$.................V....$.....!...........V....$.....!...........V....$.................V....$.
....!...........V....$.................V....$.................V....$.....!...........V....$.....
!...........V....$.................V....$.....!...........V......................V..............
........V......................V........p.............V......................V..................
....V......................V........p..........

Client->GAME [13:10:48 07/15/09] packet size: 1 CRYPTED, Flags: 3f ServerSeq: 8 ClientSeq: 8
02 
.

GAME->Client [13:10:48 07/15/09] packet size: 708 CRYPTED, Flags: 7f ServerSeq: 9 ClientSeq: 7
02 03 01 00 02 14 00 05 00 02 0e 00 09 97 a2 db c6 00 00 be 42 d2 95 00 47 15 00 02 0c c3 d2 72 
b1 c6 00 f0 02 45 3f 9a 07 47 0f 00 02 0c d5 f5 92 b1 c6 00 f0 02 45 44 01 09 47 09 00 02 0e 00 
59 5c 70 b8 c6 00 00 be 42 02 f2 d5 46 00 00 04 02 00 2c 17 16 80 bc 56 00 96 0c 00 2c b3 00 00 
17 04 01 00 00 00 01 00 00 00 00 16 80 bc 56 00 97 0c 00 2c b3 00 00 b4 00 21 00 00 00 01 00 00 
00 00 16 80 bc 56 00 98 0c 00 2c b3 00 00 09 04 21 00 00 00 01 00 00 00 00 16 80 bc 56 00 99 0c 
00 2c b3 00 00 12 04 02 00 00 00 01 00 00 00 00 16 80 bc 56 00 9a 0c 00 2c b3 00 00 07 04 02 00 
00 00 01 00 00 00 00 16 80 bc 56 00 9b 0c 00 2c b3 00 00 b5 00 21 00 00 00 01 00 00 00 00 16 80 
bc 56 00 da 0c 00 2c b3 00 00 17 04 01 00 00 00 00 00 00 00 00 16 80 bc 56 00 db 0c 00 2c b3 00 
00 b4 00 21 00 00 00 00 00 00 00 00 16 80 bc 56 00 dc 0c 00 2c b3 00 00 09 04 21 00 00 00 00 00 
00 00 00 16 80 bc 56 00 dd 0c 00 2c b3 00 00 12 04 02 00 00 00 00 00 00 00 00 16 80 bc 56 00 de 
0c 00 2c b3 00 00 07 04 02 00 00 00 00 00 00 00 00 16 80 bc 56 00 df 0c 00 2c b3 00 00 b5 00 21 
00 00 00 00 00 00 00 00 16 80 bc 56 00 9c 0c 00 c3 b2 00 00 89 02 02 00 00 00 01 00 00 00 00 16 
80 bc 56 00 9d 0c 00 c3 b2 00 00 21 04 02 00 00 00 01 00 00 00 00 16 80 bc 56 00 9e 0c 00 c3 b2 
00 00 b4 00 1f 00 00 00 01 00 00 00 00 16 80 bc 56 00 9f 0c 00 c3 b2 00 00 09 04 1f 00 00 00 01 
00 00 00 00 16 80 bc 56 00 a0 0c 00 c3 b2 00 00 1e 04 01 00 00 00 01 00 00 00 00 16 80 bc 56 00 
a1 0c 00 c3 b2 00 00 9d 00 1f 00 00 00 01 00 00 00 00 16 80 bc 56 00 e0 0c 00 c3 b2 00 00 89 02 
02 00 00 00 00 00 00 00 00 16 80 bc 56 00 e1 0c 00 c3 b2 00 00 21 04 02 00 00 00 00 00 00 00 00 
16 80 bc 56 00 e2 0c 00 c3 b2 00 00 b4 00 1f 00 00 00 00 00 00 00 00 16 80 bc 56 00 e3 0c 00 c3 
b2 00 00 09 04 1f 00 00 00 00 00 00 00 00 16 80 bc 56 00 e4 0c 00 c3 b2 00 00 1e 04 01 00 00 00 
00 00 00 00 00 00 43 04 16 80 bc 56 00 e5 0c 00 c3 b2 00 00 9d 00 1f 00 00 00 00 00 00 00 00 16 
80 bc 15 00 bd 0c 00 11 00 00 00 ab 00 0d 00 00 00 01 00 00 00 00 16 80 bc 15 00 be 0c 00 11 00 
00 00 0a 02 4d 00 00 00 01 00 00 00 00 16 80 bc 15 00 bf 0c 00 11 00 00 00 f2 03 34 00 00 00 01 
00 00 00 00 
....................B...G......r.....E?..G............ED..G.....Y\p.....B...F.....,....V....,...
..............V....,.....!...........V....,.....!...........V....,.................V....,.......
..........V....,.....!...........V....,.................V....,.....!...........V....,.....!.....
......V....,.................V....,.................V....,.....!...........V....................
..V........!.............V......................V......................V......................V.
.....................V......................V........!.............V......................V.....
.................V....................C....V....................................................
....M......................4........

Client->GAME [13:10:49 07/15/09] packet size: 1 CRYPTED, Flags: 7f ServerSeq: 9 ClientSeq: 9
02 
.

GAME->Client [13:10:49 07/15/09] packet size: 701 CRYPTED, Flags: 7f ServerSeq: 10 ClientSeq: 8
02 03 0d 00 02 08 fa 1b ad c6 00 f0 02 45 52 0e 06 47 09 00 02 0c 55 5c 70 b8 c6 00 00 be 42 02 
f2 d5 46 00 00 04 01 00 47 1f 16 80 bc 15 00 c0 0c 00 11 00 00 00 ed 03 4d 00 00 00 01 00 00 00 
00 16 80 bc 15 00 c1 0c 00 11 00 00 00 9f 00 19 00 00 00 01 00 00 00 00 16 80 bc 15 00 c2 0c 00 
11 00 00 00 f1 03 34 00 00 00 01 00 00 00 00 16 80 bc 15 00 c3 0c 00 11 00 00 00 0c 02 34 00 00 
00 01 00 00 00 00 16 80 bc 15 00 c4 0c 00 11 00 00 00 b7 00 4d 00 00 00 01 00 00 00 00 16 80 bc 
15 00 c5 0c 00 11 00 00 00 f3 03 46 00 00 00 01 00 00 00 00 0b 80 bd 05 11 00 00 00 00 00 00 00 
16 80 bc 15 00 e6 0c 00 11 00 00 00 ab 00 0d 00 00 00 00 00 00 00 00 16 80 bc 15 00 e7 0c 00 11 
00 00 00 0a 02 4d 00 00 00 00 00 00 00 00 16 80 bc 15 00 e8 0c 00 11 00 00 00 f2 03 34 00 00 00 
00 00 00 00 00 16 80 bc 15 00 e9 0c 00 11 00 00 00 ed 03 4d 00 00 00 00 00 00 00 00 16 80 bc 15 
00 ea 0c 00 11 00 00 00 9f 00 19 00 00 00 00 00 00 00 00 16 80 bc 15 00 eb 0c 00 11 00 00 00 f1 
03 34 00 00 00 00 00 00 00 00 16 80 bc 15 00 ec 0c 00 11 00 00 00 0c 02 34 00 00 00 00 00 00 00 
00 16 80 bc 15 00 ed 0c 00 11 00 00 00 b7 00 4d 00 00 00 00 00 00 00 00 16 80 bc 15 00 ee 0c 00 
11 00 00 00 f3 03 46 00 00 00 00 00 00 00 00 0b 80 bd 05 11 00 00 00 00 00 00 01 16 80 bc 15 00 
e6 0c 00 11 00 00 00 ab 00 0d 00 00 00 01 00 00 00 00 16 80 bc 15 00 e7 0c 00 11 00 00 00 0a 02 
4d 00 00 00 01 00 00 00 00 16 80 bc 15 00 e8 0c 00 11 00 00 00 f2 03 34 00 00 00 01 00 00 00 00 
16 80 bc 15 00 e9 0c 00 11 00 00 00 ed 03 4d 00 00 00 01 00 00 00 00 16 80 bc 15 00 ea 0c 00 11 
00 00 00 9f 00 19 00 00 00 01 00 00 00 00 16 80 bc 15 00 eb 0c 00 11 00 00 00 f1 03 34 00 00 00 
01 00 00 00 00 16 80 bc 15 00 ec 0c 00 11 00 00 00 0c 02 34 00 00 00 01 00 00 00 00 16 80 bc 15 
00 ed 0c 00 11 00 00 00 b7 00 4d 00 00 00 01 00 00 00 00 16 80 bc 15 00 ee 0c 00 11 00 00 00 f3 
03 46 00 00 00 01 00 00 00 00 04 80 b3 11 00 16 80 bc 45 03 11 00 00 02 00 00 00 11 00 32 00 00 
00 01 00 00 00 00 16 80 bc 55 00 a2 0c 00 02 00 00 00 cc 00 0c 00 00 00 01 00 00 00 00 08 80 b2 
11 00 32 00 08 02 16 80 bc 45 03 11 00 00 02 00 00 00 11 00 32 00 00 00 00 00 00 00 00 
.............ER..G....U\p.....B...F.....G...............M.......................................
......4......................4......................M......................F....................
.....................................M......................4......................M............
.................................4......................4......................M................
......F.........................................................M......................4........
..............M.............................................4......................4............
..........M......................F................E..........2...........U......................
..2......E..........2........

Client->GAME [13:10:49 07/15/09] packet size: 1 CRYPTED, Flags: 7f ServerSeq: 10 ClientSeq: 10
02 
.

GAME->Client [13:10:49 07/15/09] packet size: 699 CRYPTED, Flags: 7f ServerSeq: 11 ClientSeq: 9
02 03 15 00 02 08 7b d2 b1 c6 00 f0 02 45 26 9d 07 47 0f 00 02 08 c7 e6 b1 c6 00 f0 02 45 4b 18 
09 47 00 00 04 01 00 66 1e 16 80 bc 55 00 ef 0c 00 02 00 00 00 cc 00 0c 00 00 00 00 00 00 00 00 
16 80 bc 15 00 f0 0c 00 11 00 00 00 ab 00 0d 00 00 00 00 00 00 00 00 16 80 bc 15 00 f1 0c 00 11 
00 00 00 0a 02 4d 00 00 00 00 00 00 00 00 16 80 bc 15 00 f2 0c 00 11 00 00 00 f2 03 34 00 00 00 
00 00 00 00 00 16 80 bc 15 00 f3 0c 00 11 00 00 00 ed 03 4d 00 00 00 00 00 00 00 00 16 80 bc 15 
00 f4 0c 00 11 00 00 00 9f 00 19 00 00 00 00 00 00 00 00 16 80 bc 15 00 f5 0c 00 11 00 00 00 f1 
03 34 00 00 00 00 00 00 00 00 16 80 bc 15 00 f6 0c 00 11 00 00 00 0c 02 34 00 00 00 00 00 00 00 
00 16 80 bc 15 00 f7 0c 00 11 00 00 00 b7 00 4d 00 00 00 00 00 00 00 00 16 80 bc 15 00 f8 0c 00 
11 00 00 00 f3 03 46 00 00 00 00 00 00 00 00 16 80 bc 55 00 a3 0c 00 0b 00 00 00 37 02 96 00 00 
00 01 00 00 00 00 16 80 bc 55 00 f9 0c 00 0b 00 00 00 37 02 96 00 00 00 00 00 00 00 00 16 80 bc 
55 00 a4 0c 00 2d 00 00 00 23 04 0a 00 00 00 01 00 00 00 00 16 80 bc 55 00 a5 0c 00 2d 00 00 00 
20 04 0a 00 00 00 01 00 00 00 00 16 80 bc 55 00 a6 0c 00 2d 00 00 00 19 04 05 00 00 00 01 00 00 
00 00 16 80 bc 55 00 a7 0c 00 2d 00 00 00 42 04 05 00 00 00 01 00 00 00 00 16 80 bc 55 00 fa 0c 
00 2d 00 00 00 23 04 0a 00 00 00 00 00 00 00 00 16 80 bc 55 00 fb 0c 00 2d 00 00 00 20 04 0a 00 
00 00 00 00 00 00 00 16 80 bc 55 00 fc 0c 00 2d 00 00 00 19 04 05 00 00 00 00 00 00 00 00 16 80 
bc 55 00 fd 0c 00 2d 00 00 00 42 04 05 00 00 00 00 00 00 00 00 16 80 bc 55 00 a8 0c 00 34 00 00 
00 83 02 c8 00 00 00 01 00 00 00 00 16 80 bc 55 00 fe 0c 00 34 00 00 00 83 02 c8 00 00 00 00 00 
00 00 00 04 80 b3 3d 04 16 80 bc 45 03 3d 04 00 43 00 00 00 3d 04 00 00 00 00 01 00 00 00 00 08 
80 b2 3d 04 00 00 08 02 16 80 bc 45 03 3d 04 00 43 00 00 00 3d 04 00 00 00 00 00 00 00 00 00 16 
80 bc 55 00 a9 0c 00 4b 00 00 00 1f 04 19 00 00 00 01 00 00 00 00 16 80 bc 55 00 ff 0c 00 4b 00 
00 00 1f 04 19 00 00 00 00 00 00 00 00 16 80 bc 55 00 aa 0c 00 5f 00 00 00 7c 04 0f 00 00 00 01 
00 00 00 00 16 80 bc 55 00 ab 0c 00 5f 00 00 00 07 04 0f 00 00 00 01 00 00 00 00 
......{......E&..G...........EK..G.....f....U...................................................
.....M......................4......................M............................................
.4......................4......................M......................F...........U........7....
.........U........7.............U....-...#.............U....-... .............U....-............
.....U....-...B.............U....-...#.............U....-... .............U....-................
.U....-...B.............U....4.................U....4.................=....E.=..C...=...........
..=........E.=..C...=.............U....K.................U....K.................U...._...|......
.......U...._..............

Client->GAME [13:10:49 07/15/09] packet size: 1 CRYPTED, Flags: 7f ServerSeq: 11 ClientSeq: 11
02 
.

GAME->Client [13:10:49 07/15/09] packet size: 695 CRYPTED, Flags: 7f ServerSeq: 12 ClientSeq: 10
02 04 02 00 84 02 16 80 bc 55 00 00 0d 00 5f 00 00 00 7c 04 0f 00 00 00 00 00 00 00 00 16 80 bc 
55 00 01 0d 00 5f 00 00 00 07 04 0f 00 00 00 00 00 00 00 00 00 86 20 16 80 bc 55 00 ac 0c 00 62 
00 00 00 06 04 01 00 00 00 01 00 00 00 00 04 80 b3 35 04 16 80 bc 45 03 35 04 00 62 00 00 00 35 
04 00 00 00 00 01 00 00 00 00 16 80 bc 55 00 ad 0c 00 62 00 00 00 15 04 01 00 00 00 01 00 00 00 
00 16 80 bc 55 00 02 0d 00 62 00 00 00 06 04 01 00 00 00 00 00 00 00 00 08 80 b2 35 04 00 00 08 
02 16 80 bc 45 03 35 04 00 62 00 00 00 35 04 00 00 00 00 00 00 00 00 00 16 80 bc 55 00 03 0d 00 
62 00 00 00 15 04 01 00 00 00 00 00 00 00 00 04 80 b3 3e 04 16 80 bc 45 03 3e 04 00 4f 01 00 00 
3e 04 00 00 00 00 01 00 00 00 00 08 80 b2 3e 04 00 00 08 02 16 80 bc 45 03 3e 04 00 4f 01 00 00 
3e 04 00 00 00 00 00 00 00 00 00 16 80 bc 55 00 ae 0c 00 5a 01 00 00 07 04 05 00 00 00 01 00 00 
00 00 16 80 bc 55 00 af 0c 00 5a 01 00 00 1d 04 0f 00 00 00 01 00 00 00 00 16 80 bc 55 00 04 0d 
00 5a 01 00 00 07 04 05 00 00 00 00 00 00 00 00 16 80 bc 55 00 05 0d 00 5a 01 00 00 1d 04 0f 00 
00 00 00 00 00 00 00 04 80 b3 3f 04 16 80 bc 45 03 3f 04 00 64 01 00 00 3f 04 00 00 00 00 01 00 
00 00 00 16 80 bc 55 00 b0 0c 00 64 01 00 00 1f 04 05 00 00 00 01 00 00 00 00 08 80 b2 3f 04 00 
00 08 02 16 80 bc 45 03 3f 04 00 64 01 00 00 3f 04 00 00 00 00 00 00 00 00 00 16 80 bc 55 00 06 
0d 00 64 01 00 00 1f 04 05 00 00 00 00 00 00 00 00 16 80 bc 55 00 b1 0c 00 66 01 00 00 7b 04 05 
00 00 00 01 00 00 00 00 16 80 bc 55 00 b2 0c 00 66 01 00 00 12 04 0a 00 00 00 01 00 00 00 00 16 
80 bc 55 00 b3 0c 00 66 01 00 00 06 04 0b 00 00 00 01 00 00 00 00 16 80 bc 55 00 07 0d 00 66 01 
00 00 7b 04 05 00 00 00 00 00 00 00 00 16 80 bc 55 00 08 0d 00 66 01 00 00 12 04 0a 00 00 00 00 
00 00 00 00 16 80 bc 55 00 09 0d 00 66 01 00 00 06 04 0b 00 00 00 00 00 00 00 00 16 80 bc 55 00 
b4 0c 00 8e 01 00 00 03 04 05 00 00 00 01 00 00 00 00 16 80 bc 55 00 b5 0c 00 8e 01 00 00 12 04 
0f 00 00 00 01 00 00 00 00 16 80 bc 55 00 b6 0c 00 8e 01 00 00 77 04 05 00 00 00 01 00 00 00 00 
16 80 bc 55 00 0a 0d 00 8e 01 00 00 03 04 05 00 00 00 00 00 00 00 00 
.........U...._...|.............U...._................ ...U....b.................5....E.5..b...5
.............U....b.................U....b.................5........E.5..b...5.............U....
b.................>....E.>..O...>.............>........E.>..O...>.............U....Z............
.....U....Z.................U....Z.................U....Z.................?....E.?..d...?.......
......U....d.................?........E.?..d...?.............U....d.................U....f...{..
...........U....f.................U....f.................U....f...{.............U....f..........
.......U....f.................U......................U......................U........w..........
...U...................

Client->GAME [13:10:49 07/15/09] packet size: 1 CRYPTED, Flags: 7f ServerSeq: 12 ClientSeq: 12
02 
.

GAME->Client [13:10:49 07/15/09] packet size: 699 CRYPTED, Flags: 7f ServerSeq: 13 ClientSeq: 11
02 04 01 00 a6 20 16 80 bc 55 00 0b 0d 00 8e 01 00 00 12 04 0f 00 00 00 00 00 00 00 00 16 80 bc 
55 00 0c 0d 00 8e 01 00 00 77 04 05 00 00 00 00 00 00 00 00 16 80 bc 55 00 b7 0c 00 cd 01 00 00 
e5 03 05 00 00 00 01 00 00 00 00 16 80 bc 55 00 b8 0c 00 cd 01 00 00 73 04 05 00 00 00 01 00 00 
00 00 16 80 bc 55 00 b9 0c 00 cd 01 00 00 e3 03 0f 00 00 00 01 00 00 00 00 16 80 bc 55 00 0d 0d 
00 cd 01 00 00 e5 03 05 00 00 00 00 00 00 00 00 16 80 bc 55 00 0e 0d 00 cd 01 00 00 73 04 05 00 
00 00 00 00 00 00 00 16 80 bc 55 00 0f 0d 00 cd 01 00 00 e3 03 0f 00 00 00 00 00 00 00 00 04 80 
b3 40 04 16 80 bc 45 03 40 04 00 d5 01 00 00 40 04 00 00 00 00 01 00 00 00 00 16 80 bc 55 00 ba 
0c 00 d5 01 00 00 e3 03 05 00 00 00 01 00 00 00 00 08 80 b2 40 04 00 00 08 02 16 80 bc 45 03 40 
04 00 d5 01 00 00 40 04 00 00 00 00 00 00 00 00 00 16 80 bc 55 00 10 0d 00 d5 01 00 00 e3 03 05 
00 00 00 00 00 00 00 00 16 80 bc 55 00 bb 0c 00 36 02 00 00 37 02 0a 00 00 00 01 00 00 00 00 16 
80 bc 55 00 11 0d 00 36 02 00 00 37 02 0a 00 00 00 00 00 00 00 00 16 80 bc 55 00 bc 0c 00 74 02 
00 00 34 02 1e 00 00 00 01 00 00 00 00 16 80 bc 55 00 12 0d 00 74 02 00 00 34 02 1e 00 00 00 00 
00 00 00 00 16 80 bc 15 00 f0 0c 00 11 00 00 00 ab 00 0d 00 00 00 01 00 00 00 00 16 80 bc 15 00 
f1 0c 00 11 00 00 00 0a 02 4d 00 00 00 01 00 00 00 00 16 80 bc 15 00 f2 0c 00 11 00 00 00 f2 03 
34 00 00 00 01 00 00 00 00 16 80 bc 15 00 f3 0c 00 11 00 00 00 ed 03 4d 00 00 00 01 00 00 00 00 
16 80 bc 15 00 f4 0c 00 11 00 00 00 9f 00 19 00 00 00 01 00 00 00 00 16 80 bc 15 00 f5 0c 00 11 
00 00 00 f1 03 34 00 00 00 01 00 00 00 00 16 80 bc 15 00 f6 0c 00 11 00 00 00 0c 02 34 00 00 00 
01 00 00 00 00 16 80 bc 15 00 f7 0c 00 11 00 00 00 b7 00 4d 00 00 00 01 00 00 00 00 16 80 bc 15 
00 f8 0c 00 11 00 00 00 f3 03 46 00 00 00 01 00 00 00 00 0b 80 bd 05 11 00 00 00 00 00 00 00 16 
80 bc 15 00 13 0d 00 11 00 00 00 ab 00 0d 00 00 00 00 00 00 00 00 16 80 bc 15 00 14 0d 00 11 00 
00 00 0a 02 4d 00 00 00 00 00 00 00 00 16 80 bc 15 00 15 0d 00 11 00 00 00 f2 03 34 00 00 00 00 
00 00 00 00 16 80 bc 15 00 16 0d 00 11 00 00 00 ed 03 4d 00 00 00 00 00 00 00 00 
..... ...U......................U........w.............U......................U........s........
.....U......................U......................U........s.............U.....................
.@....E.@......@.............U......................@........E.@......@.............U...........
...........U....6...7.............U....6...7.............U....t...4.............U....t...4......
.........................................M......................4......................M........
.....................................4......................4......................M............
..........F.........................................................M......................4....
..................M........

Client->GAME [13:10:49 07/15/09] packet size: 1 CRYPTED, Flags: 7f ServerSeq: 13 ClientSeq: 13
02 
.

GAME->Client [13:10:49 07/15/09] packet size: 712 CRYPTED, Flags: 7f ServerSeq: 14 ClientSeq: 12
02 03 15 00 02 0c c2 40 64 b2 c6 00 f0 02 45 6c a1 07 47 00 00 04 02 00 c6 06 16 80 bc 15 00 17 
0d 00 11 00 00 00 9f 00 19 00 00 00 00 00 00 00 00 16 80 bc 15 00 18 0d 00 11 00 00 00 f1 03 34 
00 00 00 00 00 00 00 00 16 80 bc 15 00 19 0d 00 11 00 00 00 0c 02 34 00 00 00 00 00 00 00 00 16 
80 bc 15 00 1a 0d 00 11 00 00 00 b7 00 4d 00 00 00 00 00 00 00 00 16 80 bc 15 00 1b 0d 00 11 00 
00 00 f3 03 46 00 00 00 00 00 00 00 00 0b 80 bd 05 11 00 00 00 00 00 00 01 00 cc 14 17 3a 05 00 
11 00 0a 00 50 76 50 53 65 72 76 65 72 00 04 00 06 00 00 00 1d 3a 05 00 17 00 10 00 50 76 50 4d 
61 78 53 61 66 65 4c 65 76 65 6c 00 04 00 0f 00 00 00 3f 3a 05 00 14 00 0d 00 57 52 5f 52 65 7a 
45 76 65 6e 74 73 00 29 00 48 61 6c 6c 6f 77 65 65 6e 5f 45 76 65 6e 74 2c 57 69 6e 74 65 72 33 
50 6c 75 73 48 61 6c 6c 6f 77 65 65 6e 54 53 45 43 00 1b 3a 05 00 19 00 12 00 45 76 65 6e 74 53 
6c 6f 74 31 5f 45 66 66 65 63 74 00 00 00 28 3a 05 00 19 00 12 00 45 76 65 6e 74 53 6c 6f 74 32 
5f 45 66 66 65 63 74 00 0d 00 66 6c 79 6d 61 6e 5f 69 64 6c 65 33 00 25 3a 05 00 19 00 12 00 45 
76 65 6e 74 53 6c 6f 74 33 5f 45 66 66 65 63 74 00 0a 00 66 6c 79 5f 76 69 72 75 73 00 1f 3a 05 
00 1b 00 14 00 46 69 78 65 64 42 69 6e 6b 49 44 4f 76 65 72 72 69 64 65 00 02 00 20 00 16 80 bc 
15 00 7b 0c 00 f7 03 00 00 08 02 00 00 00 00 00 00 00 00 00 16 80 bc 15 00 7c 0c 00 f7 03 00 00 
07 02 ec ff ff ff 00 00 00 00 00 16 80 bc 15 00 7d 0c 00 f7 03 00 00 50 04 00 00 00 00 00 00 00 
00 00 16 80 bc 15 00 7e 0c 00 f7 03 00 00 f4 03 00 00 00 00 00 00 00 00 00 16 80 bc 15 00 7f 0c 
00 f7 03 00 00 51 04 f6 ff ff ff 00 00 00 00 00 16 80 bc 15 00 80 0c 00 f7 03 00 00 52 04 0f 00 
00 00 00 00 00 00 00 16 80 bc 11 00 81 0c 00 00 00 00 00 cb 02 00 00 00 00 00 00 00 00 00 16 80 
bc 56 00 c6 0c 00 0a 95 00 00 06 04 02 00 00 00 00 00 00 00 00 16 80 bc 56 00 c7 0c 00 0a 95 00 
00 b4 00 11 00 00 00 00 00 00 00 00 16 80 bc 56 00 c8 0c 00 0a 95 00 00 b5 00 11 00 00 00 00 00 
00 00 00 16 80 bc 56 00 c9 0c 00 0a 95 00 00 07 04 02 00 00 00 00 00 00 00 00 16 80 bc 56 00 ca 
0c 00 8a b2 00 00 23 04 02 00 00 00 00 00 00 00 00 16 80 bc 56 00 cb 0c 00 8a b2 00 00 21 04 01 
00 00 00 00 00 00 00 00 
.......@d.....El..G............................................4......................4.........
.............M......................F........................:......PvPServer........:......PvPM
axSafeLevel.......?:......WR_RezEvents.).Halloween_Event,Winter3PlusHalloweenTSEC..:......EventS
lot1_Effect...(:......EventSlot2_Effect...flyman_idle3.%:......EventSlot3_Effect...fly_virus..:.
.....FixedBinkIDOverride... ......{......................|......................}......P........
.......~.............................Q......................R...................................
.V......................V......................V......................V......................V..
......#.............V........!..........

Client->GAME [13:10:49 07/15/09] packet size: 1 CRYPTED, Flags: 7f ServerSeq: 14 ClientSeq: 14
02 
.

GAME->Client [13:10:49 07/15/09] packet size: 696 CRYPTED, Flags: 7f ServerSeq: 15 ClientSeq: 13
02 04 01 00 e0 1e 16 80 bc 56 00 cc 0c 00 8a b2 00 00 b4 00 1d 00 00 00 00 00 00 00 00 16 80 bc 
56 00 cd 0c 00 8a b2 00 00 09 04 1d 00 00 00 00 00 00 00 00 16 80 bc 56 00 ce 0c 00 8a b2 00 00 
9d 00 1d 00 00 00 00 00 00 00 00 16 80 bc 56 00 cf 0c 00 8a b2 00 00 06 04 01 00 00 00 00 00 00 
00 00 16 80 bc 56 00 d0 0c 00 24 b3 00 00 89 02 02 00 00 00 00 00 00 00 00 16 80 bc 56 00 d1 0c 
00 24 b3 00 00 1a 04 01 00 00 00 00 00 00 00 00 16 80 bc 56 00 d2 0c 00 24 b3 00 00 b4 00 21 00 
00 00 00 00 00 00 00 16 80 bc 56 00 d3 0c 00 24 b3 00 00 09 04 21 00 00 00 00 00 00 00 00 16 80 
bc 56 00 d4 0c 00 24 b3 00 00 15 04 02 00 00 00 00 00 00 00 00 16 80 bc 56 00 d5 0c 00 24 b3 00 
00 b5 00 21 00 00 00 00 00 00 00 00 16 80 bc 56 00 d6 0c 00 95 a7 00 00 b4 00 12 00 00 00 00 00 
00 00 00 16 80 bc 56 00 d7 0c 00 95 a7 00 00 b5 00 12 00 00 00 00 00 00 00 00 16 80 bc 56 00 d8 
0c 00 95 a7 00 00 09 04 12 00 00 00 00 00 00 00 00 16 80 bc 56 00 d9 0c 00 95 a7 00 00 70 00 0f 
00 00 00 00 00 00 00 00 16 80 bc 56 00 da 0c 00 2c b3 00 00 17 04 01 00 00 00 00 00 00 00 00 16 
80 bc 56 00 db 0c 00 2c b3 00 00 b4 00 21 00 00 00 00 00 00 00 00 16 80 bc 56 00 dc 0c 00 2c b3 
00 00 09 04 21 00 00 00 00 00 00 00 00 16 80 bc 56 00 dd 0c 00 2c b3 00 00 12 04 02 00 00 00 00 
00 00 00 00 16 80 bc 56 00 de 0c 00 2c b3 00 00 07 04 02 00 00 00 00 00 00 00 00 16 80 bc 56 00 
df 0c 00 2c b3 00 00 b5 00 21 00 00 00 00 00 00 00 00 16 80 bc 56 00 e0 0c 00 c3 b2 00 00 89 02 
02 00 00 00 00 00 00 00 00 16 80 bc 56 00 e1 0c 00 c3 b2 00 00 21 04 02 00 00 00 00 00 00 00 00 
16 80 bc 56 00 e2 0c 00 c3 b2 00 00 b4 00 1f 00 00 00 00 00 00 00 00 16 80 bc 56 00 e3 0c 00 c3 
b2 00 00 09 04 1f 00 00 00 00 00 00 00 00 16 80 bc 56 00 e4 0c 00 c3 b2 00 00 1e 04 01 00 00 00 
00 00 00 00 00 16 80 bc 56 00 e5 0c 00 c3 b2 00 00 9d 00 1f 00 00 00 00 00 00 00 00 16 80 bc 55 
00 ef 0c 00 02 00 00 00 cc 00 0c 00 00 00 00 00 00 00 00 16 80 bc 55 00 f9 0c 00 0b 00 00 00 37 
02 96 00 00 00 00 00 00 00 00 16 80 bc 55 00 fa 0c 00 2d 00 00 00 23 04 0a 00 00 00 00 00 00 00 
00 16 80 bc 55 00 fb 0c 00 2d 00 00 00 20 04 0a 00 00 00 00 00 00 00 00 
.........V......................V......................V......................V.................
.....V....$.................V....$.................V....$.....!...........V....$.....!..........
.V....$.................V....$.....!...........V......................V......................V..
....................V........p.............V....,.................V....,.....!...........V....,.
....!...........V....,.................V....,.................V....,.....!...........V..........
............V........!.............V......................V......................V..............
........V......................U......................U........7.............U....-...#.........
....U....-... ..........

Client->GAME [13:10:49 07/15/09] packet size: 1 CRYPTED, Flags: 7f ServerSeq: 15 ClientSeq: 15
02 
.

GAME->Client [13:10:49 07/15/09] packet size: 700 CRYPTED, Flags: 7f ServerSeq: 16 ClientSeq: 14
82 c2 e5 fb 48 03 15 00 02 0c c3 3a ad b2 c6 00 f0 02 45 c4 a3 07 47 00 00 04 02 00 fe 09 16 80 
bc 55 00 fc 0c 00 2d 00 00 00 19 04 05 00 00 00 00 00 00 00 00 16 80 bc 55 00 fd 0c 00 2d 00 00 
00 42 04 05 00 00 00 00 00 00 00 00 16 80 bc 55 00 fe 0c 00 34 00 00 00 83 02 c8 00 00 00 00 00 
00 00 00 16 80 bc 55 00 ff 0c 00 4b 00 00 00 1f 04 19 00 00 00 00 00 00 00 00 16 80 bc 55 00 00 
0d 00 5f 00 00 00 7c 04 0f 00 00 00 00 00 00 00 00 16 80 bc 55 00 01 0d 00 5f 00 00 00 07 04 0f 
00 00 00 00 00 00 00 00 16 80 bc 55 00 02 0d 00 62 00 00 00 06 04 01 00 00 00 00 00 00 00 00 16 
80 bc 55 00 03 0d 00 62 00 00 00 15 04 01 00 00 00 00 00 00 00 00 16 80 bc 55 00 04 0d 00 5a 01 
00 00 07 04 05 00 00 00 00 00 00 00 00 01 07 14 16 80 bc 55 00 05 0d 00 5a 01 00 00 1d 04 0f 00 
00 00 00 00 00 00 00 16 80 bc 55 00 06 0d 00 64 01 00 00 1f 04 05 00 00 00 00 00 00 00 00 16 80 
bc 55 00 07 0d 00 66 01 00 00 7b 04 05 00 00 00 00 00 00 00 00 16 80 bc 55 00 08 0d 00 66 01 00 
00 12 04 0a 00 00 00 00 00 00 00 00 16 80 bc 55 00 09 0d 00 66 01 00 00 06 04 0b 00 00 00 00 00 
00 00 00 16 80 bc 55 00 0a 0d 00 8e 01 00 00 03 04 05 00 00 00 00 00 00 00 00 16 80 bc 55 00 0b 
0d 00 8e 01 00 00 12 04 0f 00 00 00 00 00 00 00 00 16 80 bc 55 00 0c 0d 00 8e 01 00 00 77 04 05 
00 00 00 00 00 00 00 00 16 80 bc 55 00 0d 0d 00 cd 01 00 00 e5 03 05 00 00 00 00 00 00 00 00 16 
80 bc 55 00 0e 0d 00 cd 01 00 00 73 04 05 00 00 00 00 00 00 00 00 16 80 bc 55 00 0f 0d 00 cd 01 
00 00 e3 03 0f 00 00 00 00 00 00 00 00 16 80 bc 55 00 10 0d 00 d5 01 00 00 e3 03 05 00 00 00 00 
00 00 00 00 16 80 bc 55 00 11 0d 00 36 02 00 00 37 02 0a 00 00 00 00 00 00 00 00 16 80 bc 55 00 
12 0d 00 74 02 00 00 34 02 1e 00 00 00 00 00 00 00 00 16 80 bc 15 00 13 0d 00 11 00 00 00 ab 00 
0d 00 00 00 00 00 00 00 00 16 80 bc 15 00 14 0d 00 11 00 00 00 0a 02 4d 00 00 00 00 00 00 00 00 
16 80 bc 15 00 15 0d 00 11 00 00 00 f2 03 34 00 00 00 00 00 00 00 00 16 80 bc 15 00 16 0d 00 11 
00 00 00 ed 03 4d 00 00 00 00 00 00 00 00 16 80 bc 15 00 17 0d 00 11 00 00 00 9f 00 19 00 00 00 
00 00 00 00 00 16 80 bc 15 00 18 0d 00 11 00 00 00 f1 03 34 00 00 00 00 00 00 00 00 
....H......:......E...G..........U....-.................U....-...B.............U....4...........
......U....K.................U...._...|.............U...._.................U....b...............
..U....b.................U....Z....................U....Z.................U....d................
.U....f...{.............U....f.................U....f.................U......................U..
....................U........w.............U......................U........s.............U......
................U......................U....6...7.............U....t...4........................
.......................M......................4......................M..........................
...................4........

Client->GAME [13:10:49 07/15/09] packet size: 44 CRYPTED, Flags: 7f ServerSeq: 15 ClientSeq: 16
02 04 01 00 08 02 12 80 c9 07 00 00 00 00 e8 00 c7 00 00 20 41 00 30 f2 46 12 80 c9 0e 00 00 00 
00 98 37 c7 00 00 20 41 00 30 f2 46 
................... A.0.F.........7... A.0.F

Client->GAME [13:10:49 07/15/09] packet size: 1 CRYPTED, Flags: 7f ServerSeq: 0 ClientSeq: 17
02 
.

