Client->GAME [13:19:49 07/15/09] packet size: 25 CRYPTED, Flags: 7f ServerSeq: 2306 ClientSeq: 2550
02 04 01 00 2f 01 12 81 8e 04 00 00 00 03 00 00 00 0a 00 00 00 03 00 00 00 
..../....................

Client->GAME [13:19:49 07/15/09] packet size: 1 CRYPTED, Flags: 7f ServerSeq: 2307 ClientSeq: 2551
02 
.

GAME->Client [13:19:49 07/15/09] packet size: 39 CRYPTED, Flags: 7f ServerSeq: 2548 ClientSeq: 2309
02 03 2f 00 02 0e 01 ec a1 13 d9 46 00 00 be 42 40 c6 1d 46 21 00 02 0c 3c 86 e6 d8 46 00 00 be 
42 f4 0b 31 46 00 00 
../........F...B@..F!...<...F...B..1F..

Client->GAME [13:19:49 07/15/09] packet size: 1 CRYPTED, Flags: 7f ServerSeq: 2308 ClientSeq: 2552
02 
.

GAME->Client [13:19:49 07/15/09] packet size: 700 CRYPTED, Flags: 7f ServerSeq: 2549 ClientSeq: 2310
82 3c 29 fc 48 04 01 01 2d 1e 16 80 bc 15 00 1c 0d 00 f7 03 00 00 08 02 00 00 00 00 01 00 00 00 
00 16 80 bc 15 00 1d 0d 00 f7 03 00 00 07 02 ec ff ff ff 01 00 00 00 00 16 80 bc 15 00 1e 0d 00 
f7 03 00 00 50 04 00 00 00 00 01 00 00 00 00 16 80 bc 15 00 1f 0d 00 f7 03 00 00 f4 03 00 00 00 
00 01 00 00 00 00 16 80 bc 15 00 20 0d 00 f7 03 00 00 51 04 f6 ff ff ff 01 00 00 00 00 16 80 bc 
15 00 21 0d 00 f7 03 00 00 52 04 0f 00 00 00 01 00 00 00 00 16 80 bc 11 00 22 0d 00 00 00 00 00 
cb 02 00 00 00 00 01 00 00 00 00 16 80 bc 56 00 67 0d 00 0a 95 00 00 06 04 02 00 00 00 01 00 00 
00 00 16 80 bc 56 00 68 0d 00 0a 95 00 00 b4 00 11 00 00 00 01 00 00 00 00 16 80 bc 56 00 69 0d 
00 0a 95 00 00 b5 00 11 00 00 00 01 00 00 00 00 16 80 bc 56 00 6a 0d 00 0a 95 00 00 07 04 02 00 
00 00 01 00 00 00 00 16 80 bc 56 00 6b 0d 00 8a b2 00 00 23 04 02 00 00 00 01 00 00 00 00 16 80 
bc 56 00 6c 0d 00 8a b2 00 00 21 04 01 00 00 00 01 00 00 00 00 16 80 bc 56 00 6d 0d 00 8a b2 00 
00 b4 00 1d 00 00 00 01 00 00 00 00 16 80 bc 56 00 6e 0d 00 8a b2 00 00 09 04 1d 00 00 00 01 00 
00 00 00 16 80 bc 56 00 6f 0d 00 8a b2 00 00 9d 00 1d 00 00 00 01 00 00 00 00 16 80 bc 56 00 70 
0d 00 8a b2 00 00 06 04 01 00 00 00 01 00 00 00 00 16 80 bc 56 00 71 0d 00 24 b3 00 00 89 02 02 
00 00 00 01 00 00 00 00 16 80 bc 56 00 72 0d 00 24 b3 00 00 1a 04 01 00 00 00 01 00 00 00 00 16 
80 bc 56 00 73 0d 00 24 b3 00 00 b4 00 21 00 00 00 01 00 00 00 00 16 80 bc 56 00 74 0d 00 24 b3 
00 00 09 04 21 00 00 00 01 00 00 00 00 16 80 bc 56 00 75 0d 00 24 b3 00 00 15 04 02 00 00 00 01 
00 00 00 00 16 80 bc 56 00 76 0d 00 24 b3 00 00 b5 00 21 00 00 00 01 00 00 00 00 16 80 bc 56 00 
77 0d 00 95 a7 00 00 b4 00 12 00 00 00 01 00 00 00 00 16 80 bc 56 00 78 0d 00 95 a7 00 00 b5 00 
12 00 00 00 01 00 00 00 00 16 80 bc 56 00 79 0d 00 95 a7 00 00 09 04 12 00 00 00 01 00 00 00 00 
16 80 bc 56 00 7a 0d 00 95 a7 00 00 70 00 0f 00 00 00 01 00 00 00 00 16 80 bc 56 00 7b 0d 00 2c 
b3 00 00 17 04 01 00 00 00 01 00 00 00 00 16 80 bc 56 00 7c 0d 00 2c b3 00 00 b4 00 21 00 00 00 
01 00 00 00 00 16 80 bc 56 00 7d 0d 00 2c b3 00 00 09 04 21 00 00 00 01 00 00 00 00 
.<).H...-...........................................................P...........................
........... ......Q...............!......R..............."....................V.g...............
.....V.h....................V.i....................V.j....................V.k......#............
.V.l......!.............V.m....................V.n....................V.o....................V.p
....................V.q..$.................V.r..$.................V.s..$.....!...........V.t..$.
....!...........V.u..$.................V.v..$.....!...........V.w....................V.x........
............V.y....................V.z......p.............V.{..,.................V.|..,.....!...
........V.}..,.....!........

Client->GAME [13:19:49 07/15/09] packet size: 1 CRYPTED, Flags: 7f ServerSeq: 2309 ClientSeq: 2553
02 
.

GAME->Client [13:19:49 07/15/09] packet size: 696 CRYPTED, Flags: 7f ServerSeq: 2550 ClientSeq: 2312
02 04 01 01 4b 1e 16 80 bc 56 00 7e 0d 00 2c b3 00 00 12 04 02 00 00 00 01 00 00 00 00 16 80 bc 
56 00 7f 0d 00 2c b3 00 00 07 04 02 00 00 00 01 00 00 00 00 16 80 bc 56 00 80 0d 00 2c b3 00 00 
b5 00 21 00 00 00 01 00 00 00 00 16 80 bc 56 00 81 0d 00 c3 b2 00 00 89 02 02 00 00 00 01 00 00 
00 00 16 80 bc 56 00 82 0d 00 c3 b2 00 00 21 04 02 00 00 00 01 00 00 00 00 16 80 bc 56 00 83 0d 
00 c3 b2 00 00 b4 00 1f 00 00 00 01 00 00 00 00 16 80 bc 56 00 84 0d 00 c3 b2 00 00 09 04 1f 00 
00 00 01 00 00 00 00 16 80 bc 56 00 85 0d 00 c3 b2 00 00 1e 04 01 00 00 00 01 00 00 00 00 16 80 
bc 56 00 86 0d 00 c3 b2 00 00 9d 00 1f 00 00 00 01 00 00 00 00 16 80 bc 55 00 90 0d 00 02 00 00 
00 cc 00 0c 00 00 00 01 00 00 00 00 16 80 bc 55 00 9a 0d 00 0b 00 00 00 37 02 96 00 00 00 01 00 
00 00 00 16 80 bc 55 00 9b 0d 00 2d 00 00 00 23 04 0a 00 00 00 01 00 00 00 00 16 80 bc 55 00 9c 
0d 00 2d 00 00 00 20 04 0a 00 00 00 01 00 00 00 00 16 80 bc 55 00 9d 0d 00 2d 00 00 00 19 04 05 
00 00 00 01 00 00 00 00 16 80 bc 55 00 9e 0d 00 2d 00 00 00 42 04 05 00 00 00 01 00 00 00 00 16 
80 bc 55 00 9f 0d 00 34 00 00 00 83 02 c8 00 00 00 01 00 00 00 00 16 80 bc 55 00 a0 0d 00 4b 00 
00 00 1f 04 19 00 00 00 01 00 00 00 00 16 80 bc 55 00 a1 0d 00 5f 00 00 00 7c 04 0f 00 00 00 01 
00 00 00 00 16 80 bc 55 00 a2 0d 00 5f 00 00 00 07 04 0f 00 00 00 01 00 00 00 00 16 80 bc 55 00 
a3 0d 00 62 00 00 00 06 04 01 00 00 00 01 00 00 00 00 16 80 bc 55 00 a4 0d 00 62 00 00 00 15 04 
01 00 00 00 01 00 00 00 00 16 80 bc 55 00 a5 0d 00 5a 01 00 00 07 04 05 00 00 00 01 00 00 00 00 
16 80 bc 55 00 a6 0d 00 5a 01 00 00 1d 04 0f 00 00 00 01 00 00 00 00 16 80 bc 55 00 a7 0d 00 64 
01 00 00 1f 04 05 00 00 00 01 00 00 00 00 16 80 bc 55 00 a8 0d 00 66 01 00 00 7b 04 05 00 00 00 
01 00 00 00 00 16 80 bc 55 00 a9 0d 00 66 01 00 00 12 04 0a 00 00 00 01 00 00 00 00 16 80 bc 55 
00 aa 0d 00 66 01 00 00 06 04 0b 00 00 00 01 00 00 00 00 16 80 bc 55 00 ab 0d 00 8e 01 00 00 03 
04 05 00 00 00 01 00 00 00 00 16 80 bc 55 00 ac 0d 00 8e 01 00 00 12 04 0f 00 00 00 01 00 00 00 
00 16 80 bc 55 00 ad 0d 00 8e 01 00 00 77 04 05 00 00 00 01 00 00 00 00 
....K....V.~..,.................V....,.................V....,.....!...........V.................
.....V........!.............V......................V......................V.....................
.V......................U......................U........7.............U....-...#.............U..
..-... .............U....-.................U....-...B.............U....4.................U....K.
................U...._...|.............U...._.................U....b.................U....b.....
............U....Z.................U....Z.................U....d.................U....f...{.....
........U....f.................U....f.................U......................U..................
....U........w..........

Client->GAME [13:19:49 07/15/09] packet size: 1 CRYPTED, Flags: 7f ServerSeq: 2310 ClientSeq: 2554
02 
.

GAME->Client [13:19:49 07/15/09] packet size: 700 CRYPTED, Flags: 7f ServerSeq: 2551 ClientSeq: 2313
02 04 02 01 69 03 16 80 bc 55 00 ae 0d 00 cd 01 00 00 e5 03 05 00 00 00 01 00 00 00 00 16 80 bc 
55 00 af 0d 00 cd 01 00 00 73 04 05 00 00 00 01 00 00 00 00 16 80 bc 55 00 b0 0d 00 cd 01 00 00 
e3 03 0f 00 00 00 01 00 00 00 00 01 6c 1c 16 80 bc 55 00 b1 0d 00 d5 01 00 00 e3 03 05 00 00 00 
01 00 00 00 00 16 80 bc 55 00 b2 0d 00 36 02 00 00 37 02 0a 00 00 00 01 00 00 00 00 16 80 bc 55 
00 b3 0d 00 74 02 00 00 34 02 1e 00 00 00 01 00 00 00 00 16 80 bc 15 00 b4 0d 00 11 00 00 00 ab 
00 0d 00 00 00 01 00 00 00 00 16 80 bc 15 00 b5 0d 00 11 00 00 00 0a 02 4d 00 00 00 01 00 00 00 
00 16 80 bc 15 00 b6 0d 00 11 00 00 00 f2 03 34 00 00 00 01 00 00 00 00 16 80 bc 15 00 b7 0d 00 
11 00 00 00 ed 03 4d 00 00 00 01 00 00 00 00 16 80 bc 15 00 b8 0d 00 11 00 00 00 9f 00 19 00 00 
00 01 00 00 00 00 16 80 bc 15 00 b9 0d 00 11 00 00 00 f1 03 34 00 00 00 01 00 00 00 00 16 80 bc 
15 00 ba 0d 00 11 00 00 00 0c 02 34 00 00 00 01 00 00 00 00 16 80 bc 15 00 bb 0d 00 11 00 00 00 
b7 00 4d 00 00 00 01 00 00 00 00 16 80 bc 15 00 bc 0d 00 11 00 00 00 f3 03 46 00 00 00 01 00 00 
00 00 0b 80 bd 05 11 00 00 00 00 00 00 00 16 80 bc 15 00 bd 0d 00 11 00 00 00 ab 00 0c 00 00 00 
00 00 00 00 00 16 80 bc 15 00 be 0d 00 11 00 00 00 0a 02 4b 00 00 00 00 00 00 00 00 16 80 bc 15 
00 bf 0d 00 11 00 00 00 f2 03 31 00 00 00 00 00 00 00 00 16 80 bc 15 00 c0 0d 00 11 00 00 00 ed 
03 4b 00 00 00 00 00 00 00 00 16 80 bc 15 00 c1 0d 00 11 00 00 00 9f 00 19 00 00 00 00 00 00 00 
00 16 80 bc 15 00 c2 0d 00 11 00 00 00 f1 03 31 00 00 00 00 00 00 00 00 16 80 bc 15 00 c3 0d 00 
11 00 00 00 0c 02 34 00 00 00 00 00 00 00 00 16 80 bc 15 00 c4 0d 00 11 00 00 00 b7 00 46 00 00 
00 00 00 00 00 00 16 80 bc 15 00 c5 0d 00 11 00 00 00 f3 03 46 00 00 00 00 00 00 00 00 0b 80 bd 
05 11 00 00 00 00 00 00 01 16 80 bc 15 00 bd 0d 00 11 00 00 00 ab 00 0c 00 00 00 01 00 00 00 00 
16 80 bc 15 00 be 0d 00 11 00 00 00 0a 02 4b 00 00 00 01 00 00 00 00 16 80 bc 15 00 bf 0d 00 11 
00 00 00 f2 03 31 00 00 00 01 00 00 00 00 16 80 bc 15 00 c0 0d 00 11 00 00 00 ed 03 4b 00 00 00 
01 00 00 00 00 16 80 bc 15 00 c1 0d 00 11 00 00 00 9f 00 19 00 00 00 01 00 00 00 00 
....i....U......................U........s.............U....................l....U..............
........U....6...7.............U....t...4...............................................M.......
...............4......................M.............................................4...........
...........4......................M......................F......................................
...................K......................1......................K..............................
...............1......................4......................F......................F...........
..............................................K......................1......................K...
............................

Client->GAME [13:19:49 07/15/09] packet size: 1 CRYPTED, Flags: 7f ServerSeq: 2311 ClientSeq: 2555
02 
.

GAME->Client [13:19:49 07/15/09] packet size: 269 CRYPTED, Flags: 7f ServerSeq: 2552 ClientSeq: 2314
02 04 01 01 88 11 16 80 bc 15 00 c2 0d 00 11 00 00 00 f1 03 31 00 00 00 01 00 00 00 00 16 80 bc 
15 00 c3 0d 00 11 00 00 00 0c 02 34 00 00 00 01 00 00 00 00 16 80 bc 15 00 c4 0d 00 11 00 00 00 
b7 00 46 00 00 00 01 00 00 00 00 16 80 bc 15 00 c5 0d 00 11 00 00 00 f3 03 46 00 00 00 01 00 00 
00 00 04 80 b3 11 00 16 80 bc 45 03 11 00 00 02 00 00 00 11 00 32 00 00 00 01 00 00 00 00 04 80 
b3 35 04 16 80 bc 45 03 35 04 00 62 00 00 00 35 04 00 00 00 00 01 00 00 00 00 04 80 b3 3d 04 16 
80 bc 45 03 3d 04 00 43 00 00 00 3d 04 00 00 00 00 01 00 00 00 00 04 80 b3 3e 04 16 80 bc 45 03 
3e 04 00 4f 01 00 00 3e 04 00 00 00 00 01 00 00 00 00 04 80 b3 3f 04 16 80 bc 45 03 3f 04 00 64 
01 00 00 3f 04 00 00 00 00 01 00 00 00 00 04 80 b3 40 04 16 80 bc 45 03 40 04 00 d5 01 00 00 40 
04 00 00 00 00 01 00 00 00 00 02 81 07 
....................1......................4......................F......................F......
..........E..........2...........5....E.5..b...5.............=....E.=..C...=.............>....E.
>..O...>.............?....E.?..d...?.............@....E.@......@.............

Client->GAME [13:19:49 07/15/09] packet size: 13 CRYPTED, Flags: 7f ServerSeq: 2312 ClientSeq: 2556
02 04 01 00 30 01 06 81 08 00 00 00 00 
....0........

GAME->Client [13:19:50 07/15/09] packet size: 1 CRYPTED, Flags: 7f ServerSeq: 2553 ClientSeq: 2316
02 
.

Client->GAME [13:19:50 07/15/09] packet size: 12
00 00 00 00 00 01 04 08 fd f6 e4 00 
............

GAME->Client [13:19:50 07/15/09] packet size: 12
00 00 00 00 00 01 04 08 fd f6 e4 00 
............

GAME->Client [13:19:50 07/15/09] packet size: 1 CRYPTED, Flags: 7f ServerSeq: 2554 ClientSeq: 2316
42 
B

Client->GAME [13:19:50 07/15/09] packet size: 1 CRYPTED, Flags: 7f ServerSeq: 2314 ClientSeq: 2557
42 
B

GAME->Client [13:19:50 07/15/09] packet size: 5 CRYPTED, Flags: 7f ServerSeq: 2555 ClientSeq: 2316
c2 68 29 fc 48 
.h).H

GAME->Client [13:19:51 07/15/09] packet size: 1 CRYPTED, Flags: 7f ServerSeq: 2556 ClientSeq: 2317
42 
B

Client->GAME [13:19:51 07/15/09] packet size: 13 CRYPTED, Flags: 0 ServerSeq: 0 ClientSeq: 1
22 04 01 00 00 01 06 81 51 00 00 00 00 
".......Q....

GAME->Client [13:19:51 07/15/09] packet size: 142 CRYPTED, Flags: 0 ServerSeq: 1 ClientSeq: 0
82 6f 29 fc 48 04 01 00 00 03 6d 06 0e 00 03 00 00 00 6f 29 fc 48 01 42 00 32 00 72 65 73 6f 75 
72 63 65 2f 77 6f 72 6c 64 73 2f 66 69 6e 61 6c 5f 77 6f 72 6c 64 2f 69 6e 74 65 72 6e 61 74 69 
6f 6e 61 6c 2f 69 74 2e 6d 65 74 72 00 29 00 48 61 6c 6c 6f 77 65 65 6e 5f 45 76 65 6e 74 2c 57 
69 6e 74 65 72 33 50 6c 75 73 48 61 6c 6c 6f 77 65 65 6e 54 53 45 43 00 0a 80 e5 e7 cb c0 12 00 
00 00 00 0a 80 e4 bc 58 7a 00 00 00 00 00 
.o).H.....m.......o).H.B.2.resource/worlds/final_world/international/it.metr.).Halloween_Event,W
inter3PlusHalloweenTSEC................Xz.....

Client->GAME [13:19:51 07/15/09] packet size: 6 CRYPTED, Flags: 1 ServerSeq: 1 ClientSeq: 2
02 05 02 0c 00 00 
......

GAME->Client [13:19:51 07/15/09] packet size: 72 CRYPTED, Flags: 3 ServerSeq: 2 ClientSeq: 2
02 04 01 00 03 01 41 81 67 17 00 27 00 1c 22 00 c6 01 11 00 00 00 00 00 00 00 37 00 00 08 0e 00 
41 66 74 65 72 57 68 6f 72 75 4e 65 6f 00 0e 00 41 66 74 65 72 57 68 6f 72 75 4e 65 6f 00 02 00 
4b 00 00 00 00 00 00 00 
......A.g..'.."...........7.....AfterWhoruNeo...AfterWhoruNeo...K.......

GAME->Client [13:19:52 07/15/09] packet size: 72 CRYPTED, Flags: 3 ServerSeq: 3 ClientSeq: 2
02 04 01 00 03 01 41 81 67 17 00 27 00 1c 22 00 c6 01 11 00 00 00 00 00 00 00 37 00 00 08 0e 00 
41 66 74 65 72 57 68 6f 72 75 4e 65 6f 00 0e 00 41 66 74 65 72 57 68 6f 72 75 4e 65 6f 00 02 00 
4b 00 00 00 00 00 00 00 
......A.g..'.."...........7.....AfterWhoruNeo...AfterWhoruNeo...K.......

GAME->Client [13:19:53 07/15/09] packet size: 76 CRYPTED, Flags: 3 ServerSeq: 4 ClientSeq: 2
82 ca 29 fc 48 04 01 00 03 01 41 81 67 17 00 27 00 1c 22 00 c6 01 11 00 00 00 00 00 00 00 37 00 
00 08 0e 00 41 66 74 65 72 57 68 6f 72 75 4e 65 6f 00 0e 00 41 66 74 65 72 57 68 6f 72 75 4e 65 
6f 00 02 00 4b 00 00 00 00 00 00 00 
..).H.....A.g..'.."...........7.....AfterWhoruNeo...AfterWhoruNeo...K.......

Client->GAME [13:19:54 07/15/09] packet size: 8 CRYPTED, Flags: 1 ServerSeq: 1 ClientSeq: 3
02 04 01 00 01 01 01 05 
........

Client->GAME [13:19:54 07/15/09] packet size: 13 CRYPTED, Flags: f ServerSeq: 4 ClientSeq: 4
02 04 01 00 00 01 06 81 51 00 00 00 00 
........Q....

GAME->Client [13:19:54 07/15/09] packet size: 219 CRYPTED, Flags: f ServerSeq: 5 ClientSeq: 4
02 03 01 00 0c 0c 00 cc cd ab 1c 8b 81 ff 71 02 00 00 41 6e 64 65 72 73 6f 6e 00 00 00 00 00 00 
00 00 00 00 00 00 00 00 00 00 00 00 00 00 00 00 00 00 90 54 68 6f 6d 61 73 00 00 00 00 00 00 00 
00 00 00 00 00 00 00 00 00 00 00 00 00 00 00 00 00 00 00 80 d8 28 0a 0c 00 00 00 01 8e 81 ff f7 
00 31 5e 00 00 c6 67 00 41 66 74 65 72 57 68 6f 72 75 4e 65 6f 00 00 00 00 00 00 00 00 00 00 00 
00 00 00 00 00 00 00 00 28 0a fd 64 01 00 00 67 00 75 d4 01 00 4b b1 00 00 00 00 73 1a e9 88 80 
60 04 00 02 8e 00 00 00 f7 00 9d 00 00 00 a0 48 bf d1 40 00 00 00 00 00 90 7f c0 00 00 00 a0 19 
a0 cd 40 81 ff 32 22 80 89 54 d3 c2 1e 21 1c 01 11 00 00 00 67 00 02 00 00 00 00 
..............q...Anderson.........................Thomas............................(..........
.1^...g.AfterWhoruNeo...................(..d...g.u...K.....s....`..............H..@.............
..@..2"..T...!......g......

Client->GAME [13:19:55 07/15/09] packet size: 55 CRYPTED, Flags: 1f ServerSeq: 5 ClientSeq: 5
02 03 02 00 02 60 08 41 6e 64 65 72 73 6f 6e 06 54 68 6f 6d 61 73 00 00 04 01 00 02 05 02 80 be 
07 3f 4e 00 10 00 00 00 08 3e 6b 00 10 00 00 00 00 02 81 48 02 0c 01 
.....`.Anderson.Thomas...........?N......>k........H...

GAME->Client [13:19:55 07/15/09] packet size: 731 CRYPTED, Flags: 1f ServerSeq: 6 ClientSeq: 5
02 03 01 00 0c 57 02 cd cd ab 13 8e 4a 61 64 65 20 4d 6f 6f 6e 20 54 65 6b 69 79 6f 00 00 00 00 
00 00 00 00 00 00 00 00 00 00 00 00 00 10 00 00 22 d4 27 1c 1c 00 c6 01 80 d1 df 09 00 58 0a 00 
00 00 e0 61 91 cd 40 00 00 00 00 00 40 55 40 00 00 00 c4 02 ac d4 40 c0 01 83 01 02 a8 18 cf 03 
b2 09 cf 03 07 08 00 00 81 c7 09 00 00 02 06 25 00 00 01 00 0c 57 02 ce cd ab 11 8e 42 72 6f 74 
68 65 72 73 20 6f 66 20 44 65 73 74 69 6e 79 20 46 72 61 74 65 72 00 00 00 00 00 00 00 10 00 00 
22 d4 bf ff 1b 00 c6 01 80 c1 f8 09 00 58 00 00 00 30 ac 29 d7 40 00 00 00 00 00 c0 57 40 00 00 
00 60 47 ec c4 40 c0 01 82 03 a8 11 db 01 b2 09 db 01 07 08 00 00 81 ef 1a 00 00 02 04 23 00 00 
01 00 0c 57 02 cf cd ab 13 8e 42 72 6f 74 68 65 72 73 20 6f 66 20 44 65 73 74 69 6e 79 20 4e 6f 
76 69 63 65 00 00 00 00 00 00 00 10 00 00 22 d4 70 fb 1b 00 c6 01 80 d1 f9 09 00 58 0a 00 00 00 
50 8f 86 ce 40 00 00 00 00 00 c0 57 40 00 00 00 00 73 4e ca 40 c0 01 83 01 03 a8 10 c2 01 b2 09 
c2 01 07 08 00 00 81 ed 1a 00 00 02 04 21 00 00 01 00 0c 57 02 d0 cd ab 13 8e 47 72 65 61 74 20 
57 61 6c 6c 20 53 65 63 75 72 69 74 79 20 53 6f 63 68 6f 00 00 00 00 00 00 00 00 10 00 00 22 d4 
26 24 1c 00 c6 01 80 d1 5b 0a 00 58 0a 00 00 00 8c d9 ec d4 40 00 00 00 00 00 90 7f c0 00 00 00 
4c a7 72 cb 40 c0 01 83 01 02 a8 12 ee 02 b2 09 ee 02 07 08 00 00 81 e5 1a 00 00 02 04 1f 00 00 
00 00 04 01 00 04 0c 16 80 bc 56 00 c4 0d 00 0a 95 00 00 06 04 02 00 00 00 01 00 00 00 00 16 80 
bc 56 00 c5 0d 00 0a 95 00 00 b4 00 11 00 00 00 01 00 00 00 00 16 80 bc 56 00 c6 0d 00 0a 95 00 
00 b5 00 11 00 00 00 01 00 00 00 00 16 80 bc 56 00 c7 0d 00 0a 95 00 00 07 04 02 00 00 00 01 00 
00 00 00 16 80 bc 56 00 08 0e 00 0a 95 00 00 06 04 02 00 00 00 00 00 00 00 00 16 80 bc 56 00 09 
0e 00 0a 95 00 00 b4 00 11 00 00 00 00 00 00 00 00 16 80 bc 56 00 0a 0e 00 0a 95 00 00 b5 00 11 
00 00 00 00 00 00 00 00 16 80 bc 56 00 0b 0e 00 0a 95 00 00 07 04 02 00 00 00 00 00 00 00 00 16 
80 bc 56 00 c8 0d 00 8a b2 00 00 23 04 02 00 00 00 01 00 00 00 00 16 80 bc 56 00 c9 0d 00 8a b2 
00 00 21 04 01 00 00 00 01 00 00 00 00 16 80 bc 56 00 ca 0d 00 8a b2 00 00 b4 00 1d 00 00 00 01 
00 00 00 00 16 80 bc 56 00 cb 0d 00 8a b2 00 00 09 04 1d 00 00 00 01 00 00 00 00 
.....W......Jade Moon Tekiyo....................".'..........X.....a..@.....@U@.......@.........
...............%.....W......Brothers of Destiny Frater.........."............X...0.).@......W@..
.`G..@.......................#.....W......Brothers of Destiny Novice..........".p..........X....
P...@......W@....sN.@........................!.....W......Great Wall Security Socho...........".
&$......[..X........@...........L.r.@.....................................V.....................
.V......................V......................V......................V......................V..
....................V......................V......................V........#.............V......
..!.............V......................V...................

GAME->Client [13:19:55 07/15/09] packet size: 727 CRYPTED, Flags: 1f ServerSeq: 7 ClientSeq: 5
82 06 2a fc 48 03 01 00 02 13 00 21 00 02 0c 71 ae 44 74 46 00 00 be 42 99 49 52 46 01 00 02 13 
00 1f 00 02 0c 25 8a 78 a7 46 00 80 fc c3 ec b0 5b 46 01 00 0c 57 02 d1 cd ab 13 8e 4a 61 64 65 
20 4d 6f 6f 6e 20 59 6f 69 00 00 00 00 00 00 00 00 00 00 00 00 00 00 00 00 00 00 00 00 10 00 00 
22 d4 6b 1b 1c 00 c6 01 80 d1 dc 09 00 58 0a 00 00 00 b8 4f 32 cd 40 00 00 00 00 00 40 55 40 00 
00 00 9c 2e 47 d4 40 c0 01 83 01 03 a8 18 8a 02 b2 09 8a 02 07 08 00 00 81 ec 1a 00 00 02 06 1d 
00 00 01 00 0c 57 02 d2 cd ab 11 8e 47 72 65 61 74 20 57 61 6c 6c 20 53 65 63 75 72 69 74 79 20 
53 6f 63 68 6f 00 00 00 00 00 00 00 00 10 00 00 22 d4 60 24 1c 00 c6 01 80 c1 5c 0a 00 58 00 00 
00 89 e6 db d1 40 00 00 00 00 00 90 7f c0 00 00 00 28 d7 12 d2 40 c0 01 82 02 a8 12 ee 02 b2 09 
ee 02 07 08 00 00 81 e5 1a 00 00 02 04 1b 00 00 01 00 0c 57 02 d3 cd ab 13 8e 47 72 65 61 74 20 
57 61 6c 6c 20 53 65 63 75 72 69 74 79 20 53 6f 63 68 6f 00 00 00 00 00 00 00 00 10 00 00 22 d5 
06 e3 24 1c 00 c6 01 80 c3 5b 0a 00 58 4c 0a 00 28 00 00 40 fb 95 9b d7 40 00 00 00 00 00 90 7f 
c0 00 00 00 70 71 11 d3 40 c0 01 82 02 a8 12 ee 02 b2 09 ee 02 07 08 00 00 81 e5 1a 00 00 02 04 
19 00 00 01 00 08 50 02 ac 05 50 0c f2 cd ab 02 09 00 00 00 00 00 ad d1 40 00 00 00 00 00 50 7d 
c0 00 00 00 00 00 7e cd 40 00 00 00 00 d8 28 cc 3e 00 00 00 00 73 c4 6a 3f 13 00 00 00 00 04 01 
00 10 0c 16 80 bc 56 00 cc 0d 00 8a b2 00 00 9d 00 1d 00 00 00 01 00 00 00 00 16 80 bc 56 00 cd 
0d 00 8a b2 00 00 06 04 01 00 00 00 01 00 00 00 00 16 80 bc 56 00 0c 0e 00 8a b2 00 00 23 04 02 
00 00 00 00 00 00 00 00 16 80 bc 56 00 0d 0e 00 8a b2 00 00 21 04 01 00 00 00 00 00 00 00 00 16 
80 bc 56 00 0e 0e 00 8a b2 00 00 b4 00 1d 00 00 00 00 00 00 00 00 16 80 bc 56 00 0f 0e 00 8a b2 
00 00 09 04 1d 00 00 00 00 00 00 00 00 16 80 bc 56 00 10 0e 00 8a b2 00 00 9d 00 1d 00 00 00 00 
00 00 00 00 16 80 bc 56 00 11 0e 00 8a b2 00 00 06 04 01 00 00 00 00 00 00 00 00 16 80 bc 56 00 
ce 0d 00 24 b3 00 00 89 02 02 00 00 00 01 00 00 00 00 16 80 bc 56 00 cf 0d 00 24 b3 00 00 1a 04 
01 00 00 00 01 00 00 00 00 16 80 bc 56 00 d0 0d 00 24 b3 00 00 b4 00 21 00 00 00 01 00 00 00 00 
16 80 bc 56 00 d1 0d 00 24 b3 00 00 09 04 21 00 00 00 01 00 00 00 00 
..*.H......!...q.DtF...B.IRF.........%.x.F......[F...W......Jade Moon Yoi.......................
".k..........X.....O2.@.....@U@.....G.@..............................W......Great Wall Security 
Socho...........".`$......\..X.......@...........(...@.............................W......Great 
Wall Security Socho..........."...$......[..XL..(..@....@...........pq..@.......................
......P...P.............@.....P}......~.@.....(.>....s.j?.............V......................V..
....................V........#.............V........!.............V......................V......
................V......................V......................V....$.................V....$.....
............V....$.....!...........V....$.....!........

Client->GAME [13:19:55 07/15/09] packet size: 1 CRYPTED, Flags: 7f ServerSeq: 7 ClientSeq: 6
02 
.

GAME->Client [13:19:55 07/15/09] packet size: 722 CRYPTED, Flags: 1f ServerSeq: 8 ClientSeq: 5
02 03 01 00 02 12 00 25 00 02 08 6e f9 6c 46 00 00 aa 42 f4 86 a5 46 01 00 02 13 00 1d 00 02 0c 
72 de b2 69 46 00 00 aa 42 7e 0f a2 46 01 00 0c 57 02 d4 cd ab 11 8e 47 72 65 61 74 20 57 61 6c 
6c 20 53 65 63 75 72 69 74 79 20 53 6f 63 68 6f 00 00 00 00 00 00 00 00 10 00 00 22 d4 32 24 1c 
00 c6 01 80 c1 5b 0a 00 58 00 00 00 1c db 4e d5 40 00 00 00 00 00 90 7f c0 00 00 00 c3 15 61 ca 
40 c0 01 82 02 a8 12 ee 02 b2 09 ee 02 07 08 00 00 81 e5 1a 00 00 02 04 17 00 00 01 00 0c 57 02 
d5 cd ab 12 8e 42 72 6f 74 68 65 72 73 20 6f 66 20 44 65 73 74 69 6e 79 20 4e 6f 76 69 63 65 00 
00 00 00 00 00 00 10 00 00 22 d4 a2 fb 1b 00 c6 01 80 c1 f9 09 00 58 00 00 00 40 f1 0f cd 40 00 
00 00 00 00 c0 57 40 00 00 00 b8 ae 8b c9 40 c0 01 83 04 03 a8 10 c2 01 b2 09 c2 01 07 08 00 00 
81 ed 1a 00 00 02 04 15 00 00 01 00 0c 57 02 d6 cd ab 11 8e 42 72 6f 74 68 65 72 73 20 6f 66 20 
44 65 73 74 69 6e 79 20 4e 6f 76 69 63 65 00 00 00 00 00 00 00 10 00 00 22 d4 f3 fb 1b 00 c6 01 
80 c1 f9 09 00 58 00 00 00 b0 dc 76 cd 40 00 00 00 00 00 c0 57 40 00 00 00 28 21 35 cb 40 c0 01 
82 03 a8 10 c2 01 b2 09 c2 01 07 08 00 00 81 ed 1a 00 00 02 04 11 00 00 01 00 0c 57 02 d7 cd ab 
10 8e 42 72 6f 74 68 65 72 73 20 6f 66 20 44 65 73 74 69 6e 79 20 46 72 61 74 65 72 00 00 00 00 
00 00 00 10 00 00 22 d0 ff 1b 00 c6 01 80 c1 f8 09 00 58 00 00 00 60 cd c7 d6 40 00 00 00 00 00 
c0 57 40 00 00 00 00 80 01 c5 40 c0 01 82 03 a8 11 db 01 b2 09 db 01 07 08 00 00 81 ef 1a 00 00 
02 04 0f 00 00 00 00 04 01 00 1c 0a 16 80 bc 56 00 d2 0d 00 24 b3 00 00 15 04 02 00 00 00 01 00 
00 00 00 16 80 bc 56 00 d3 0d 00 24 b3 00 00 b5 00 21 00 00 00 01 00 00 00 00 16 80 bc 56 00 12 
0e 00 24 b3 00 00 89 02 02 00 00 00 00 00 00 00 00 16 80 bc 56 00 13 0e 00 24 b3 00 00 1a 04 01 
00 00 00 00 00 00 00 00 16 80 bc 56 00 14 0e 00 24 b3 00 00 b4 00 21 00 00 00 00 00 00 00 00 16 
80 bc 56 00 15 0e 00 24 b3 00 00 09 04 21 00 00 00 00 00 00 00 00 16 80 bc 56 00 16 0e 00 24 b3 
00 00 15 04 02 00 00 00 00 00 00 00 00 16 80 bc 56 00 17 0e 00 24 b3 00 00 b5 00 21 00 00 00 00 
00 00 00 00 16 80 bc 56 00 d4 0d 00 95 a7 00 00 b4 00 12 00 00 00 01 00 00 00 00 16 80 bc 56 00 
d5 0d 00 95 a7 00 00 b5 00 12 00 00 00 01 00 00 00 00 
.......%...n.lF...B...F.........r..iF...B~..F...W......Great Wall Security Socho...........".2$.
.....[..X.....N.@.............a.@.............................W......Brothers of Destiny Novice.
........."............X...@...@......W@.......@..............................W......Brothers of 
Destiny Novice.........."............X.....v.@......W@...(!5.@.............................W....
..Brothers of Destiny Frater.........."...........X...`...@......W@.......@.....................
...............V....$.................V....$.....!...........V....$.................V....$......
...........V....$.....!...........V....$.....!...........V....$.................V....$.....!....
.......V......................V...................

Client->GAME [13:19:55 07/15/09] packet size: 1 CRYPTED, Flags: 7f ServerSeq: 8 ClientSeq: 7
02 
.

GAME->Client [13:19:56 07/15/09] packet size: 712 CRYPTED, Flags: 3f ServerSeq: 9 ClientSeq: 6
02 03 01 00 02 13 00 15 00 02 0c ac 8a 7f 68 46 00 00 be 42 76 5d 4c 46 01 00 0c 57 02 d8 cd ab 
13 8e 47 72 65 61 74 20 57 61 6c 6c 20 53 65 63 75 72 69 74 79 20 4a 75 6e 00 00 00 00 00 00 00 
00 00 00 10 00 00 22 d5 06 06 25 1c 00 c6 01 80 c3 5d 0a 00 58 4c 0a 00 28 00 00 00 90 16 1c d7 
40 00 00 00 00 00 90 7f c0 00 00 00 18 16 aa ce 40 c0 01 82 01 a8 12 e8 03 b2 04 e8 03 07 08 00 
00 81 e5 1a 00 00 02 04 0d 00 00 01 00 0c 57 02 d9 cd ab 12 8e 4a 61 64 65 20 4d 6f 6f 6e 20 59 
6f 69 00 00 00 00 00 00 00 00 00 00 00 00 00 00 00 00 00 00 00 00 10 00 00 22 d4 d7 1b 1c 00 c6 
01 80 c1 dd 09 00 58 00 00 00 00 b2 38 cc 40 00 00 00 00 00 40 55 40 00 00 00 08 e6 27 d4 40 c0 
01 83 04 03 a8 18 8a 02 b2 09 8a 02 07 08 00 00 81 ec 1a 00 00 02 06 0b 00 00 01 00 0c 57 02 da 
cd ab 11 8e 47 72 65 61 74 20 57 61 6c 6c 20 53 65 63 75 72 69 74 79 20 53 6f 63 68 6f 00 00 00 
00 00 00 00 00 10 00 00 22 d4 69 24 1c 00 c6 01 80 c1 5c 0a 00 58 00 00 00 76 8c 11 d2 40 00 00 
00 00 00 90 7f c0 00 00 00 68 33 60 d2 40 c0 01 82 02 a8 12 ee 02 b2 09 ee 02 07 08 00 00 81 e5 
1a 00 00 02 04 09 00 00 01 00 0c 57 02 db cd ab 13 8e 47 72 65 61 74 20 57 61 6c 6c 20 53 65 63 
75 72 69 74 79 20 4a 6f 74 6f 68 65 69 00 00 00 00 00 00 10 00 00 22 d5 06 1b 23 1c 00 c6 01 80 
c3 5a 0a 00 58 4c 0a 00 28 00 00 00 10 f5 20 d7 40 00 00 00 00 00 90 7f c0 00 00 00 8c 0d 17 d0 
40 c0 01 82 03 a8 12 f4 01 b2 09 f4 01 07 08 00 00 81 e5 1a 00 00 02 04 07 00 00 00 00 04 01 00 
26 0a 16 80 bc 56 00 d6 0d 00 95 a7 00 00 09 04 12 00 00 00 01 00 00 00 00 16 80 bc 56 00 d7 0d 
00 95 a7 00 00 70 00 0f 00 00 00 01 00 00 00 00 16 80 bc 56 00 18 0e 00 95 a7 00 00 b4 00 12 00 
00 00 00 00 00 00 00 16 80 bc 56 00 19 0e 00 95 a7 00 00 b5 00 12 00 00 00 00 00 00 00 00 16 80 
bc 56 00 1a 0e 00 95 a7 00 00 09 04 12 00 00 00 00 00 00 00 00 16 80 bc 56 00 1b 0e 00 95 a7 00 
00 70 00 0f 00 00 00 00 00 00 00 00 16 80 bc 56 00 d8 0d 00 2c b3 00 00 17 04 01 00 00 00 01 00 
00 00 00 16 80 bc 56 00 d9 0d 00 2c b3 00 00 b4 00 21 00 00 00 01 00 00 00 00 16 80 bc 56 00 da 
0d 00 2c b3 00 00 09 04 21 00 00 00 01 00 00 00 00 16 80 bc 56 00 db 0d 00 2c b3 00 00 12 04 02 
00 00 00 01 00 00 00 00 
..............hF...Bv]LF...W......Great Wall Security Jun............."...%......]..XL..(.......
@...............@.............................W......Jade Moon Yoi......................."......
......X.....8.@.....@U@.....'.@..............................W......Great Wall Security Socho...
........".i$......\..X...v...@...........h3`.@.............................W......Great Wall Sec
urity Jotohei........."...#......Z..XL..(..... .@...............@...............................
&....V......................V........p.............V......................V.....................
.V......................V........p.............V....,.................V....,.....!...........V..
..,.....!...........V....,..............

Client->GAME [13:19:56 07/15/09] packet size: 1 CRYPTED, Flags: 7f ServerSeq: 9 ClientSeq: 8
02 
.

GAME->Client [13:19:56 07/15/09] packet size: 726 CRYPTED, Flags: 7f ServerSeq: 10 ClientSeq: 7
02 03 01 00 02 14 00 0b 00 02 0e 04 e1 90 c5 61 46 00 00 aa 42 30 3f a1 46 01 00 02 10 00 09 00 
04 80 80 80 80 c0 4c 0a 00 28 01 01 01 00 0c 57 02 dc cd ab 11 8e 42 72 6f 74 68 65 72 73 20 6f 
66 20 44 65 73 74 69 6e 79 20 46 72 61 74 65 72 00 00 00 00 00 00 00 10 00 00 22 d4 a9 ff 1b 00 
c6 01 80 c1 f9 09 00 58 00 00 00 50 44 b3 d6 40 00 00 00 00 00 c0 57 40 00 00 00 c0 0f f4 c4 40 
c0 01 82 03 a8 11 db 01 b2 09 db 01 07 08 00 00 81 ef 1a 00 00 02 04 05 00 00 01 00 08 78 19 ad 
05 50 0c f3 cd ab 05 3d 00 00 00 00 80 a1 d5 40 00 00 00 00 00 70 7f c0 00 00 00 00 00 72 ca 40 
59 75 75 73 75 6b 65 20 41 6b 61 79 61 6d 61 00 00 00 00 00 00 00 00 00 00 00 00 00 00 00 00 00 
8f 0a 00 58 23 00 00 00 00 00 00 00 bd e8 aa 3e 00 00 00 00 f3 50 71 3f 03 00 00 1b 00 04 80 80 
80 80 c0 4c 0a 00 28 01 01 15 00 02 0c b6 8a 7f 68 46 00 00 be 42 76 5d 4c 46 00 00 04 01 00 30 
13 16 80 bc 56 00 dc 0d 00 2c b3 00 00 07 04 02 00 00 00 01 00 00 00 00 16 80 bc 56 00 dd 0d 00 
2c b3 00 00 b5 00 21 00 00 00 01 00 00 00 00 16 80 bc 56 00 1c 0e 00 2c b3 00 00 17 04 01 00 00 
00 00 00 00 00 00 16 80 bc 56 00 1d 0e 00 2c b3 00 00 b4 00 21 00 00 00 00 00 00 00 00 16 80 bc 
56 00 1e 0e 00 2c b3 00 00 09 04 21 00 00 00 00 00 00 00 00 16 80 bc 56 00 1f 0e 00 2c b3 00 00 
12 04 02 00 00 00 00 00 00 00 00 16 80 bc 56 00 20 0e 00 2c b3 00 00 07 04 02 00 00 00 00 00 00 
00 00 16 80 bc 56 00 21 0e 00 2c b3 00 00 b5 00 21 00 00 00 00 00 00 00 00 16 80 bc 56 00 de 0d 
00 c3 b2 00 00 89 02 02 00 00 00 01 00 00 00 00 16 80 bc 56 00 df 0d 00 c3 b2 00 00 21 04 02 00 
00 00 01 00 00 00 00 16 80 bc 56 00 e0 0d 00 c3 b2 00 00 b4 00 1f 00 00 00 01 00 00 00 00 16 80 
bc 56 00 e1 0d 00 c3 b2 00 00 09 04 1f 00 00 00 01 00 00 00 00 16 80 bc 56 00 e2 0d 00 c3 b2 00 
00 1e 04 01 00 00 00 01 00 00 00 00 16 80 bc 56 00 e3 0d 00 c3 b2 00 00 9d 00 1f 00 00 00 01 00 
00 00 00 16 80 bc 56 00 22 0e 00 c3 b2 00 00 89 02 02 00 00 00 00 00 00 00 00 16 80 bc 56 00 23 
0e 00 c3 b2 00 00 21 04 02 00 00 00 00 00 00 00 00 16 80 bc 56 00 24 0e 00 c3 b2 00 00 b4 00 1f 
00 00 00 00 00 00 00 00 16 80 bc 56 00 25 0e 00 c3 b2 00 00 09 04 1f 00 00 00 00 00 00 00 00 16 
80 bc 56 00 26 0e 00 c3 b2 00 00 1e 04 01 00 00 00 00 00 00 00 00 
...............aF...B0?.F.............L..(.....W......Brothers of Destiny Frater..........".....
.......X...PD..@......W@.......@.............................x...P.....=.......@.....p.......r.@
Yuusuke Akayama....................X#..........>.....Pq?...........L..(.........hF...Bv]LF.....0
....V....,.................V....,.....!...........V....,.................V....,.....!...........
V....,.....!...........V....,.................V. ..,.................V.!..,.....!...........V...
...................V........!.............V......................V......................V.......
...............V......................V."....................V.#......!.............V.$.........
...........V.%....................V.&.................

Client->GAME [13:19:56 07/15/09] packet size: 1 CRYPTED, Flags: 7f ServerSeq: 10 ClientSeq: 9
02 
.

GAME->Client [13:19:56 07/15/09] packet size: 703 CRYPTED, Flags: 7f ServerSeq: 11 ClientSeq: 8
02 03 17 00 04 80 80 80 80 c0 4c 0a 00 28 01 01 15 00 02 0c c0 8a 7f 68 46 00 00 be 42 76 5d 4c 
46 0b 00 02 0e 04 eb 90 c5 61 46 00 00 aa 42 30 3f a1 46 00 00 04 01 00 43 1d 16 80 bc 56 00 27 
0e 00 c3 b2 00 00 9d 00 1f 00 00 00 00 00 00 00 00 16 80 bc 15 00 ff 0d 00 11 00 00 00 ab 00 0d 
00 00 00 01 00 00 00 00 16 80 bc 15 00 00 0e 00 11 00 00 00 0a 02 4d 00 00 00 01 00 00 00 00 16 
80 bc 15 00 01 0e 00 11 00 00 00 f2 03 34 00 00 00 01 00 00 00 00 16 80 bc 15 00 02 0e 00 11 00 
00 00 ed 03 4d 00 00 00 01 00 00 00 00 16 80 bc 15 00 03 0e 00 11 00 00 00 9f 00 19 00 00 00 01 
00 00 00 00 16 80 bc 15 00 04 0e 00 11 00 00 00 f1 03 34 00 00 00 01 00 00 00 00 16 80 bc 15 00 
05 0e 00 11 00 00 00 0c 02 34 00 00 00 01 00 00 00 00 16 80 bc 15 00 06 0e 00 11 00 00 00 b7 00 
4d 00 00 00 01 00 00 00 00 16 80 bc 15 00 07 0e 00 11 00 00 00 f3 03 46 00 00 00 01 00 00 00 00 
0b 80 bd 05 11 00 00 00 00 00 00 00 16 80 bc 15 00 28 0e 00 11 00 00 00 ab 00 0d 00 00 00 00 00 
00 00 00 16 80 bc 15 00 29 0e 00 11 00 00 00 0a 02 4d 00 00 00 00 00 00 00 00 16 80 bc 15 00 2a 
0e 00 11 00 00 00 f2 03 34 00 00 00 00 00 00 00 00 16 80 bc 15 00 2b 0e 00 11 00 00 00 ed 03 4d 
00 00 00 00 00 00 00 00 16 80 bc 15 00 2c 0e 00 11 00 00 00 9f 00 19 00 00 00 00 00 00 00 00 16 
80 bc 15 00 2d 0e 00 11 00 00 00 f1 03 34 00 00 00 00 00 00 00 00 16 80 bc 15 00 2e 0e 00 11 00 
00 00 0c 02 34 00 00 00 00 00 00 00 00 16 80 bc 15 00 2f 0e 00 11 00 00 00 b7 00 4d 00 00 00 00 
00 00 00 00 16 80 bc 15 00 30 0e 00 11 00 00 00 f3 03 46 00 00 00 00 00 00 00 00 0b 80 bd 05 11 
00 00 00 00 00 00 01 16 80 bc 15 00 28 0e 00 11 00 00 00 ab 00 0d 00 00 00 01 00 00 00 00 16 80 
bc 15 00 29 0e 00 11 00 00 00 0a 02 4d 00 00 00 01 00 00 00 00 16 80 bc 15 00 2a 0e 00 11 00 00 
00 f2 03 34 00 00 00 01 00 00 00 00 16 80 bc 15 00 2b 0e 00 11 00 00 00 ed 03 4d 00 00 00 01 00 
00 00 00 16 80 bc 15 00 2c 0e 00 11 00 00 00 9f 00 19 00 00 00 01 00 00 00 00 16 80 bc 15 00 2d 
0e 00 11 00 00 00 f1 03 34 00 00 00 01 00 00 00 00 16 80 bc 15 00 2e 0e 00 11 00 00 00 0c 02 34 
00 00 00 01 00 00 00 00 16 80 bc 15 00 2f 0e 00 11 00 00 00 b7 00 4d 00 00 00 01 00 00 00 00 
..........L..(.........hF...Bv]LF........aF...B0?.F.....C....V.'................................
......................M......................4......................M...........................
..................4......................4......................M......................F........
.................(......................)........M.............*........4.............+........M
.............,......................-........4......................4............./........M....
.........0........F.........................(......................)........M.............*.....
...4.............+........M.............,......................-........4......................4
............./........M........

Client->GAME [13:19:56 07/15/09] packet size: 1 CRYPTED, Flags: 7f ServerSeq: 11 ClientSeq: 10
02 
.

GAME->Client [13:19:56 07/15/09] packet size: 708 CRYPTED, Flags: 7f ServerSeq: 12 ClientSeq: 9
02 03 21 00 02 08 da eb 74 46 00 00 be 42 90 a7 50 46 15 00 02 0c ca 8a 7f 68 46 00 00 be 42 76 
5d 4c 46 0b 00 02 0c f5 90 c5 61 46 00 00 aa 42 30 3f a1 46 00 00 04 01 00 60 1f 16 80 bc 15 00 
30 0e 00 11 00 00 00 f3 03 46 00 00 00 01 00 00 00 00 04 80 b3 11 00 16 80 bc 45 03 11 00 00 02 
00 00 00 11 00 32 00 00 00 01 00 00 00 00 16 80 bc 55 00 e4 0d 00 02 00 00 00 cc 00 0c 00 00 00 
01 00 00 00 00 08 80 b2 11 00 32 00 08 02 16 80 bc 45 03 11 00 00 02 00 00 00 11 00 32 00 00 00 
00 00 00 00 00 16 80 bc 55 00 31 0e 00 02 00 00 00 cc 00 0c 00 00 00 00 00 00 00 00 16 80 bc 15 
00 32 0e 00 11 00 00 00 ab 00 0d 00 00 00 00 00 00 00 00 16 80 bc 15 00 33 0e 00 11 00 00 00 0a 
02 4d 00 00 00 00 00 00 00 00 16 80 bc 15 00 34 0e 00 11 00 00 00 f2 03 34 00 00 00 00 00 00 00 
00 16 80 bc 15 00 35 0e 00 11 00 00 00 ed 03 4d 00 00 00 00 00 00 00 00 16 80 bc 15 00 36 0e 00 
11 00 00 00 9f 00 19 00 00 00 00 00 00 00 00 16 80 bc 15 00 37 0e 00 11 00 00 00 f1 03 34 00 00 
00 00 00 00 00 00 16 80 bc 15 00 38 0e 00 11 00 00 00 0c 02 34 00 00 00 00 00 00 00 00 16 80 bc 
15 00 39 0e 00 11 00 00 00 b7 00 4d 00 00 00 00 00 00 00 00 16 80 bc 15 00 3a 0e 00 11 00 00 00 
f3 03 46 00 00 00 00 00 00 00 00 16 80 bc 55 00 e5 0d 00 0b 00 00 00 37 02 96 00 00 00 01 00 00 
00 00 16 80 bc 55 00 3b 0e 00 0b 00 00 00 37 02 96 00 00 00 00 00 00 00 00 16 80 bc 55 00 e6 0d 
00 2d 00 00 00 23 04 0a 00 00 00 01 00 00 00 00 16 80 bc 55 00 e7 0d 00 2d 00 00 00 20 04 0a 00 
00 00 01 00 00 00 00 16 80 bc 55 00 e8 0d 00 2d 00 00 00 19 04 05 00 00 00 01 00 00 00 00 16 80 
bc 55 00 e9 0d 00 2d 00 00 00 42 04 05 00 00 00 01 00 00 00 00 16 80 bc 55 00 3c 0e 00 2d 00 00 
00 23 04 0a 00 00 00 00 00 00 00 00 16 80 bc 55 00 3d 0e 00 2d 00 00 00 20 04 0a 00 00 00 00 00 
00 00 00 16 80 bc 55 00 3e 0e 00 2d 00 00 00 19 04 05 00 00 00 00 00 00 00 00 16 80 bc 55 00 3f 
0e 00 2d 00 00 00 42 04 05 00 00 00 00 00 00 00 00 16 80 bc 55 00 ea 0d 00 34 00 00 00 83 02 c8 
00 00 00 01 00 00 00 00 16 80 bc 55 00 40 0e 00 34 00 00 00 83 02 c8 00 00 00 00 00 00 00 00 04 
80 b3 3d 04 16 80 bc 45 03 3d 04 00 43 00 00 00 3d 04 00 00 00 00 01 00 00 00 00 08 80 b2 3d 04 
00 00 08 02 
..!.....tF...B..PF.......hF...Bv]LF.......aF...B0?.F.....`......0........F................E.....
.....2...........U........................2......E..........2...........U.1.....................
.2......................3........M.............4........4.............5........M.............6..
....................7........4.............8........4.............9........M.............:......
..F...........U........7.............U.;......7.............U....-...#.............U....-... ...
..........U....-.................U....-...B.............U.<..-...#.............U.=..-... .......
......U.>..-.................U.?..-...B.............U....4.................U.@..4...............
..=....E.=..C...=.............=.....

Client->GAME [13:19:56 07/15/09] packet size: 1 CRYPTED, Flags: 7f ServerSeq: 12 ClientSeq: 11
02 
.

GAME->Client [13:19:56 07/15/09] packet size: 705 CRYPTED, Flags: 7f ServerSeq: 13 ClientSeq: 10
02 03 1f 00 02 0e 00 2e b2 2b a8 46 00 80 fc c3 89 c1 5c 46 15 00 02 0c d4 8a 7f 68 46 00 00 be 
42 76 5d 4c 46 0b 00 02 0e 00 ff 90 c5 61 46 00 00 aa 42 30 3f a1 46 00 00 04 02 00 7f 07 16 80 
bc 45 03 3d 04 00 43 00 00 00 3d 04 00 00 00 00 00 00 00 00 00 16 80 bc 55 00 eb 0d 00 4b 00 00 
00 1f 04 19 00 00 00 01 00 00 00 00 16 80 bc 55 00 41 0e 00 4b 00 00 00 1f 04 19 00 00 00 00 00 
00 00 00 16 80 bc 55 00 ec 0d 00 5f 00 00 00 7c 04 0f 00 00 00 01 00 00 00 00 16 80 bc 55 00 ed 
0d 00 5f 00 00 00 07 04 0f 00 00 00 01 00 00 00 00 16 80 bc 55 00 42 0e 00 5f 00 00 00 7c 04 0f 
00 00 00 00 00 00 00 00 16 80 bc 55 00 43 0e 00 5f 00 00 00 07 04 0f 00 00 00 00 00 00 00 00 00 
86 19 16 80 bc 55 00 ee 0d 00 62 00 00 00 06 04 01 00 00 00 01 00 00 00 00 04 80 b3 35 04 16 80 
bc 45 03 35 04 00 62 00 00 00 35 04 00 00 00 00 01 00 00 00 00 16 80 bc 55 00 ef 0d 00 62 00 00 
00 15 04 01 00 00 00 01 00 00 00 00 16 80 bc 55 00 44 0e 00 62 00 00 00 06 04 01 00 00 00 00 00 
00 00 00 08 80 b2 35 04 00 00 08 02 16 80 bc 45 03 35 04 00 62 00 00 00 35 04 00 00 00 00 00 00 
00 00 00 16 80 bc 55 00 45 0e 00 62 00 00 00 15 04 01 00 00 00 00 00 00 00 00 04 80 b3 3e 04 16 
80 bc 45 03 3e 04 00 4f 01 00 00 3e 04 00 00 00 00 01 00 00 00 00 08 80 b2 3e 04 00 00 08 02 16 
80 bc 45 03 3e 04 00 4f 01 00 00 3e 04 00 00 00 00 00 00 00 00 00 16 80 bc 55 00 f0 0d 00 5a 01 
00 00 07 04 05 00 00 00 01 00 00 00 00 16 80 bc 55 00 f1 0d 00 5a 01 00 00 1d 04 0f 00 00 00 01 
00 00 00 00 16 80 bc 55 00 46 0e 00 5a 01 00 00 07 04 05 00 00 00 00 00 00 00 00 16 80 bc 55 00 
47 0e 00 5a 01 00 00 1d 04 0f 00 00 00 00 00 00 00 00 04 80 b3 3f 04 16 80 bc 45 03 3f 04 00 64 
01 00 00 3f 04 00 00 00 00 01 00 00 00 00 16 80 bc 55 00 f2 0d 00 64 01 00 00 1f 04 05 00 00 00 
01 00 00 00 00 08 80 b2 3f 04 00 00 08 02 16 80 bc 45 03 3f 04 00 64 01 00 00 3f 04 00 00 00 00 
00 00 00 00 00 16 80 bc 55 00 48 0e 00 64 01 00 00 1f 04 05 00 00 00 00 00 00 00 00 16 80 bc 55 
00 f3 0d 00 66 01 00 00 7b 04 05 00 00 00 01 00 00 00 00 16 80 bc 55 00 f4 0d 00 66 01 00 00 12 
04 0a 00 00 00 01 00 00 00 00 16 80 bc 55 00 f5 0d 00 66 01 00 00 06 04 0b 00 00 00 01 00 00 00 
00 
.........+.F......\F.......hF...Bv]LF........aF...B0?.F..........E.=..C...=.............U....K..
...............U.A..K.................U...._...|.............U...._.................U.B.._...|..
...........U.C.._....................U....b.................5....E.5..b...5.............U....b..
...............U.D..b.................5........E.5..b...5.............U.E..b.................>..
..E.>..O...>.............>........E.>..O...>.............U....Z.................U....Z..........
.......U.F..Z.................U.G..Z.................?....E.?..d...?.............U....d.........
........?........E.?..d...?.............U.H..d.................U....f...{.............U....f....
.............U....f..............

Client->GAME [13:19:56 07/15/09] packet size: 1 CRYPTED, Flags: 7f ServerSeq: 13 ClientSeq: 12
02 
.

GAME->Client [13:19:56 07/15/09] packet size: 697 CRYPTED, Flags: 7f ServerSeq: 14 ClientSeq: 11
02 03 1f 00 02 0e 00 2e b2 2b a8 46 00 80 fc c3 89 c1 5c 46 15 00 02 0c de 8a 7f 68 46 00 00 be 
42 76 5d 4c 46 0b 00 02 0e 00 09 90 c5 61 46 00 00 aa 42 30 3f a1 46 00 00 04 01 00 9f 1d 16 80 
bc 55 00 49 0e 00 66 01 00 00 7b 04 05 00 00 00 00 00 00 00 00 16 80 bc 55 00 4a 0e 00 66 01 00 
00 12 04 0a 00 00 00 00 00 00 00 00 16 80 bc 55 00 4b 0e 00 66 01 00 00 06 04 0b 00 00 00 00 00 
00 00 00 16 80 bc 55 00 f6 0d 00 8e 01 00 00 03 04 05 00 00 00 01 00 00 00 00 16 80 bc 55 00 f7 
0d 00 8e 01 00 00 12 04 0f 00 00 00 01 00 00 00 00 16 80 bc 55 00 f8 0d 00 8e 01 00 00 77 04 05 
00 00 00 01 00 00 00 00 16 80 bc 55 00 4c 0e 00 8e 01 00 00 03 04 05 00 00 00 00 00 00 00 00 16 
80 bc 55 00 4d 0e 00 8e 01 00 00 12 04 0f 00 00 00 00 00 00 00 00 16 80 bc 55 00 4e 0e 00 8e 01 
00 00 77 04 05 00 00 00 00 00 00 00 00 16 80 bc 55 00 f9 0d 00 cd 01 00 00 e5 03 05 00 00 00 01 
00 00 00 00 16 80 bc 55 00 fa 0d 00 cd 01 00 00 73 04 05 00 00 00 01 00 00 00 00 16 80 bc 55 00 
fb 0d 00 cd 01 00 00 e3 03 0f 00 00 00 01 00 00 00 00 16 80 bc 55 00 4f 0e 00 cd 01 00 00 e5 03 
05 00 00 00 00 00 00 00 00 16 80 bc 55 00 50 0e 00 cd 01 00 00 73 04 05 00 00 00 00 00 00 00 00 
16 80 bc 55 00 51 0e 00 cd 01 00 00 e3 03 0f 00 00 00 00 00 00 00 00 04 80 b3 40 04 16 80 bc 45 
03 40 04 00 d5 01 00 00 40 04 00 00 00 00 01 00 00 00 00 16 80 bc 55 00 fc 0d 00 d5 01 00 00 e3 
03 05 00 00 00 01 00 00 00 00 08 80 b2 40 04 00 00 08 02 16 80 bc 45 03 40 04 00 d5 01 00 00 40 
04 00 00 00 00 00 00 00 00 00 16 80 bc 55 00 52 0e 00 d5 01 00 00 e3 03 05 00 00 00 00 00 00 00 
00 16 80 bc 55 00 fd 0d 00 36 02 00 00 37 02 0a 00 00 00 01 00 00 00 00 16 80 bc 55 00 53 0e 00 
36 02 00 00 37 02 0a 00 00 00 00 00 00 00 00 16 80 bc 55 00 fe 0d 00 74 02 00 00 34 02 1e 00 00 
00 01 00 00 00 00 16 80 bc 55 00 54 0e 00 74 02 00 00 34 02 1e 00 00 00 00 00 00 00 00 16 80 bc 
15 00 32 0e 00 11 00 00 00 ab 00 0d 00 00 00 01 00 00 00 00 16 80 bc 15 00 33 0e 00 11 00 00 00 
0a 02 4d 00 00 00 01 00 00 00 00 16 80 bc 15 00 34 0e 00 11 00 00 00 f2 03 34 00 00 00 01 00 00 
00 00 16 80 bc 15 00 35 0e 00 11 00 00 00 ed 03 4d 00 00 00 01 00 00 00 00 
.........+.F......\F.......hF...Bv]LF........aF...B0?.F..........U.I..f...{.............U.J..f..
...............U.K..f.................U......................U......................U........w..
...........U.L....................U.M....................U.N......w.............U...............
.......U........s.............U......................U.O....................U.P......s..........
...U.Q....................@....E.@......@.............U......................@........E.@......@
.............U.R....................U....6...7.............U.S..6...7.............U....t...4....
.........U.T..t...4...............2......................3........M.............4........4......
.......5........M........

Client->GAME [13:19:56 07/15/09] packet size: 1 CRYPTED, Flags: 7f ServerSeq: 14 ClientSeq: 13
02 
.

GAME->Client [13:19:56 07/15/09] packet size: 712 CRYPTED, Flags: 7f ServerSeq: 15 ClientSeq: 12
02 03 1d 00 02 08 1a 87 6a 46 00 00 aa 42 e9 e6 a0 46 15 00 02 0e 00 e8 8a 7f 68 46 00 00 be 42 
76 5d 4c 46 0b 00 02 0c 0e 90 c5 61 46 00 00 aa 42 30 3f a1 46 00 00 04 02 00 bc 10 16 80 bc 15 
00 36 0e 00 11 00 00 00 9f 00 19 00 00 00 01 00 00 00 00 16 80 bc 15 00 37 0e 00 11 00 00 00 f1 
03 34 00 00 00 01 00 00 00 00 16 80 bc 15 00 38 0e 00 11 00 00 00 0c 02 34 00 00 00 01 00 00 00 
00 16 80 bc 15 00 39 0e 00 11 00 00 00 b7 00 4d 00 00 00 01 00 00 00 00 16 80 bc 15 00 3a 0e 00 
11 00 00 00 f3 03 46 00 00 00 01 00 00 00 00 0b 80 bd 05 11 00 00 00 00 00 00 00 16 80 bc 15 00 
55 0e 00 11 00 00 00 ab 00 0d 00 00 00 00 00 00 00 00 16 80 bc 15 00 56 0e 00 11 00 00 00 0a 02 
4d 00 00 00 00 00 00 00 00 16 80 bc 15 00 57 0e 00 11 00 00 00 f2 03 34 00 00 00 00 00 00 00 00 
16 80 bc 15 00 58 0e 00 11 00 00 00 ed 03 4d 00 00 00 00 00 00 00 00 16 80 bc 15 00 59 0e 00 11 
00 00 00 9f 00 19 00 00 00 00 00 00 00 00 16 80 bc 15 00 5a 0e 00 11 00 00 00 f1 03 34 00 00 00 
00 00 00 00 00 16 80 bc 15 00 5b 0e 00 11 00 00 00 0c 02 34 00 00 00 00 00 00 00 00 16 80 bc 15 
00 5c 0e 00 11 00 00 00 b7 00 4d 00 00 00 00 00 00 00 00 16 80 bc 15 00 5d 0e 00 11 00 00 00 f3 
03 46 00 00 00 00 00 00 00 00 0b 80 bd 05 11 00 00 00 00 00 00 01 00 cc 09 17 3a 05 00 11 00 0a 
00 50 76 50 53 65 72 76 65 72 00 04 00 06 00 00 00 1d 3a 05 00 17 00 10 00 50 76 50 4d 61 78 53 
61 66 65 4c 65 76 65 6c 00 04 00 0f 00 00 00 3f 3a 05 00 14 00 0d 00 57 52 5f 52 65 7a 45 76 65 
6e 74 73 00 29 00 48 61 6c 6c 6f 77 65 65 6e 5f 45 76 65 6e 74 2c 57 69 6e 74 65 72 33 50 6c 75 
73 48 61 6c 6c 6f 77 65 65 6e 54 53 45 43 00 1b 3a 05 00 19 00 12 00 45 76 65 6e 74 53 6c 6f 74 
31 5f 45 66 66 65 63 74 00 00 00 28 3a 05 00 19 00 12 00 45 76 65 6e 74 53 6c 6f 74 32 5f 45 66 
66 65 63 74 00 0d 00 66 6c 79 6d 61 6e 5f 69 64 6c 65 33 00 25 3a 05 00 19 00 12 00 45 76 65 6e 
74 53 6c 6f 74 33 5f 45 66 66 65 63 74 00 0a 00 66 6c 79 5f 76 69 72 75 73 00 1f 3a 05 00 1b 00 
14 00 46 69 78 65 64 42 69 6e 6b 49 44 4f 76 65 72 72 69 64 65 00 02 00 20 00 16 80 bc 15 00 bd 
0d 00 f7 03 00 00 08 02 00 00 00 00 00 00 00 00 00 16 80 bc 15 00 be 0d 00 f7 03 00 00 07 02 ec 
ff ff ff 00 00 00 00 00 
........jF...B...F........hF...Bv]LF.......aF...B0?.F............6......................7.......
.4.............8........4.............9........M.............:........F.........................
U......................V........M.............W........4.............X........M.............Y...
...................Z........4.............[........4.............\........M.............].......
.F........................:......PvPServer........:......PvPMaxSafeLevel.......?:......WR_RezEve
nts.).Halloween_Event,Winter3PlusHalloweenTSEC..:......EventSlot1_Effect...(:......EventSlot2_Ef
fect...flyman_idle3.%:......EventSlot3_Effect...fly_virus..:......FixedBinkIDOverride... .......
........................................

Client->GAME [13:19:56 07/15/09] packet size: 1 CRYPTED, Flags: 7f ServerSeq: 15 ClientSeq: 14
02 
.

GAME->Client [13:19:56 07/15/09] packet size: 698 CRYPTED, Flags: 7f ServerSeq: 16 ClientSeq: 13
82 2a 2a fc 48 03 15 00 02 0e 00 f2 8a 7f 68 46 00 00 be 42 76 5d 4c 46 00 00 04 01 00 d5 1d 16 
80 bc 15 00 bf 0d 00 f7 03 00 00 50 04 00 00 00 00 00 00 00 00 00 16 80 bc 15 00 c0 0d 00 f7 03 
00 00 f4 03 00 00 00 00 00 00 00 00 00 16 80 bc 15 00 c1 0d 00 f7 03 00 00 51 04 f6 ff ff ff 00 
00 00 00 00 16 80 bc 15 00 c2 0d 00 f7 03 00 00 52 04 0f 00 00 00 00 00 00 00 00 16 80 bc 11 00 
c3 0d 00 00 00 00 00 cb 02 00 00 00 00 00 00 00 00 00 16 80 bc 56 00 08 0e 00 0a 95 00 00 06 04 
02 00 00 00 00 00 00 00 00 16 80 bc 56 00 09 0e 00 0a 95 00 00 b4 00 11 00 00 00 00 00 00 00 00 
16 80 bc 56 00 0a 0e 00 0a 95 00 00 b5 00 11 00 00 00 00 00 00 00 00 16 80 bc 56 00 0b 0e 00 0a 
95 00 00 07 04 02 00 00 00 00 00 00 00 00 16 80 bc 56 00 0c 0e 00 8a b2 00 00 23 04 02 00 00 00 
00 00 00 00 00 16 80 bc 56 00 0d 0e 00 8a b2 00 00 21 04 01 00 00 00 00 00 00 00 00 16 80 bc 56 
00 0e 0e 00 8a b2 00 00 b4 00 1d 00 00 00 00 00 00 00 00 16 80 bc 56 00 0f 0e 00 8a b2 00 00 09 
04 1d 00 00 00 00 00 00 00 00 16 80 bc 56 00 10 0e 00 8a b2 00 00 9d 00 1d 00 00 00 00 00 00 00 
00 16 80 bc 56 00 11 0e 00 8a b2 00 00 06 04 01 00 00 00 00 00 00 00 00 16 80 bc 56 00 12 0e 00 
24 b3 00 00 89 02 02 00 00 00 00 00 00 00 00 16 80 bc 56 00 13 0e 00 24 b3 00 00 1a 04 01 00 00 
00 00 00 00 00 00 16 80 bc 56 00 14 0e 00 24 b3 00 00 b4 00 21 00 00 00 00 00 00 00 00 16 80 bc 
56 00 15 0e 00 24 b3 00 00 09 04 21 00 00 00 00 00 00 00 00 16 80 bc 56 00 16 0e 00 24 b3 00 00 
15 04 02 00 00 00 00 00 00 00 00 16 80 bc 56 00 17 0e 00 24 b3 00 00 b5 00 21 00 00 00 00 00 00 
00 00 16 80 bc 56 00 18 0e 00 95 a7 00 00 b4 00 12 00 00 00 00 00 00 00 00 16 80 bc 56 00 19 0e 
00 95 a7 00 00 b5 00 12 00 00 00 00 00 00 00 00 16 80 bc 56 00 1a 0e 00 95 a7 00 00 09 04 12 00 
00 00 00 00 00 00 00 16 80 bc 56 00 1b 0e 00 95 a7 00 00 70 00 0f 00 00 00 00 00 00 00 00 16 80 
bc 56 00 1c 0e 00 2c b3 00 00 17 04 01 00 00 00 00 00 00 00 00 16 80 bc 56 00 1d 0e 00 2c b3 00 
00 b4 00 21 00 00 00 00 00 00 00 00 16 80 bc 56 00 1e 0e 00 2c b3 00 00 09 04 21 00 00 00 00 00 
00 00 00 16 80 bc 56 00 1f 0e 00 2c b3 00 00 12 04 02 00 00 00 00 00 00 00 00 
.**.H.........hF...Bv]LF...................P.............................................Q......
................R....................................V......................V...................
...V......................V......................V........#.............V........!.............V
......................V......................V......................V......................V....
$.................V....$.................V....$.....!...........V....$.....!...........V....$...
..............V....$.....!...........V......................V......................V............
..........V........p.............V....,.................V....,.....!...........V....,.....!.....
......V....,..............

Client->GAME [13:19:56 07/15/09] packet size: 1 CRYPTED, Flags: 7f ServerSeq: 0 ClientSeq: 15
02 
.

