GAME->Client [13:33:53 07/15/09] packet size: 20 CRYPTED, Flags: 7f ServerSeq: 487 ClientSeq: 266
02 03 0d 00 02 08 92 11 01 c7 00 00 be 42 b8 c2 2b 46 00 00 
.............B..+F..

Client->GAME [13:33:53 07/15/09] packet size: 1 CRYPTED, Flags: 7f ServerSeq: 263 ClientSeq: 507
02 
.

GAME->Client [13:33:54 07/15/09] packet size: 24 CRYPTED, Flags: 7f ServerSeq: 488 ClientSeq: 267
82 cf 92 fc 48 03 0d 00 02 08 b4 8b 00 c7 00 00 be 42 28 f5 2d 46 00 00 
....H............B(.-F..

Client->GAME [13:33:54 07/15/09] packet size: 1 CRYPTED, Flags: 7f ServerSeq: 264 ClientSeq: 508
02 
.

GAME->Client [13:33:54 07/15/09] packet size: 11 CRYPTED, Flags: 7f ServerSeq: 489 ClientSeq: 268
02 03 01 00 01 01 00 0b 00 00 00 
...........

Client->GAME [13:33:54 07/15/09] packet size: 1 CRYPTED, Flags: 7f ServerSeq: 265 ClientSeq: 509
02 
.

GAME->Client [13:33:55 07/15/09] packet size: 20 CRYPTED, Flags: 7f ServerSeq: 490 ClientSeq: 269
02 03 0d 00 02 08 87 11 00 c7 00 00 be 42 72 f6 2f 46 00 00 
.............Br./F..

Client->GAME [13:33:55 07/15/09] packet size: 1 CRYPTED, Flags: 7f ServerSeq: 266 ClientSeq: 510
02 
.

Client->GAME [13:33:55 07/15/09] packet size: 25 CRYPTED, Flags: 7f ServerSeq: 266 ClientSeq: 511
02 04 01 00 26 01 12 81 8e 0e 00 00 00 03 00 00 00 63 00 00 00 01 00 00 00 
....&............c.......

GAME->Client [13:33:56 07/15/09] packet size: 700 CRYPTED, Flags: 7f ServerSeq: 491 ClientSeq: 271
82 10 93 fc 48 04 01 01 29 1e 16 80 bc 15 00 88 00 00 f7 03 00 00 08 02 00 00 00 00 01 00 00 00 
00 16 80 bc 15 00 89 00 00 f7 03 00 00 07 02 ec ff ff ff 01 00 00 00 00 16 80 bc 15 00 8a 00 00 
f7 03 00 00 50 04 00 00 00 00 01 00 00 00 00 16 80 bc 15 00 8b 00 00 f7 03 00 00 f4 03 00 00 00 
00 01 00 00 00 00 16 80 bc 15 00 8c 00 00 f7 03 00 00 51 04 f6 ff ff ff 01 00 00 00 00 16 80 bc 
15 00 8d 00 00 f7 03 00 00 52 04 0f 00 00 00 01 00 00 00 00 16 80 bc 11 00 d2 00 00 00 00 00 00 
cb 02 00 00 00 00 01 00 00 00 00 16 80 bc 56 00 d3 00 00 0a 95 00 00 06 04 02 00 00 00 01 00 00 
00 00 16 80 bc 56 00 d4 00 00 0a 95 00 00 b4 00 11 00 00 00 01 00 00 00 00 16 80 bc 56 00 d5 00 
00 0a 95 00 00 b5 00 11 00 00 00 01 00 00 00 00 16 80 bc 56 00 d6 00 00 0a 95 00 00 07 04 02 00 
00 00 01 00 00 00 00 16 80 bc 56 00 d7 00 00 8a b2 00 00 23 04 02 00 00 00 01 00 00 00 00 16 80 
bc 56 00 d8 00 00 8a b2 00 00 21 04 01 00 00 00 01 00 00 00 00 16 80 bc 56 00 d9 00 00 8a b2 00 
00 b4 00 1d 00 00 00 01 00 00 00 00 16 80 bc 56 00 da 00 00 8a b2 00 00 09 04 1d 00 00 00 01 00 
00 00 00 16 80 bc 56 00 db 00 00 8a b2 00 00 9d 00 1d 00 00 00 01 00 00 00 00 16 80 bc 56 00 dc 
00 00 8a b2 00 00 06 04 01 00 00 00 01 00 00 00 00 16 80 bc 56 00 dd 00 00 24 b3 00 00 89 02 02 
00 00 00 01 00 00 00 00 16 80 bc 56 00 de 00 00 24 b3 00 00 1a 04 01 00 00 00 01 00 00 00 00 16 
80 bc 56 00 df 00 00 24 b3 00 00 b4 00 21 00 00 00 01 00 00 00 00 16 80 bc 56 00 e0 00 00 24 b3 
00 00 09 04 21 00 00 00 01 00 00 00 00 16 80 bc 56 00 e1 00 00 24 b3 00 00 15 04 02 00 00 00 01 
00 00 00 00 16 80 bc 56 00 e2 00 00 24 b3 00 00 b5 00 21 00 00 00 01 00 00 00 00 16 80 bc 56 00 
e3 00 00 95 a7 00 00 b4 00 12 00 00 00 01 00 00 00 00 16 80 bc 56 00 e4 00 00 95 a7 00 00 b5 00 
12 00 00 00 01 00 00 00 00 16 80 bc 56 00 e5 00 00 95 a7 00 00 09 04 12 00 00 00 01 00 00 00 00 
16 80 bc 56 00 e6 00 00 95 a7 00 00 70 00 0f 00 00 00 01 00 00 00 00 16 80 bc 56 00 e7 00 00 2c 
b3 00 00 17 04 01 00 00 00 01 00 00 00 00 16 80 bc 56 00 e8 00 00 2c b3 00 00 b4 00 21 00 00 00 
01 00 00 00 00 16 80 bc 56 00 e9 00 00 2c b3 00 00 09 04 21 00 00 00 01 00 00 00 00 
....H...)...........................................................P...........................
..................Q......................R....................................V.................
.....V......................V......................V......................V........#............
.V........!.............V......................V......................V......................V..
....................V....$.................V....$.................V....$.....!...........V....$.
....!...........V....$.................V....$.....!...........V......................V..........
............V......................V........p.............V....,.................V....,.....!...
........V....,.....!........

Client->GAME [13:33:56 07/15/09] packet size: 1 CRYPTED, Flags: 7f ServerSeq: 267 ClientSeq: 512
02 
.

GAME->Client [13:33:56 07/15/09] packet size: 696 CRYPTED, Flags: 7f ServerSeq: 492 ClientSeq: 271
02 04 01 01 47 1e 16 80 bc 56 00 ea 00 00 2c b3 00 00 12 04 02 00 00 00 01 00 00 00 00 16 80 bc 
56 00 eb 00 00 2c b3 00 00 07 04 02 00 00 00 01 00 00 00 00 16 80 bc 56 00 ec 00 00 2c b3 00 00 
b5 00 21 00 00 00 01 00 00 00 00 16 80 bc 56 00 ed 00 00 c3 b2 00 00 89 02 02 00 00 00 01 00 00 
00 00 16 80 bc 56 00 ee 00 00 c3 b2 00 00 21 04 02 00 00 00 01 00 00 00 00 16 80 bc 56 00 ef 00 
00 c3 b2 00 00 b4 00 1f 00 00 00 01 00 00 00 00 16 80 bc 56 00 f0 00 00 c3 b2 00 00 09 04 1f 00 
00 00 01 00 00 00 00 16 80 bc 56 00 f1 00 00 c3 b2 00 00 1e 04 01 00 00 00 01 00 00 00 00 16 80 
bc 56 00 f2 00 00 c3 b2 00 00 9d 00 1f 00 00 00 01 00 00 00 00 16 80 bc 55 00 fc 00 00 02 00 00 
00 cc 00 0c 00 00 00 01 00 00 00 00 16 80 bc 55 00 06 01 00 0b 00 00 00 37 02 96 00 00 00 01 00 
00 00 00 16 80 bc 55 00 07 01 00 2d 00 00 00 23 04 0a 00 00 00 01 00 00 00 00 16 80 bc 55 00 08 
01 00 2d 00 00 00 20 04 0a 00 00 00 01 00 00 00 00 16 80 bc 55 00 09 01 00 2d 00 00 00 19 04 05 
00 00 00 01 00 00 00 00 16 80 bc 55 00 0a 01 00 2d 00 00 00 42 04 05 00 00 00 01 00 00 00 00 16 
80 bc 55 00 0b 01 00 34 00 00 00 83 02 c8 00 00 00 01 00 00 00 00 16 80 bc 55 00 0c 01 00 4b 00 
00 00 1f 04 19 00 00 00 01 00 00 00 00 16 80 bc 55 00 0d 01 00 5f 00 00 00 7c 04 0f 00 00 00 01 
00 00 00 00 16 80 bc 55 00 0e 01 00 5f 00 00 00 07 04 0f 00 00 00 01 00 00 00 00 16 80 bc 55 00 
0f 01 00 62 00 00 00 06 04 01 00 00 00 01 00 00 00 00 16 80 bc 55 00 10 01 00 62 00 00 00 15 04 
01 00 00 00 01 00 00 00 00 16 80 bc 55 00 11 01 00 5a 01 00 00 07 04 05 00 00 00 01 00 00 00 00 
16 80 bc 55 00 12 01 00 5a 01 00 00 1d 04 0f 00 00 00 01 00 00 00 00 16 80 bc 55 00 13 01 00 64 
01 00 00 1f 04 05 00 00 00 01 00 00 00 00 16 80 bc 55 00 14 01 00 66 01 00 00 7b 04 05 00 00 00 
01 00 00 00 00 16 80 bc 55 00 15 01 00 66 01 00 00 12 04 0a 00 00 00 01 00 00 00 00 16 80 bc 55 
00 16 01 00 66 01 00 00 06 04 0b 00 00 00 01 00 00 00 00 16 80 bc 55 00 17 01 00 8e 01 00 00 03 
04 05 00 00 00 01 00 00 00 00 16 80 bc 55 00 18 01 00 8e 01 00 00 12 04 0f 00 00 00 01 00 00 00 
00 16 80 bc 55 00 19 01 00 8e 01 00 00 77 04 05 00 00 00 01 00 00 00 00 
....G....V....,.................V....,.................V....,.....!...........V.................
.....V........!.............V......................V......................V.....................
.V......................U......................U........7.............U....-...#.............U..
..-... .............U....-.................U....-...B.............U....4.................U....K.
................U...._...|.............U...._.................U....b.................U....b.....
............U....Z.................U....Z.................U....d.................U....f...{.....
........U....f.................U....f.................U......................U..................
....U........w..........

Client->GAME [13:33:56 07/15/09] packet size: 1 CRYPTED, Flags: 7f ServerSeq: 268 ClientSeq: 513
02 
.

GAME->Client [13:33:56 07/15/09] packet size: 700 CRYPTED, Flags: 7f ServerSeq: 493 ClientSeq: 512
02 04 02 01 65 03 16 80 bc 55 00 1a 01 00 cd 01 00 00 e5 03 05 00 00 00 01 00 00 00 00 16 80 bc 
55 00 1b 01 00 cd 01 00 00 73 04 05 00 00 00 01 00 00 00 00 16 80 bc 55 00 1c 01 00 cd 01 00 00 
e3 03 0f 00 00 00 01 00 00 00 00 01 68 1c 16 80 bc 55 00 1d 01 00 d5 01 00 00 e3 03 05 00 00 00 
01 00 00 00 00 16 80 bc 55 00 1e 01 00 36 02 00 00 37 02 0a 00 00 00 01 00 00 00 00 16 80 bc 55 
00 1f 01 00 74 02 00 00 34 02 1e 00 00 00 01 00 00 00 00 16 80 bc 15 00 20 01 00 11 00 00 00 ab 
00 0d 00 00 00 01 00 00 00 00 16 80 bc 15 00 21 01 00 11 00 00 00 0a 02 4d 00 00 00 01 00 00 00 
00 16 80 bc 15 00 22 01 00 11 00 00 00 f2 03 34 00 00 00 01 00 00 00 00 16 80 bc 15 00 23 01 00 
11 00 00 00 ed 03 4d 00 00 00 01 00 00 00 00 16 80 bc 15 00 24 01 00 11 00 00 00 9f 00 19 00 00 
00 01 00 00 00 00 16 80 bc 15 00 25 01 00 11 00 00 00 f1 03 34 00 00 00 01 00 00 00 00 16 80 bc 
15 00 26 01 00 11 00 00 00 0c 02 34 00 00 00 01 00 00 00 00 16 80 bc 15 00 27 01 00 11 00 00 00 
b7 00 4d 00 00 00 01 00 00 00 00 16 80 bc 15 00 28 01 00 11 00 00 00 f3 03 46 00 00 00 01 00 00 
00 00 0b 80 bd 05 11 00 00 00 00 00 00 00 16 80 bc 15 00 29 01 00 11 00 00 00 ab 00 0c 00 00 00 
00 00 00 00 00 16 80 bc 15 00 2a 01 00 11 00 00 00 0a 02 4b 00 00 00 00 00 00 00 00 16 80 bc 15 
00 2b 01 00 11 00 00 00 f2 03 31 00 00 00 00 00 00 00 00 16 80 bc 15 00 2c 01 00 11 00 00 00 ed 
03 4b 00 00 00 00 00 00 00 00 16 80 bc 15 00 2d 01 00 11 00 00 00 9f 00 19 00 00 00 00 00 00 00 
00 16 80 bc 15 00 2e 01 00 11 00 00 00 f1 03 31 00 00 00 00 00 00 00 00 16 80 bc 15 00 2f 01 00 
11 00 00 00 0c 02 34 00 00 00 00 00 00 00 00 16 80 bc 15 00 30 01 00 11 00 00 00 b7 00 46 00 00 
00 00 00 00 00 00 16 80 bc 15 00 31 01 00 11 00 00 00 f3 03 46 00 00 00 00 00 00 00 00 0b 80 bd 
05 11 00 00 00 00 00 00 01 16 80 bc 15 00 29 01 00 11 00 00 00 ab 00 0c 00 00 00 01 00 00 00 00 
16 80 bc 15 00 2a 01 00 11 00 00 00 0a 02 4b 00 00 00 01 00 00 00 00 16 80 bc 15 00 2b 01 00 11 
00 00 00 f2 03 31 00 00 00 01 00 00 00 00 16 80 bc 15 00 2c 01 00 11 00 00 00 ed 03 4b 00 00 00 
01 00 00 00 00 16 80 bc 15 00 2d 01 00 11 00 00 00 9f 00 19 00 00 00 01 00 00 00 00 
....e....U......................U........s.............U....................h....U..............
........U....6...7.............U....t...4............... ......................!........M.......
......"........4.............#........M.............$......................%........4...........
..&........4.............'........M.............(........F.........................)............
..........*........K.............+........1.............,........K.............-................
...............1............./........4.............0........F.............1........F...........
..............)......................*........K.............+........1.............,........K...
..........-.................

Client->GAME [13:33:56 07/15/09] packet size: 1 CRYPTED, Flags: 7f ServerSeq: 269 ClientSeq: 514
02 
.

GAME->Client [13:33:56 07/15/09] packet size: 269 CRYPTED, Flags: 7f ServerSeq: 494 ClientSeq: 513
02 04 01 01 84 11 16 80 bc 15 00 2e 01 00 11 00 00 00 f1 03 31 00 00 00 01 00 00 00 00 16 80 bc 
15 00 2f 01 00 11 00 00 00 0c 02 34 00 00 00 01 00 00 00 00 16 80 bc 15 00 30 01 00 11 00 00 00 
b7 00 46 00 00 00 01 00 00 00 00 16 80 bc 15 00 31 01 00 11 00 00 00 f3 03 46 00 00 00 01 00 00 
00 00 04 80 b3 11 00 16 80 bc 45 03 11 00 00 02 00 00 00 11 00 32 00 00 00 01 00 00 00 00 04 80 
b3 35 04 16 80 bc 45 03 35 04 00 62 00 00 00 35 04 00 00 00 00 01 00 00 00 00 04 80 b3 3d 04 16 
80 bc 45 03 3d 04 00 43 00 00 00 3d 04 00 00 00 00 01 00 00 00 00 04 80 b3 3e 04 16 80 bc 45 03 
3e 04 00 4f 01 00 00 3e 04 00 00 00 00 01 00 00 00 00 04 80 b3 3f 04 16 80 bc 45 03 3f 04 00 64 
01 00 00 3f 04 00 00 00 00 01 00 00 00 00 04 80 b3 40 04 16 80 bc 45 03 40 04 00 d5 01 00 00 40 
04 00 00 00 00 01 00 00 00 00 02 81 07 
....................1............./........4.............0........F.............1........F......
..........E..........2...........5....E.5..b...5.............=....E.=..C...=.............>....E.
>..O...>.............?....E.?..d...?.............@....E.@......@.............

Client->GAME [13:33:56 07/15/09] packet size: 13 CRYPTED, Flags: 7f ServerSeq: 270 ClientSeq: 515
02 04 01 00 27 01 06 81 08 00 00 00 00 
....'........

GAME->Client [13:33:56 07/15/09] packet size: 1 CRYPTED, Flags: 7f ServerSeq: 495 ClientSeq: 515
02 
.

GAME->Client [13:33:57 07/15/09] packet size: 1 CRYPTED, Flags: 7f ServerSeq: 496 ClientSeq: 515
42 
B

GAME->Client [13:33:57 07/15/09] packet size: 5 CRYPTED, Flags: 7f ServerSeq: 497 ClientSeq: 515
c2 3c 93 fc 48 
.<..H

Client->GAME [13:33:57 07/15/09] packet size: 1 CRYPTED, Flags: 7f ServerSeq: 256 ClientSeq: 516
42 
B

Client->GAME [13:33:57 07/15/09] packet size: 1 CRYPTED, Flags: 7f ServerSeq: 257 ClientSeq: 517
42 
B

GAME->Client [13:33:57 07/15/09] packet size: 1 CRYPTED, Flags: 7f ServerSeq: 498 ClientSeq: 515
42 
B

Client->GAME [13:33:57 07/15/09] packet size: 13 CRYPTED, Flags: 0 ServerSeq: 0 ClientSeq: 1
22 04 01 00 00 01 06 81 51 00 00 00 00 
".......Q....

Client->GAME [13:33:57 07/15/09] packet size: 12
00 00 00 00 00 01 04 08 4b e5 f1 00 
........K...

GAME->Client [13:33:57 07/15/09] packet size: 12
00 00 00 00 00 01 04 08 4b e5 f1 00 
........K...

GAME->Client [13:33:58 07/15/09] packet size: 72 CRYPTED, Flags: 1 ServerSeq: 2 ClientSeq: 1
02 04 01 00 03 01 41 81 67 17 00 27 00 1c 22 00 c6 01 11 00 00 00 00 00 00 00 37 00 00 08 0e 00 
41 66 74 65 72 57 68 6f 72 75 4e 65 6f 00 0e 00 41 66 74 65 72 57 68 6f 72 75 4e 65 6f 00 02 00 
4b 00 00 00 00 00 00 00 
......A.g..'.."...........7.....AfterWhoruNeo...AfterWhoruNeo...K.......

Client->GAME [13:33:58 07/15/09] packet size: 1 CRYPTED, Flags: 2 ServerSeq: 2 ClientSeq: 2
02 
.

GAME->Client [13:33:58 07/15/09] packet size: 140 CRYPTED, Flags: 3 ServerSeq: 3 ClientSeq: 2
02 04 01 00 00 03 6f 06 0e 00 01 00 00 00 37 93 fc 48 01 44 00 34 00 72 65 73 6f 75 72 63 65 2f 
77 6f 72 6c 64 73 2f 66 69 6e 61 6c 5f 77 6f 72 6c 64 2f 73 6c 75 6d 73 5f 62 61 72 72 65 6e 73 
5f 66 75 6c 6c 2e 6d 65 74 72 00 29 00 48 61 6c 6c 6f 77 65 65 6e 5f 45 76 65 6e 74 2c 57 69 6e 
74 65 72 33 50 6c 75 73 48 61 6c 6c 6f 77 65 65 6e 54 53 45 43 00 0a 80 e5 e7 cb c0 12 00 00 00 
00 0a 80 e4 bc 58 7a 00 00 00 00 00 
......o.......7..H.D.4.resource/worlds/final_world/slums_barrens_full.metr.).Halloween_Event,Win
ter3PlusHalloweenTSEC................Xz.....

Client->GAME [13:33:58 07/15/09] packet size: 6 CRYPTED, Flags: 5 ServerSeq: 3 ClientSeq: 3
02 05 02 0c 00 00 
......

GAME->Client [13:33:59 07/15/09] packet size: 1 CRYPTED, Flags: 7 ServerSeq: 4 ClientSeq: 3
02 
.

Client->GAME [13:34:01 07/15/09] packet size: 8 CRYPTED, Flags: 5 ServerSeq: 3 ClientSeq: 4
02 04 01 00 01 01 01 05 
........

GAME->Client [13:34:02 07/15/09] packet size: 223 CRYPTED, Flags: f ServerSeq: 5 ClientSeq: 4
82 d3 93 fc 48 03 01 00 0c 0c 00 f8 cd ab 1c 8b 81 ff 71 02 00 00 41 6e 64 65 72 73 6f 6e 00 00 
00 00 00 00 00 00 00 00 00 00 00 00 00 00 00 00 00 00 00 00 00 00 90 54 68 6f 6d 61 73 00 00 00 
00 00 00 00 00 00 00 00 00 00 00 00 00 00 00 00 00 00 00 00 00 00 00 80 d8 28 0a 0c 00 00 00 01 
8e 81 ff f7 00 31 5e 00 00 c6 67 00 41 66 74 65 72 57 68 6f 72 75 4e 65 6f 00 00 00 00 00 00 00 
00 00 00 00 00 00 00 00 00 00 00 00 28 0a fd 64 01 00 00 67 00 75 d4 01 00 4b b1 00 00 00 00 73 
1a e9 88 80 60 04 00 02 8e 00 00 00 f7 00 9d 00 00 00 00 80 a3 dd c0 00 00 00 00 00 08 86 c0 00 
00 00 00 00 ba d3 40 81 ff 32 22 80 89 1b 1a d3 1e c0 1c 01 11 00 00 00 67 00 02 00 00 00 00 
....H.............q...Anderson.........................Thomas............................(......
.....1^...g.AfterWhoruNeo...................(..d...g.u...K.....s....`...........................
......@..2".............g......

Client->GAME [13:34:03 07/15/09] packet size: 55 CRYPTED, Flags: 17 ServerSeq: 5 ClientSeq: 5
02 03 02 00 02 60 08 41 6e 64 65 72 73 6f 6e 06 54 68 6f 6d 61 73 00 00 04 01 00 02 05 02 80 be 
07 3f 4e 00 10 00 00 00 08 3e 6b 00 10 00 00 00 00 02 81 48 02 0c 01 
.....`.Anderson.Thomas...........?N......>k........H...

GAME->Client [13:34:03 07/15/09] packet size: 696 CRYPTED, Flags: 1f ServerSeq: 6 ClientSeq: 5
02 04 01 00 04 1e 16 80 bc 56 00 30 01 00 0a 95 00 00 06 04 02 00 00 00 01 00 00 00 00 16 80 bc 
56 00 31 01 00 0a 95 00 00 b4 00 11 00 00 00 01 00 00 00 00 16 80 bc 56 00 32 01 00 0a 95 00 00 
b5 00 11 00 00 00 01 00 00 00 00 16 80 bc 56 00 33 01 00 0a 95 00 00 07 04 02 00 00 00 01 00 00 
00 00 16 80 bc 56 00 74 01 00 0a 95 00 00 06 04 02 00 00 00 00 00 00 00 00 16 80 bc 56 00 75 01 
00 0a 95 00 00 b4 00 11 00 00 00 00 00 00 00 00 16 80 bc 56 00 76 01 00 0a 95 00 00 b5 00 11 00 
00 00 00 00 00 00 00 16 80 bc 56 00 77 01 00 0a 95 00 00 07 04 02 00 00 00 00 00 00 00 00 16 80 
bc 56 00 34 01 00 8a b2 00 00 23 04 02 00 00 00 01 00 00 00 00 16 80 bc 56 00 35 01 00 8a b2 00 
00 21 04 01 00 00 00 01 00 00 00 00 16 80 bc 56 00 36 01 00 8a b2 00 00 b4 00 1d 00 00 00 01 00 
00 00 00 16 80 bc 56 00 37 01 00 8a b2 00 00 09 04 1d 00 00 00 01 00 00 00 00 16 80 bc 56 00 38 
01 00 8a b2 00 00 9d 00 1d 00 00 00 01 00 00 00 00 16 80 bc 56 00 39 01 00 8a b2 00 00 06 04 01 
00 00 00 01 00 00 00 00 16 80 bc 56 00 78 01 00 8a b2 00 00 23 04 02 00 00 00 00 00 00 00 00 16 
80 bc 56 00 79 01 00 8a b2 00 00 21 04 01 00 00 00 00 00 00 00 00 16 80 bc 56 00 7a 01 00 8a b2 
00 00 b4 00 1d 00 00 00 00 00 00 00 00 16 80 bc 56 00 7b 01 00 8a b2 00 00 09 04 1d 00 00 00 00 
00 00 00 00 16 80 bc 56 00 7c 01 00 8a b2 00 00 9d 00 1d 00 00 00 00 00 00 00 00 16 80 bc 56 00 
7d 01 00 8a b2 00 00 06 04 01 00 00 00 00 00 00 00 00 16 80 bc 56 00 3a 01 00 24 b3 00 00 89 02 
02 00 00 00 01 00 00 00 00 16 80 bc 56 00 3b 01 00 24 b3 00 00 1a 04 01 00 00 00 01 00 00 00 00 
16 80 bc 56 00 3c 01 00 24 b3 00 00 b4 00 21 00 00 00 01 00 00 00 00 16 80 bc 56 00 3d 01 00 24 
b3 00 00 09 04 21 00 00 00 01 00 00 00 00 16 80 bc 56 00 3e 01 00 24 b3 00 00 15 04 02 00 00 00 
01 00 00 00 00 16 80 bc 56 00 3f 01 00 24 b3 00 00 b5 00 21 00 00 00 01 00 00 00 00 16 80 bc 56 
00 7e 01 00 24 b3 00 00 89 02 02 00 00 00 00 00 00 00 00 16 80 bc 56 00 7f 01 00 24 b3 00 00 1a 
04 01 00 00 00 00 00 00 00 00 16 80 bc 56 00 80 01 00 24 b3 00 00 b4 00 21 00 00 00 00 00 00 00 
00 16 80 bc 56 00 81 01 00 24 b3 00 00 09 04 21 00 00 00 00 00 00 00 00 
.........V.0....................V.1....................V.2....................V.3...............
.....V.t....................V.u....................V.v....................V.w...................
.V.4......#.............V.5......!.............V.6....................V.7....................V.8
....................V.9....................V.x......#.............V.y......!.............V.z....
................V.{....................V.|....................V.}....................V.:..$.....
............V.;..$.................V.<..$.....!...........V.=..$.....!...........V.>..$.........
........V.?..$.....!...........V.~..$.................V....$.................V....$.....!.......
....V....$.....!........

GAME->Client [13:34:03 07/15/09] packet size: 696 CRYPTED, Flags: 1f ServerSeq: 7 ClientSeq: 5
02 04 01 00 22 1e 16 80 bc 56 00 82 01 00 24 b3 00 00 15 04 02 00 00 00 00 00 00 00 00 16 80 bc 
56 00 83 01 00 24 b3 00 00 b5 00 21 00 00 00 00 00 00 00 00 16 80 bc 56 00 40 01 00 95 a7 00 00 
b4 00 12 00 00 00 01 00 00 00 00 16 80 bc 56 00 41 01 00 95 a7 00 00 b5 00 12 00 00 00 01 00 00 
00 00 16 80 bc 56 00 42 01 00 95 a7 00 00 09 04 12 00 00 00 01 00 00 00 00 16 80 bc 56 00 43 01 
00 95 a7 00 00 70 00 0f 00 00 00 01 00 00 00 00 16 80 bc 56 00 84 01 00 95 a7 00 00 b4 00 12 00 
00 00 00 00 00 00 00 16 80 bc 56 00 85 01 00 95 a7 00 00 b5 00 12 00 00 00 00 00 00 00 00 16 80 
bc 56 00 86 01 00 95 a7 00 00 09 04 12 00 00 00 00 00 00 00 00 16 80 bc 56 00 87 01 00 95 a7 00 
00 70 00 0f 00 00 00 00 00 00 00 00 16 80 bc 56 00 44 01 00 2c b3 00 00 17 04 01 00 00 00 01 00 
00 00 00 16 80 bc 56 00 45 01 00 2c b3 00 00 b4 00 21 00 00 00 01 00 00 00 00 16 80 bc 56 00 46 
01 00 2c b3 00 00 09 04 21 00 00 00 01 00 00 00 00 16 80 bc 56 00 47 01 00 2c b3 00 00 12 04 02 
00 00 00 01 00 00 00 00 16 80 bc 56 00 48 01 00 2c b3 00 00 07 04 02 00 00 00 01 00 00 00 00 16 
80 bc 56 00 49 01 00 2c b3 00 00 b5 00 21 00 00 00 01 00 00 00 00 16 80 bc 56 00 88 01 00 2c b3 
00 00 17 04 01 00 00 00 00 00 00 00 00 16 80 bc 56 00 89 01 00 2c b3 00 00 b4 00 21 00 00 00 00 
00 00 00 00 16 80 bc 56 00 8a 01 00 2c b3 00 00 09 04 21 00 00 00 00 00 00 00 00 16 80 bc 56 00 
8b 01 00 2c b3 00 00 12 04 02 00 00 00 00 00 00 00 00 16 80 bc 56 00 8c 01 00 2c b3 00 00 07 04 
02 00 00 00 00 00 00 00 00 16 80 bc 56 00 8d 01 00 2c b3 00 00 b5 00 21 00 00 00 00 00 00 00 00 
16 80 bc 56 00 4a 01 00 c3 b2 00 00 89 02 02 00 00 00 01 00 00 00 00 16 80 bc 56 00 4b 01 00 c3 
b2 00 00 21 04 02 00 00 00 01 00 00 00 00 16 80 bc 56 00 4c 01 00 c3 b2 00 00 b4 00 1f 00 00 00 
01 00 00 00 00 16 80 bc 56 00 4d 01 00 c3 b2 00 00 09 04 1f 00 00 00 01 00 00 00 00 16 80 bc 56 
00 4e 01 00 c3 b2 00 00 1e 04 01 00 00 00 01 00 00 00 00 16 80 bc 56 00 4f 01 00 c3 b2 00 00 9d 
00 1f 00 00 00 01 00 00 00 00 16 80 bc 56 00 8e 01 00 c3 b2 00 00 89 02 02 00 00 00 00 00 00 00 
00 16 80 bc 56 00 8f 01 00 c3 b2 00 00 21 04 02 00 00 00 00 00 00 00 00 
...."....V....$.................V....$.....!...........V.@....................V.A...............
.....V.B....................V.C......p.............V......................V.....................
.V......................V........p.............V.D..,.................V.E..,.....!...........V.F
..,.....!...........V.G..,.................V.H..,.................V.I..,.....!...........V....,.
................V....,.....!...........V....,.....!...........V....,.................V....,.....
............V....,.....!...........V.J....................V.K......!.............V.L............
........V.M....................V.N....................V.O....................V..................
....V........!..........

Client->GAME [13:34:03 07/15/09] packet size: 1 CRYPTED, Flags: 5f ServerSeq: 7 ClientSeq: 6
02 
.

GAME->Client [13:34:03 07/15/09] packet size: 700 CRYPTED, Flags: 1f ServerSeq: 8 ClientSeq: 5
02 04 02 00 40 03 16 80 bc 56 00 90 01 00 c3 b2 00 00 b4 00 1f 00 00 00 00 00 00 00 00 16 80 bc 
56 00 91 01 00 c3 b2 00 00 09 04 1f 00 00 00 00 00 00 00 00 16 80 bc 56 00 92 01 00 c3 b2 00 00 
1e 04 01 00 00 00 00 00 00 00 00 00 43 1c 16 80 bc 56 00 93 01 00 c3 b2 00 00 9d 00 1f 00 00 00 
00 00 00 00 00 16 80 bc 15 00 6b 01 00 11 00 00 00 ab 00 0d 00 00 00 01 00 00 00 00 16 80 bc 15 
00 6c 01 00 11 00 00 00 0a 02 4d 00 00 00 01 00 00 00 00 16 80 bc 15 00 6d 01 00 11 00 00 00 f2 
03 34 00 00 00 01 00 00 00 00 16 80 bc 15 00 6e 01 00 11 00 00 00 ed 03 4d 00 00 00 01 00 00 00 
00 16 80 bc 15 00 6f 01 00 11 00 00 00 9f 00 19 00 00 00 01 00 00 00 00 16 80 bc 15 00 70 01 00 
11 00 00 00 f1 03 34 00 00 00 01 00 00 00 00 16 80 bc 15 00 71 01 00 11 00 00 00 0c 02 34 00 00 
00 01 00 00 00 00 16 80 bc 15 00 72 01 00 11 00 00 00 b7 00 4d 00 00 00 01 00 00 00 00 16 80 bc 
15 00 73 01 00 11 00 00 00 f3 03 46 00 00 00 01 00 00 00 00 0b 80 bd 05 11 00 00 00 00 00 00 00 
16 80 bc 15 00 94 01 00 11 00 00 00 ab 00 0d 00 00 00 00 00 00 00 00 16 80 bc 15 00 95 01 00 11 
00 00 00 0a 02 4d 00 00 00 00 00 00 00 00 16 80 bc 15 00 96 01 00 11 00 00 00 f2 03 34 00 00 00 
00 00 00 00 00 16 80 bc 15 00 97 01 00 11 00 00 00 ed 03 4d 00 00 00 00 00 00 00 00 16 80 bc 15 
00 98 01 00 11 00 00 00 9f 00 19 00 00 00 00 00 00 00 00 16 80 bc 15 00 99 01 00 11 00 00 00 f1 
03 34 00 00 00 00 00 00 00 00 16 80 bc 15 00 9a 01 00 11 00 00 00 0c 02 34 00 00 00 00 00 00 00 
00 16 80 bc 15 00 9b 01 00 11 00 00 00 b7 00 4d 00 00 00 00 00 00 00 00 16 80 bc 15 00 9c 01 00 
11 00 00 00 f3 03 46 00 00 00 00 00 00 00 00 0b 80 bd 05 11 00 00 00 00 00 00 01 16 80 bc 15 00 
94 01 00 11 00 00 00 ab 00 0d 00 00 00 01 00 00 00 00 16 80 bc 15 00 95 01 00 11 00 00 00 0a 02 
4d 00 00 00 01 00 00 00 00 16 80 bc 15 00 96 01 00 11 00 00 00 f2 03 34 00 00 00 01 00 00 00 00 
16 80 bc 15 00 97 01 00 11 00 00 00 ed 03 4d 00 00 00 01 00 00 00 00 16 80 bc 15 00 98 01 00 11 
00 00 00 9f 00 19 00 00 00 01 00 00 00 00 16 80 bc 15 00 99 01 00 11 00 00 00 f1 03 34 00 00 00 
01 00 00 00 00 16 80 bc 15 00 9a 01 00 11 00 00 00 0c 02 34 00 00 00 01 00 00 00 00 
....@....V......................V......................V....................C....V..............
..........k......................l........M.............m........4.............n........M.......
......o......................p........4.............q........4.............r........M...........
..s........F.........................................................M......................4...
...................M.............................................4......................4.......
...............M......................F.........................................................
M......................4......................M.............................................4...
...................4........

Client->GAME [13:34:03 07/15/09] packet size: 1 CRYPTED, Flags: 3f ServerSeq: 8 ClientSeq: 7
02 
.

GAME->Client [13:34:03 07/15/09] packet size: 723 CRYPTED, Flags: 3f ServerSeq: 9 ClientSeq: 6
02 03 01 00 0c 57 02 f9 cd ab 12 8e 42 61 74 68 61 72 79 20 42 6f 79 73 20 52 75 73 74 6c 65 72 
00 00 00 00 00 00 00 00 00 00 00 00 00 10 00 00 22 d4 61 cc 1a 00 c6 01 80 c1 9e 05 00 58 00 00 
00 c0 e0 2a db c0 00 00 00 00 00 08 86 c0 00 00 00 90 64 dc d4 40 c0 01 83 05 02 a8 1d 8a 04 b2 
09 8a 04 07 08 00 00 81 c0 09 00 00 02 07 15 00 00 01 00 0c 57 02 fa cd ab 13 8e 42 61 74 68 61 
72 79 20 42 6f 79 73 20 54 61 6e 6b 20 42 6f 73 73 00 00 00 00 00 00 00 00 00 00 00 10 00 00 22 
d4 2c cd 1a 00 c6 01 80 d1 a0 05 00 58 0a 00 00 00 50 d5 a9 e1 c0 00 00 00 00 00 08 86 c0 00 00 
00 fa 2d b0 d5 40 c0 01 83 01 01 a8 1a 78 05 b2 04 78 05 07 08 00 00 81 c0 09 00 00 02 06 13 00 
00 01 00 0c 57 02 fb cd ab 13 8e 42 61 74 68 61 72 79 20 42 6f 79 73 20 52 75 73 74 6c 65 72 00 
00 00 00 00 00 00 00 00 00 00 00 00 10 00 00 22 d4 63 cc 1a 00 c6 01 80 d1 9f 05 00 58 0a 00 00 
00 1c ab 65 e1 c0 00 00 00 00 00 08 86 c0 00 00 00 c0 3b fe d4 40 c0 01 83 01 02 a8 1a 1a 04 b2 
09 1a 04 07 08 00 00 81 c0 09 00 00 02 06 11 00 00 01 00 0c 57 02 fc cd ab 13 8e 42 61 74 68 61 
72 79 20 42 6f 79 73 20 41 6e 67 6c 65 72 00 00 00 00 00 00 00 00 00 00 00 00 00 00 10 00 00 22 
d4 61 a9 1a 00 c6 01 80 d1 9c 05 00 58 0a 00 00 00 58 c3 85 e1 c0 00 00 00 00 00 08 86 c0 00 00 
00 90 b9 51 d5 40 c0 01 83 01 03 a8 1a bc 02 b2 09 bc 02 07 08 00 00 81 c0 1e 00 00 02 06 0f 00 
00 00 00 04 01 00 5f 0d 16 80 bc 15 00 9b 01 00 11 00 00 00 b7 00 4d 00 00 00 01 00 00 00 00 16 
80 bc 15 00 9c 01 00 11 00 00 00 f3 03 46 00 00 00 01 00 00 00 00 04 80 b3 11 00 16 80 bc 45 03 
11 00 00 02 00 00 00 11 00 32 00 00 00 01 00 00 00 00 16 80 bc 55 00 50 01 00 02 00 00 00 cc 00 
0c 00 00 00 01 00 00 00 00 08 80 b2 11 00 32 00 08 02 16 80 bc 45 03 11 00 00 02 00 00 00 11 00 
32 00 00 00 00 00 00 00 00 16 80 bc 55 00 9d 01 00 02 00 00 00 cc 00 0c 00 00 00 00 00 00 00 00 
16 80 bc 15 00 9e 01 00 11 00 00 00 ab 00 0d 00 00 00 00 00 00 00 00 16 80 bc 15 00 9f 01 00 11 
00 00 00 0a 02 4d 00 00 00 00 00 00 00 00 16 80 bc 15 00 a0 01 00 11 00 00 00 f2 03 34 00 00 00 
00 00 00 00 00 16 80 bc 15 00 a1 01 00 11 00 00 00 ed 03 4d 00 00 00 00 00 00 00 00 16 80 bc 15 
00 a2 01 00 11 00 00 00 9f 00 19 00 00 00 00 00 00 00 00 
.....W......Bathary Boys Rustler................".a..........X.....*..............d..@..........
....................W......Bathary Boys Tank Boss..............".,..........X....P..............
..-..@.......x...x..................W......Bathary Boys Rustler................".c..........X...
...e..............;..@..............................W......Bathary Boys Angler................."
.a..........X....X.................Q.@................................_...............M.........
.............F................E..........2...........U.P......................2......E..........
2...........U........................................................M......................4...
...................M...............................

Client->GAME [13:34:03 07/15/09] packet size: 1 CRYPTED, Flags: 7f ServerSeq: 9 ClientSeq: 8
02 
.

GAME->Client [13:34:03 07/15/09] packet size: 730 CRYPTED, Flags: 7f ServerSeq: 10 ClientSeq: 7
82 f8 93 fc 48 03 01 00 02 13 00 15 00 02 0c 57 06 57 d9 c6 00 40 30 c4 24 e3 a6 46 01 00 0c 57 
02 fd cd ab 11 8e 42 61 74 68 61 72 79 20 42 6f 79 73 20 54 61 6e 6b 20 42 6f 73 73 00 00 00 00 
00 00 00 00 00 00 00 10 00 00 22 d4 33 cd 1a 00 c6 01 80 c1 a0 05 00 58 00 00 00 10 22 6f da c0 
00 00 00 00 00 08 86 c0 00 00 80 b4 f1 dc d5 40 c0 01 82 01 a8 1d 0e 06 b2 04 0e 06 07 08 00 00 
81 c0 09 00 00 02 07 0d 00 00 01 00 0c 57 02 fe cd ab 13 8e 42 61 74 68 61 72 79 20 42 6f 79 73 
20 41 6e 67 6c 65 72 00 00 00 00 00 00 00 00 00 00 00 00 00 00 10 00 00 22 d4 dd a9 1a 00 c6 01 
80 d1 9d 05 00 58 0a 00 00 00 70 5d db da c0 00 00 00 00 00 08 86 c0 00 00 00 df bf 15 d6 40 c0 
01 83 01 03 a8 1d 07 03 b2 09 07 03 07 08 00 00 81 c0 1e 00 00 02 07 0b 00 00 01 00 0c 57 02 ff 
cd ab 11 8e 42 61 74 68 61 72 79 20 42 6f 79 73 20 47 75 6e 73 65 6c 00 00 00 00 00 00 00 00 00 
00 00 00 00 00 10 00 00 22 d4 77 cb 1a 00 c6 01 80 c1 9d 05 00 58 00 00 00 e0 07 24 d8 c0 00 00 
00 00 00 08 86 c0 00 00 00 e0 de bd d3 40 c0 01 82 03 a8 1b d5 02 b2 09 d5 02 07 08 00 00 81 ca 
1e 00 00 02 06 09 00 00 01 00 08 50 02 2c 03 30 03 8b cd ab 02 09 00 00 00 00 80 8a dd c0 00 00 
00 00 00 e8 84 c0 00 00 00 00 00 ba d3 40 00 00 00 00 f2 04 35 bf 00 00 00 00 f3 04 35 3f 07 00 
00 01 00 0c a8 b7 37 cd ab 02 03 00 00 00 00 7e 2a 13 bf 00 00 00 00 9e 78 51 3f 00 00 00 a0 3e 
99 dd c0 00 00 80 7a e6 b4 88 c0 00 00 00 60 fd 5b d4 40 05 00 00 00 00 04 01 00 6c 0b 16 80 bc 
15 00 a3 01 00 11 00 00 00 f1 03 34 00 00 00 00 00 00 00 00 16 80 bc 15 00 a4 01 00 11 00 00 00 
0c 02 34 00 00 00 00 00 00 00 00 16 80 bc 15 00 a5 01 00 11 00 00 00 b7 00 4d 00 00 00 00 00 00 
00 00 16 80 bc 15 00 a6 01 00 11 00 00 00 f3 03 46 00 00 00 00 00 00 00 00 16 80 bc 55 00 51 01 
00 0b 00 00 00 37 02 96 00 00 00 01 00 00 00 00 16 80 bc 55 00 a7 01 00 0b 00 00 00 37 02 96 00 
00 00 00 00 00 00 00 16 80 bc 55 00 52 01 00 2d 00 00 00 23 04 0a 00 00 00 01 00 00 00 00 16 80 
bc 55 00 53 01 00 2d 00 00 00 20 04 0a 00 00 00 01 00 00 00 00 16 80 bc 55 00 54 01 00 2d 00 00 
00 19 04 05 00 00 00 01 00 00 00 00 16 80 bc 55 00 55 01 00 2d 00 00 00 42 04 05 00 00 00 01 00 
00 00 00 16 80 bc 55 00 a8 01 00 2d 00 00 00 23 04 0a 00 00 00 00 00 00 00 00 
....H..........W.W...@0.$..F...W......Bathary Boys Tank Boss..............".3..........X...."o..
...............@.............................W......Bathary Boys Angler.................".......
.....X....p]..................@..............................W......Bathary Boys Gunsel.........
........".w..........X.....$.................@.............................P.,.0................
.............@......5.......5?........7........~*.......xQ?....>......z.......`.[.@........l....
...........4......................4......................M......................F...........U.Q.
.....7.............U........7.............U.R..-...#.............U.S..-... .............U.T..-..
...............U.U..-...B.............U....-...#..........

GAME->Client [13:34:03 07/15/09] packet size: 701 CRYPTED, Flags: 7f ServerSeq: 11 ClientSeq: 8
02 03 01 00 02 10 00 09 00 04 80 80 80 80 c0 4c 0a 00 28 01 01 01 00 0c 57 02 01 cd ab 13 8e 42 
61 74 68 61 72 79 20 42 6f 79 73 20 47 75 6e 73 65 6c 00 00 00 00 00 00 00 00 00 00 00 00 00 00 
10 00 00 22 d4 54 cb 1a 00 c6 01 80 d1 9c 05 00 58 0a 00 00 00 d0 2f 6c da c0 00 00 00 00 00 08 
86 c0 00 00 00 e0 08 56 d5 40 c0 01 83 01 03 a8 1c ee 02 b2 09 ee 02 07 08 00 00 81 ca 1e 00 00 
02 07 03 00 00 15 00 02 0c 4d 06 57 d9 c6 00 40 30 c4 24 e3 a6 46 13 00 02 08 fd 26 0d c7 00 40 
30 c4 db ab ad 46 00 00 04 02 00 77 0f 16 80 bc 55 00 a9 01 00 2d 00 00 00 20 04 0a 00 00 00 00 
00 00 00 00 16 80 bc 55 00 aa 01 00 2d 00 00 00 19 04 05 00 00 00 00 00 00 00 00 16 80 bc 55 00 
ab 01 00 2d 00 00 00 42 04 05 00 00 00 00 00 00 00 00 16 80 bc 55 00 56 01 00 34 00 00 00 83 02 
c8 00 00 00 01 00 00 00 00 16 80 bc 55 00 ac 01 00 34 00 00 00 83 02 c8 00 00 00 00 00 00 00 00 
04 80 b3 3d 04 16 80 bc 45 03 3d 04 00 43 00 00 00 3d 04 00 00 00 00 01 00 00 00 00 08 80 b2 3d 
04 00 00 08 02 16 80 bc 45 03 3d 04 00 43 00 00 00 3d 04 00 00 00 00 00 00 00 00 00 16 80 bc 55 
00 57 01 00 4b 00 00 00 1f 04 19 00 00 00 01 00 00 00 00 16 80 bc 55 00 ad 01 00 4b 00 00 00 1f 
04 19 00 00 00 00 00 00 00 00 16 80 bc 55 00 58 01 00 5f 00 00 00 7c 04 0f 00 00 00 01 00 00 00 
00 16 80 bc 55 00 59 01 00 5f 00 00 00 07 04 0f 00 00 00 01 00 00 00 00 16 80 bc 55 00 ae 01 00 
5f 00 00 00 7c 04 0f 00 00 00 00 00 00 00 00 16 80 bc 55 00 af 01 00 5f 00 00 00 07 04 0f 00 00 
00 00 00 00 00 00 00 86 0c 16 80 bc 55 00 5a 01 00 62 00 00 00 06 04 01 00 00 00 01 00 00 00 00 
04 80 b3 35 04 16 80 bc 45 03 35 04 00 62 00 00 00 35 04 00 00 00 00 01 00 00 00 00 16 80 bc 55 
00 5b 01 00 62 00 00 00 15 04 01 00 00 00 01 00 00 00 00 16 80 bc 55 00 b0 01 00 62 00 00 00 06 
04 01 00 00 00 00 00 00 00 00 08 80 b2 35 04 00 00 08 02 16 80 bc 45 03 35 04 00 62 00 00 00 35 
04 00 00 00 00 00 00 00 00 00 16 80 bc 55 00 b1 01 00 62 00 00 00 15 04 01 00 00 00 00 00 00 00 
00 04 80 b3 3e 04 16 80 bc 45 03 3e 04 00 4f 01 00 00 3e 04 00 00 00 00 01 00 00 00 00 08 80 b2 
3e 04 00 00 08 02 16 80 bc 45 03 3e 04 00 4f 01 00 00 3e 04 00 00 00 00 00 00 00 00 00 
...............L..(.....W......Bathary Boys Gunsel.................".T..........X...../l........
.......V.@...............................M.W...@0.$..F.....&...@0....F.....w....U....-... ......
.......U....-.................U....-...B.............U.V..4.................U....4..............
...=....E.=..C...=.............=........E.=..C...=.............U.W..K.................U....K....
.............U.X.._...|.............U.Y.._.................U...._...|.............U...._........
............U.Z..b.................5....E.5..b...5.............U.[..b.................U....b....
.............5........E.5..b...5.............U....b.................>....E.>..O...>.............
>........E.>..O...>..........

Client->GAME [13:34:03 07/15/09] packet size: 1 CRYPTED, Flags: 7e ServerSeq: 11 ClientSeq: 9
02 
.

GAME->Client [13:34:03 07/15/09] packet size: 698 CRYPTED, Flags: 7f ServerSeq: 12 ClientSeq: 8
02 03 15 00 02 0c 43 06 57 d9 c6 00 40 30 c4 24 e3 a6 46 00 00 04 01 00 92 20 16 80 bc 55 00 5c 
01 00 5a 01 00 00 07 04 05 00 00 00 01 00 00 00 00 16 80 bc 55 00 5d 01 00 5a 01 00 00 1d 04 0f 
00 00 00 01 00 00 00 00 16 80 bc 55 00 b2 01 00 5a 01 00 00 07 04 05 00 00 00 00 00 00 00 00 16 
80 bc 55 00 b3 01 00 5a 01 00 00 1d 04 0f 00 00 00 00 00 00 00 00 04 80 b3 3f 04 16 80 bc 45 03 
3f 04 00 64 01 00 00 3f 04 00 00 00 00 01 00 00 00 00 16 80 bc 55 00 5e 01 00 64 01 00 00 1f 04 
05 00 00 00 01 00 00 00 00 08 80 b2 3f 04 00 00 08 02 16 80 bc 45 03 3f 04 00 64 01 00 00 3f 04 
00 00 00 00 00 00 00 00 00 16 80 bc 55 00 b4 01 00 64 01 00 00 1f 04 05 00 00 00 00 00 00 00 00 
16 80 bc 55 00 5f 01 00 66 01 00 00 7b 04 05 00 00 00 01 00 00 00 00 16 80 bc 55 00 60 01 00 66 
01 00 00 12 04 0a 00 00 00 01 00 00 00 00 16 80 bc 55 00 61 01 00 66 01 00 00 06 04 0b 00 00 00 
01 00 00 00 00 16 80 bc 55 00 b5 01 00 66 01 00 00 7b 04 05 00 00 00 00 00 00 00 00 16 80 bc 55 
00 b6 01 00 66 01 00 00 12 04 0a 00 00 00 00 00 00 00 00 16 80 bc 55 00 b7 01 00 66 01 00 00 06 
04 0b 00 00 00 00 00 00 00 00 16 80 bc 55 00 62 01 00 8e 01 00 00 03 04 05 00 00 00 01 00 00 00 
00 16 80 bc 55 00 63 01 00 8e 01 00 00 12 04 0f 00 00 00 01 00 00 00 00 16 80 bc 55 00 64 01 00 
8e 01 00 00 77 04 05 00 00 00 01 00 00 00 00 16 80 bc 55 00 b8 01 00 8e 01 00 00 03 04 05 00 00 
00 00 00 00 00 00 16 80 bc 55 00 b9 01 00 8e 01 00 00 12 04 0f 00 00 00 00 00 00 00 00 16 80 bc 
55 00 ba 01 00 8e 01 00 00 77 04 05 00 00 00 00 00 00 00 00 16 80 bc 55 00 65 01 00 cd 01 00 00 
e5 03 05 00 00 00 01 00 00 00 00 16 80 bc 55 00 66 01 00 cd 01 00 00 73 04 05 00 00 00 01 00 00 
00 00 16 80 bc 55 00 67 01 00 cd 01 00 00 e3 03 0f 00 00 00 01 00 00 00 00 16 80 bc 55 00 bb 01 
00 cd 01 00 00 e5 03 05 00 00 00 00 00 00 00 00 16 80 bc 55 00 bc 01 00 cd 01 00 00 73 04 05 00 
00 00 00 00 00 00 00 16 80 bc 55 00 bd 01 00 cd 01 00 00 e3 03 0f 00 00 00 00 00 00 00 00 04 80 
b3 40 04 16 80 bc 45 03 40 04 00 d5 01 00 00 40 04 00 00 00 00 01 00 00 00 00 16 80 bc 55 00 68 
01 00 d5 01 00 00 e3 03 05 00 00 00 01 00 00 00 00 08 80 b2 40 04 00 00 08 02 
......C.W...@0.$..F...... ...U.\..Z.................U.]..Z.................U....Z...............
..U....Z.................?....E.?..d...?.............U.^..d.................?........E.?..d...?.
............U....d.................U._..f...{.............U.`..f.................U.a..f.........
........U....f...{.............U....f.................U....f.................U.b................
....U.c....................U.d......w.............U......................U......................
U........w.............U.e....................U.f......s.............U.g....................U...
...................U........s.............U......................@....E.@......@.............U.h
....................@.....

Client->GAME [13:34:03 07/15/09] packet size: 1 CRYPTED, Flags: 7d ServerSeq: 12 ClientSeq: 10
02 
.

