GAME->Client [13:36:03 07/15/09] packet size: 38 CRYPTED, Flags: 7f ServerSeq: 662 ClientSeq: 522
02 03 0f 00 02 0c 34 20 f3 0a c7 00 40 30 c4 6c f4 b0 46 0d 00 02 0c 13 ec ee d3 c6 00 40 30 c4 
b2 5c a9 46 00 00 
......4 ....@0.l..F..........@0..\.F..

Client->GAME [13:36:03 07/15/09] packet size: 1 CRYPTED, Flags: 7f ServerSeq: 518 ClientSeq: 684
02 
.

GAME->Client [13:36:03 07/15/09] packet size: 39 CRYPTED, Flags: 7f ServerSeq: 663 ClientSeq: 523
Client->GAME [13:36:05 07/15/09] packet size: 25 CRYPTED, Flags: 7f ServerSeq: 512 ClientSeq: 694
02 04 01 00 26 01 12 81 8e 63 00 00 00 01 00 00 00 69 00 00 00 01 00 00 00 
....&....c.......i.......

GAME->Client [13:36:05 07/15/09] packet size: 170 CRYPTED, Flags: 7f ServerSeq: 673 ClientSeq: 517
02 03 13 00 06 0c fb 1a ca 0a c7 00 40 30 c4 f2 96 aa 46 ff 00 00 00 10 00 00 00 00 00 01 ff 00 
00 00 00 00 00 00 00 00 00 00 00 00 00 00 00 00 00 00 00 00 00 00 00 00 00 02 ff 00 00 00 00 00 
00 00 00 1a 04 00 00 00 00 1a 00 00 00 00 00 00 ff 00 00 00 00 00 00 00 00 00 00 00 00 00 00 00 
00 00 00 00 00 00 00 00 00 00 00 00 00 00 00 01 00 1a 04 ff 00 00 00 00 00 00 00 00 c0 09 00 00 
4c 0a 00 28 ff 03 00 00 00 00 00 00 00 00 00 00 00 9f 05 00 58 37 08 00 00 1f 07 08 00 00 00 00 
00 00 22 00 00 00 00 00 00 00 
............@0....F.............................................................................
................................L..(................X7............".......

Client->GAME [13:36:05 07/15/09] packet size: 1 CRYPTED, Flags: 7f ServerSeq: 513 ClientSeq: 695
02 
.

GAME->Client [13:36:05 07/15/09] packet size: 696 CRYPTED, Flags: 7f ServerSeq: 674 ClientSeq: 518
02 04 01 01 29 1e 16 80 bc 15 00 29 01 00 f7 03 00 00 08 02 00 00 00 00 01 00 00 00 00 16 80 bc 
15 00 2a 01 00 f7 03 00 00 07 02 ec ff ff ff 01 00 00 00 00 16 80 bc 15 00 2b 01 00 f7 03 00 00 
50 04 00 00 00 00 01 00 00 00 00 16 80 bc 15 00 2c 01 00 f7 03 00 00 f4 03 00 00 00 00 01 00 00 
00 00 16 80 bc 15 00 2d 01 00 f7 03 00 00 51 04 f6 ff ff ff 01 00 00 00 00 16 80 bc 15 00 2e 01 
00 f7 03 00 00 52 04 0f 00 00 00 01 00 00 00 00 16 80 bc 11 00 2f 01 00 00 00 00 00 cb 02 00 00 
00 00 01 00 00 00 00 16 80 bc 56 00 74 01 00 0a 95 00 00 06 04 02 00 00 00 01 00 00 00 00 16 80 
bc 56 00 75 01 00 0a 95 00 00 b4 00 11 00 00 00 01 00 00 00 00 16 80 bc 56 00 76 01 00 0a 95 00 
00 b5 00 11 00 00 00 01 00 00 00 00 16 80 bc 56 00 77 01 00 0a 95 00 00 07 04 02 00 00 00 01 00 
00 00 00 16 80 bc 56 00 78 01 00 8a b2 00 00 23 04 02 00 00 00 01 00 00 00 00 16 80 bc 56 00 79 
01 00 8a b2 00 00 21 04 01 00 00 00 01 00 00 00 00 16 80 bc 56 00 7a 01 00 8a b2 00 00 b4 00 1d 
00 00 00 01 00 00 00 00 16 80 bc 56 00 7b 01 00 8a b2 00 00 09 04 1d 00 00 00 01 00 00 00 00 16 
80 bc 56 00 7c 01 00 8a b2 00 00 9d 00 1d 00 00 00 01 00 00 00 00 16 80 bc 56 00 7d 01 00 8a b2 
00 00 06 04 01 00 00 00 01 00 00 00 00 16 80 bc 56 00 7e 01 00 24 b3 00 00 89 02 02 00 00 00 01 
00 00 00 00 16 80 bc 56 00 7f 01 00 24 b3 00 00 1a 04 01 00 00 00 01 00 00 00 00 16 80 bc 56 00 
80 01 00 24 b3 00 00 b4 00 21 00 00 00 01 00 00 00 00 16 80 bc 56 00 81 01 00 24 b3 00 00 09 04 
21 00 00 00 01 00 00 00 00 16 80 bc 56 00 82 01 00 24 b3 00 00 15 04 02 00 00 00 01 00 00 00 00 
16 80 bc 56 00 83 01 00 24 b3 00 00 b5 00 21 00 00 00 01 00 00 00 00 16 80 bc 56 00 84 01 00 95 
a7 00 00 b4 00 12 00 00 00 01 00 00 00 00 16 80 bc 56 00 85 01 00 95 a7 00 00 b5 00 12 00 00 00 
01 00 00 00 00 16 80 bc 56 00 86 01 00 95 a7 00 00 09 04 12 00 00 00 01 00 00 00 00 16 80 bc 56 
00 87 01 00 95 a7 00 00 70 00 0f 00 00 00 01 00 00 00 00 16 80 bc 56 00 88 01 00 2c b3 00 00 17 
04 01 00 00 00 01 00 00 00 00 16 80 bc 56 00 89 01 00 2c b3 00 00 b4 00 21 00 00 00 01 00 00 00 
00 16 80 bc 56 00 8a 01 00 2c b3 00 00 09 04 21 00 00 00 01 00 00 00 00 
....)......)......................*......................+......P...............,...............
.......-......Q......................R.............../....................V.t...................
.V.u....................V.v....................V.w....................V.x......#.............V.y
......!.............V.z....................V.{....................V.|....................V.}....
................V.~..$.................V....$.................V....$.....!...........V....$.....
!...........V....$.................V....$.....!...........V......................V..............
........V......................V........p.............V....,.................V....,.....!.......
....V....,.....!........

Client->GAME [13:36:05 07/15/09] packet size: 1 CRYPTED, Flags: 7f ServerSeq: 514 ClientSeq: 696
02 
.

GAME->Client [13:36:05 07/15/09] packet size: 696 CRYPTED, Flags: 7f ServerSeq: 675 ClientSeq: 519
02 04 01 01 47 1e 16 80 bc 56 00 8b 01 00 2c b3 00 00 12 04 02 00 00 00 01 00 00 00 00 16 80 bc 
56 00 8c 01 00 2c b3 00 00 07 04 02 00 00 00 01 00 00 00 00 16 80 bc 56 00 8d 01 00 2c b3 00 00 
b5 00 21 00 00 00 01 00 00 00 00 16 80 bc 56 00 8e 01 00 c3 b2 00 00 89 02 02 00 00 00 01 00 00 
00 00 16 80 bc 56 00 8f 01 00 c3 b2 00 00 21 04 02 00 00 00 01 00 00 00 00 16 80 bc 56 00 90 01 
00 c3 b2 00 00 b4 00 1f 00 00 00 01 00 00 00 00 16 80 bc 56 00 91 01 00 c3 b2 00 00 09 04 1f 00 
00 00 01 00 00 00 00 16 80 bc 56 00 92 01 00 c3 b2 00 00 1e 04 01 00 00 00 01 00 00 00 00 16 80 
bc 56 00 93 01 00 c3 b2 00 00 9d 00 1f 00 00 00 01 00 00 00 00 16 80 bc 55 00 9d 01 00 02 00 00 
00 cc 00 0c 00 00 00 01 00 00 00 00 16 80 bc 55 00 a7 01 00 0b 00 00 00 37 02 96 00 00 00 01 00 
00 00 00 16 80 bc 55 00 a8 01 00 2d 00 00 00 23 04 0a 00 00 00 01 00 00 00 00 16 80 bc 55 00 a9 
01 00 2d 00 00 00 20 04 0a 00 00 00 01 00 00 00 00 16 80 bc 55 00 aa 01 00 2d 00 00 00 19 04 05 
00 00 00 01 00 00 00 00 16 80 bc 55 00 ab 01 00 2d 00 00 00 42 04 05 00 00 00 01 00 00 00 00 16 
80 bc 55 00 ac 01 00 34 00 00 00 83 02 c8 00 00 00 01 00 00 00 00 16 80 bc 55 00 ad 01 00 4b 00 
00 00 1f 04 19 00 00 00 01 00 00 00 00 16 80 bc 55 00 ae 01 00 5f 00 00 00 7c 04 0f 00 00 00 01 
00 00 00 00 16 80 bc 55 00 af 01 00 5f 00 00 00 07 04 0f 00 00 00 01 00 00 00 00 16 80 bc 55 00 
b0 01 00 62 00 00 00 06 04 01 00 00 00 01 00 00 00 00 16 80 bc 55 00 b1 01 00 62 00 00 00 15 04 
01 00 00 00 01 00 00 00 00 16 80 bc 55 00 b2 01 00 5a 01 00 00 07 04 05 00 00 00 01 00 00 00 00 
16 80 bc 55 00 b3 01 00 5a 01 00 00 1d 04 0f 00 00 00 01 00 00 00 00 16 80 bc 55 00 b4 01 00 64 
01 00 00 1f 04 05 00 00 00 01 00 00 00 00 16 80 bc 55 00 b5 01 00 66 01 00 00 7b 04 05 00 00 00 
01 00 00 00 00 16 80 bc 55 00 b6 01 00 66 01 00 00 12 04 0a 00 00 00 01 00 00 00 00 16 80 bc 55 
00 b7 01 00 66 01 00 00 06 04 0b 00 00 00 01 00 00 00 00 16 80 bc 55 00 b8 01 00 8e 01 00 00 03 
04 05 00 00 00 01 00 00 00 00 16 80 bc 55 00 b9 01 00 8e 01 00 00 12 04 0f 00 00 00 01 00 00 00 
00 16 80 bc 55 00 ba 01 00 8e 01 00 00 77 04 05 00 00 00 01 00 00 00 00 
....G....V....,.................V....,.................V....,.....!...........V.................
.....V........!.............V......................V......................V.....................
.V......................U......................U........7.............U....-...#.............U..
..-... .............U....-.................U....-...B.............U....4.................U....K.
................U...._...|.............U...._.................U....b.................U....b.....
............U....Z.................U....Z.................U....d.................U....f...{.....
........U....f.................U....f.................U......................U..................
....U........w..........

Client->GAME [13:36:05 07/15/09] packet size: 1 CRYPTED, Flags: 7f ServerSeq: 515 ClientSeq: 697
02 
.

GAME->Client [13:36:05 07/15/09] packet size: 700 CRYPTED, Flags: 7f ServerSeq: 676 ClientSeq: 520
02 04 02 01 65 03 16 80 bc 55 00 bb 01 00 cd 01 00 00 e5 03 05 00 00 00 01 00 00 00 00 16 80 bc 
55 00 bc 01 00 cd 01 00 00 73 04 05 00 00 00 01 00 00 00 00 16 80 bc 55 00 bd 01 00 cd 01 00 00 
e3 03 0f 00 00 00 01 00 00 00 00 01 68 1c 16 80 bc 55 00 be 01 00 d5 01 00 00 e3 03 05 00 00 00 
01 00 00 00 00 16 80 bc 55 00 bf 01 00 36 02 00 00 37 02 0a 00 00 00 01 00 00 00 00 16 80 bc 55 
00 c0 01 00 74 02 00 00 34 02 1e 00 00 00 01 00 00 00 00 16 80 bc 15 00 c1 01 00 11 00 00 00 ab 
00 0d 00 00 00 01 00 00 00 00 16 80 bc 15 00 c2 01 00 11 00 00 00 0a 02 4d 00 00 00 01 00 00 00 
00 16 80 bc 15 00 c3 01 00 11 00 00 00 f2 03 34 00 00 00 01 00 00 00 00 16 80 bc 15 00 c4 01 00 
11 00 00 00 ed 03 4d 00 00 00 01 00 00 00 00 16 80 bc 15 00 c5 01 00 11 00 00 00 9f 00 19 00 00 
00 01 00 00 00 00 16 80 bc 15 00 c6 01 00 11 00 00 00 f1 03 34 00 00 00 01 00 00 00 00 16 80 bc 
15 00 c7 01 00 11 00 00 00 0c 02 34 00 00 00 01 00 00 00 00 16 80 bc 15 00 c8 01 00 11 00 00 00 
b7 00 4d 00 00 00 01 00 00 00 00 16 80 bc 15 00 c9 01 00 11 00 00 00 f3 03 46 00 00 00 01 00 00 
00 00 0b 80 bd 05 11 00 00 00 00 00 00 00 16 80 bc 15 00 ca 01 00 11 00 00 00 ab 00 0c 00 00 00 
00 00 00 00 00 16 80 bc 15 00 cb 01 00 11 00 00 00 0a 02 4b 00 00 00 00 00 00 00 00 16 80 bc 15 
00 cc 01 00 11 00 00 00 f2 03 31 00 00 00 00 00 00 00 00 16 80 bc 15 00 cd 01 00 11 00 00 00 ed 
03 4b 00 00 00 00 00 00 00 00 16 80 bc 15 00 ce 01 00 11 00 00 00 9f 00 19 00 00 00 00 00 00 00 
00 16 80 bc 15 00 cf 01 00 11 00 00 00 f1 03 31 00 00 00 00 00 00 00 00 16 80 bc 15 00 d0 01 00 
11 00 00 00 0c 02 34 00 00 00 00 00 00 00 00 16 80 bc 15 00 d1 01 00 11 00 00 00 b7 00 46 00 00 
00 00 00 00 00 00 16 80 bc 15 00 d2 01 00 11 00 00 00 f3 03 46 00 00 00 00 00 00 00 00 0b 80 bd 
05 11 00 00 00 00 00 00 01 16 80 bc 15 00 ca 01 00 11 00 00 00 ab 00 0c 00 00 00 01 00 00 00 00 
16 80 bc 15 00 cb 01 00 11 00 00 00 0a 02 4b 00 00 00 01 00 00 00 00 16 80 bc 15 00 cc 01 00 11 
00 00 00 f2 03 31 00 00 00 01 00 00 00 00 16 80 bc 15 00 cd 01 00 11 00 00 00 ed 03 4b 00 00 00 
01 00 00 00 00 16 80 bc 15 00 ce 01 00 11 00 00 00 9f 00 19 00 00 00 01 00 00 00 00 
....e....U......................U........s.............U....................h....U..............
........U....6...7.............U....t...4...............................................M.......
...............4......................M.............................................4...........
...........4......................M......................F......................................
...................K......................1......................K..............................
...............1......................4......................F......................F...........
..............................................K......................1......................K...
............................

Client->GAME [13:36:05 07/15/09] packet size: 1 CRYPTED, Flags: 7f ServerSeq: 516 ClientSeq: 698
02 
.

GAME->Client [13:36:05 07/15/09] packet size: 269 CRYPTED, Flags: 7f ServerSeq: 677 ClientSeq: 521
02 04 01 01 84 11 16 80 bc 15 00 cf 01 00 11 00 00 00 f1 03 31 00 00 00 01 00 00 00 00 16 80 bc 
15 00 d0 01 00 11 00 00 00 0c 02 34 00 00 00 01 00 00 00 00 16 80 bc 15 00 d1 01 00 11 00 00 00 
b7 00 46 00 00 00 01 00 00 00 00 16 80 bc 15 00 d2 01 00 11 00 00 00 f3 03 46 00 00 00 01 00 00 
00 00 04 80 b3 11 00 16 80 bc 45 03 11 00 00 02 00 00 00 11 00 32 00 00 00 01 00 00 00 00 04 80 
b3 35 04 16 80 bc 45 03 35 04 00 62 00 00 00 35 04 00 00 00 00 01 00 00 00 00 04 80 b3 3d 04 16 
80 bc 45 03 3d 04 00 43 00 00 00 3d 04 00 00 00 00 01 00 00 00 00 04 80 b3 3e 04 16 80 bc 45 03 
3e 04 00 4f 01 00 00 3e 04 00 00 00 00 01 00 00 00 00 04 80 b3 3f 04 16 80 bc 45 03 3f 04 00 64 
01 00 00 3f 04 00 00 00 00 01 00 00 00 00 04 80 b3 40 04 16 80 bc 45 03 40 04 00 d5 01 00 00 40 
04 00 00 00 00 01 00 00 00 00 02 81 07 
....................1......................4......................F......................F......
..........E..........2...........5....E.5..b...5.............=....E.=..C...=.............>....E.
>..O...>.............?....E.?..d...?.............@....E.@......@.............

Client->GAME [13:36:05 07/15/09] packet size: 13 CRYPTED, Flags: 7f ServerSeq: 517 ClientSeq: 699
02 04 01 00 27 01 06 81 08 00 00 00 00 
....'........

GAME->Client [13:36:06 07/15/09] packet size: 1 CRYPTED, Flags: 7f ServerSeq: 678 ClientSeq: 523
02 
.

GAME->Client [13:36:06 07/15/09] packet size: 5 CRYPTED, Flags: 7f ServerSeq: 679 ClientSeq: 523
c2 6d a3 fc 48 
.m..H

Client->GAME [13:36:06 07/15/09] packet size: 1 CRYPTED, Flags: 7f ServerSeq: 518 ClientSeq: 700
02 
.

Client->GAME [13:36:06 07/15/09] packet size: 1 CRYPTED, Flags: 7f ServerSeq: 519 ClientSeq: 701
42 
B

GAME->Client [13:36:06 07/15/09] packet size: 1 CRYPTED, Flags: 7f ServerSeq: 680 ClientSeq: 523
42 
B

Client->GAME [13:36:06 07/15/09] packet size: 13 CRYPTED, Flags: 0 ServerSeq: 0 ClientSeq: 1
22 04 01 00 00 01 06 81 51 00 00 00 00 
".......Q....

GAME->Client [13:36:06 07/15/09] packet size: 1 CRYPTED, Flags: 7f ServerSeq: 681 ClientSeq: 525
42 
B

GAME->Client [13:36:07 07/15/09] packet size: 72 CRYPTED, Flags: 1 ServerSeq: 2 ClientSeq: 1
02 04 01 00 03 01 41 81 67 17 00 27 00 1c 22 00 c6 01 11 00 00 00 00 00 00 00 37 00 00 08 0e 00 
41 66 74 65 72 57 68 6f 72 75 4e 65 6f 00 0e 00 41 66 74 65 72 57 68 6f 72 75 4e 65 6f 00 02 00 
4b 00 00 00 00 00 00 00 
......A.g..'.."...........7.....AfterWhoruNeo...AfterWhoruNeo...K.......

Client->GAME [13:36:07 07/15/09] packet size: 1 CRYPTED, Flags: 2 ServerSeq: 2 ClientSeq: 2
02 
.

GAME->Client [13:36:07 07/15/09] packet size: 140 CRYPTED, Flags: 3 ServerSeq: 3 ClientSeq: 2
02 04 01 00 00 03 6f 06 0e 00 01 00 00 00 79 a3 fc 48 01 44 00 34 00 72 65 73 6f 75 72 63 65 2f 
77 6f 72 6c 64 73 2f 66 69 6e 61 6c 5f 77 6f 72 6c 64 2f 73 6c 75 6d 73 5f 62 61 72 72 65 6e 73 
5f 66 75 6c 6c 2e 6d 65 74 72 00 29 00 48 61 6c 6c 6f 77 65 65 6e 5f 45 76 65 6e 74 2c 57 69 6e 
74 65 72 33 50 6c 75 73 48 61 6c 6c 6f 77 65 65 6e 54 53 45 43 00 0a 80 e5 e7 cb c0 12 00 00 00 
00 0a 80 e4 bc 58 7a 00 00 00 00 00 
......o.......y..H.D.4.resource/worlds/final_world/slums_barrens_full.metr.).Halloween_Event,Win
ter3PlusHalloweenTSEC................Xz.....

Client->GAME [13:36:08 07/15/09] packet size: 6 CRYPTED, Flags: 5 ServerSeq: 3 ClientSeq: 3
02 05 02 0c 00 00 
......

GAME->Client [13:36:08 07/15/09] packet size: 1 CRYPTED, Flags: 7 ServerSeq: 4 ClientSeq: 3
02 
.

Client->GAME [13:36:11 07/15/09] packet size: 8 CRYPTED, Flags: 5 ServerSeq: 3 ClientSeq: 4
02 04 01 00 01 01 01 05 
........

GAME->Client [13:36:11 07/15/09] packet size: 223 CRYPTED, Flags: f ServerSeq: 5 ClientSeq: 4
82 09 a4 fc 48 03 01 00 0c 0c 00 da cd ab 1c 8b 81 ff 71 02 00 00 41 6e 64 65 72 73 6f 6e 00 00 
00 00 00 00 00 00 00 00 00 00 00 00 00 00 00 00 00 00 00 00 00 00 90 54 68 6f 6d 61 73 00 00 00 
00 00 00 00 00 00 00 00 00 00 00 00 00 00 00 00 00 00 00 00 00 00 00 80 d8 28 0a 0c 00 00 00 01 
8e 81 ff f7 00 31 5e 00 00 c6 67 00 41 66 74 65 72 57 68 6f 72 75 4e 65 6f 00 00 00 00 00 00 00 
00 00 00 00 00 00 00 00 00 00 00 00 28 0a fd 64 01 00 00 67 00 75 d4 01 00 4b b1 00 00 00 00 73 
1a e9 88 80 60 04 00 02 8e 00 00 00 f7 00 9d 00 00 00 00 a0 b7 f6 c0 00 00 00 00 00 08 86 c0 00 
00 00 00 40 d9 e3 40 81 ff 32 22 80 89 4a 0e d5 1e 80 1c 01 11 00 00 00 67 00 02 00 00 00 00 
....H.............q...Anderson.........................Thomas............................(......
.....1^...g.AfterWhoruNeo...................(..d...g.u...K.....s....`...........................
...@..@..2"..J..........g......

Client->GAME [13:36:12 07/15/09] packet size: 55 CRYPTED, Flags: 17 ServerSeq: 5 ClientSeq: 5
02 03 02 00 02 60 08 41 6e 64 65 72 73 6f 6e 06 54 68 6f 6d 61 73 00 00 04 01 00 02 05 02 80 be 
07 3f 4e 00 10 00 00 00 08 3e 6b 00 10 00 00 00 00 02 81 48 02 0c 01 
.....`.Anderson.Thomas...........?N......>k........H...

GAME->Client [13:36:12 07/15/09] packet size: 696 CRYPTED, Flags: 1f ServerSeq: 6 ClientSeq: 5
02 04 01 00 04 1e 16 80 bc 56 00 d1 01 00 0a 95 00 00 06 04 02 00 00 00 01 00 00 00 00 16 80 bc 
56 00 d2 01 00 0a 95 00 00 b4 00 11 00 00 00 01 00 00 00 00 16 80 bc 56 00 d3 01 00 0a 95 00 00 
b5 00 11 00 00 00 01 00 00 00 00 16 80 bc 56 00 d4 01 00 0a 95 00 00 07 04 02 00 00 00 01 00 00 
00 00 16 80 bc 56 00 15 02 00 0a 95 00 00 06 04 02 00 00 00 00 00 00 00 00 16 80 bc 56 00 16 02 
00 0a 95 00 00 b4 00 11 00 00 00 00 00 00 00 00 16 80 bc 56 00 17 02 00 0a 95 00 00 b5 00 11 00 
00 00 00 00 00 00 00 16 80 bc 56 00 18 02 00 0a 95 00 00 07 04 02 00 00 00 00 00 00 00 00 16 80 
bc 56 00 d5 01 00 8a b2 00 00 23 04 02 00 00 00 01 00 00 00 00 16 80 bc 56 00 d6 01 00 8a b2 00 
00 21 04 01 00 00 00 01 00 00 00 00 16 80 bc 56 00 d7 01 00 8a b2 00 00 b4 00 1d 00 00 00 01 00 
00 00 00 16 80 bc 56 00 d8 01 00 8a b2 00 00 09 04 1d 00 00 00 01 00 00 00 00 16 80 bc 56 00 d9 
01 00 8a b2 00 00 9d 00 1d 00 00 00 01 00 00 00 00 16 80 bc 56 00 da 01 00 8a b2 00 00 06 04 01 
00 00 00 01 00 00 00 00 16 80 bc 56 00 19 02 00 8a b2 00 00 23 04 02 00 00 00 00 00 00 00 00 16 
80 bc 56 00 1a 02 00 8a b2 00 00 21 04 01 00 00 00 00 00 00 00 00 16 80 bc 56 00 1b 02 00 8a b2 
00 00 b4 00 1d 00 00 00 00 00 00 00 00 16 80 bc 56 00 1c 02 00 8a b2 00 00 09 04 1d 00 00 00 00 
00 00 00 00 16 80 bc 56 00 1d 02 00 8a b2 00 00 9d 00 1d 00 00 00 00 00 00 00 00 16 80 bc 56 00 
1e 02 00 8a b2 00 00 06 04 01 00 00 00 00 00 00 00 00 16 80 bc 56 00 db 01 00 24 b3 00 00 89 02 
02 00 00 00 01 00 00 00 00 16 80 bc 56 00 dc 01 00 24 b3 00 00 1a 04 01 00 00 00 01 00 00 00 00 
16 80 bc 56 00 dd 01 00 24 b3 00 00 b4 00 21 00 00 00 01 00 00 00 00 16 80 bc 56 00 de 01 00 24 
b3 00 00 09 04 21 00 00 00 01 00 00 00 00 16 80 bc 56 00 df 01 00 24 b3 00 00 15 04 02 00 00 00 
01 00 00 00 00 16 80 bc 56 00 e0 01 00 24 b3 00 00 b5 00 21 00 00 00 01 00 00 00 00 16 80 bc 56 
00 1f 02 00 24 b3 00 00 89 02 02 00 00 00 00 00 00 00 00 16 80 bc 56 00 20 02 00 24 b3 00 00 1a 
04 01 00 00 00 00 00 00 00 00 16 80 bc 56 00 21 02 00 24 b3 00 00 b4 00 21 00 00 00 00 00 00 00 
00 16 80 bc 56 00 22 02 00 24 b3 00 00 09 04 21 00 00 00 00 00 00 00 00 
.........V......................V......................V......................V.................
.....V......................V......................V......................V.....................
.V........#.............V........!.............V......................V......................V..
....................V......................V........#.............V........!.............V......
................V......................V......................V......................V....$.....
............V....$.................V....$.....!...........V....$.....!...........V....$.........
........V....$.....!...........V....$.................V. ..$.................V.!..$.....!.......
....V."..$.....!........

Client->GAME [13:36:12 07/15/09] packet size: 1 CRYPTED, Flags: 2f ServerSeq: 6 ClientSeq: 6
02 
.

GAME->Client [13:36:12 07/15/09] packet size: 696 CRYPTED, Flags: 1f ServerSeq: 7 ClientSeq: 5
02 04 01 00 22 1e 16 80 bc 56 00 23 02 00 24 b3 00 00 15 04 02 00 00 00 00 00 00 00 00 16 80 bc 
56 00 24 02 00 24 b3 00 00 b5 00 21 00 00 00 00 00 00 00 00 16 80 bc 56 00 e1 01 00 95 a7 00 00 
b4 00 12 00 00 00 01 00 00 00 00 16 80 bc 56 00 e2 01 00 95 a7 00 00 b5 00 12 00 00 00 01 00 00 
00 00 16 80 bc 56 00 e3 01 00 95 a7 00 00 09 04 12 00 00 00 01 00 00 00 00 16 80 bc 56 00 e4 01 
00 95 a7 00 00 70 00 0f 00 00 00 01 00 00 00 00 16 80 bc 56 00 25 02 00 95 a7 00 00 b4 00 12 00 
00 00 00 00 00 00 00 16 80 bc 56 00 26 02 00 95 a7 00 00 b5 00 12 00 00 00 00 00 00 00 00 16 80 
bc 56 00 27 02 00 95 a7 00 00 09 04 12 00 00 00 00 00 00 00 00 16 80 bc 56 00 28 02 00 95 a7 00 
00 70 00 0f 00 00 00 00 00 00 00 00 16 80 bc 56 00 e5 01 00 2c b3 00 00 17 04 01 00 00 00 01 00 
00 00 00 16 80 bc 56 00 e6 01 00 2c b3 00 00 b4 00 21 00 00 00 01 00 00 00 00 16 80 bc 56 00 e7 
01 00 2c b3 00 00 09 04 21 00 00 00 01 00 00 00 00 16 80 bc 56 00 e8 01 00 2c b3 00 00 12 04 02 
00 00 00 01 00 00 00 00 16 80 bc 56 00 e9 01 00 2c b3 00 00 07 04 02 00 00 00 01 00 00 00 00 16 
80 bc 56 00 ea 01 00 2c b3 00 00 b5 00 21 00 00 00 01 00 00 00 00 16 80 bc 56 00 29 02 00 2c b3 
00 00 17 04 01 00 00 00 00 00 00 00 00 16 80 bc 56 00 2a 02 00 2c b3 00 00 b4 00 21 00 00 00 00 
00 00 00 00 16 80 bc 56 00 2b 02 00 2c b3 00 00 09 04 21 00 00 00 00 00 00 00 00 16 80 bc 56 00 
2c 02 00 2c b3 00 00 12 04 02 00 00 00 00 00 00 00 00 16 80 bc 56 00 2d 02 00 2c b3 00 00 07 04 
02 00 00 00 00 00 00 00 00 16 80 bc 56 00 2e 02 00 2c b3 00 00 b5 00 21 00 00 00 00 00 00 00 00 
16 80 bc 56 00 eb 01 00 c3 b2 00 00 89 02 02 00 00 00 01 00 00 00 00 16 80 bc 56 00 ec 01 00 c3 
b2 00 00 21 04 02 00 00 00 01 00 00 00 00 16 80 bc 56 00 ed 01 00 c3 b2 00 00 b4 00 1f 00 00 00 
01 00 00 00 00 16 80 bc 56 00 ee 01 00 c3 b2 00 00 09 04 1f 00 00 00 01 00 00 00 00 16 80 bc 56 
00 ef 01 00 c3 b2 00 00 1e 04 01 00 00 00 01 00 00 00 00 16 80 bc 56 00 f0 01 00 c3 b2 00 00 9d 
00 1f 00 00 00 01 00 00 00 00 16 80 bc 56 00 2f 02 00 c3 b2 00 00 89 02 02 00 00 00 00 00 00 00 
00 16 80 bc 56 00 30 02 00 c3 b2 00 00 21 04 02 00 00 00 00 00 00 00 00 
...."....V.#..$.................V.$..$.....!...........V......................V.................
.....V......................V........p.............V.%....................V.&...................
.V.'....................V.(......p.............V....,.................V....,.....!...........V..
..,.....!...........V....,.................V....,.................V....,.....!...........V.)..,.
................V.*..,.....!...........V.+..,.....!...........V.,..,.................V.-..,.....
............V....,.....!...........V......................V........!.............V..............
........V......................V......................V......................V./................
....V.0......!..........

Client->GAME [13:36:13 07/15/09] packet size: 1 CRYPTED, Flags: 5f ServerSeq: 7 ClientSeq: 7
02 
.

GAME->Client [13:36:13 07/15/09] packet size: 713 CRYPTED, Flags: 3f ServerSeq: 8 ClientSeq: 6
02 03 01 00 0c 57 02 db cd ab 11 8e 42 61 74 68 61 72 79 20 42 6f 79 73 20 41 6e 67 6c 65 72 00 
00 00 00 00 00 00 00 00 00 00 00 00 00 10 00 00 22 d4 2f a9 1a 00 c6 01 80 c1 9b 05 00 58 00 00 
00 2e 90 44 f5 c0 00 00 00 00 00 08 86 c0 00 00 00 b0 ad 09 e5 40 c0 01 82 03 a8 1a bc 02 b2 09 
bc 02 07 08 00 00 81 c0 1e 00 00 02 06 13 00 00 01 00 0c 57 02 dc cd ab 11 8e 42 61 74 68 61 72 
79 20 42 6f 79 73 20 52 75 73 74 6c 65 72 00 00 00 00 00 00 00 00 00 00 00 00 00 10 00 00 22 d4 
33 cc 1a 00 c6 01 80 c1 9f 05 00 58 00 00 00 a3 f0 45 f5 c0 00 00 00 00 00 08 86 c0 00 00 00 58 
fc 2f e5 40 c0 01 82 02 a8 1a 1a 04 b2 09 1a 04 07 08 00 00 81 c0 09 00 00 02 06 11 00 00 01 00 
0c 57 02 dd cd ab 14 8e 42 61 74 68 61 72 79 20 42 6f 79 73 20 47 75 6e 73 65 6c 00 00 00 00 00 
00 00 00 00 00 00 00 00 00 10 00 00 22 d5 01 76 cb 1a 00 c6 01 80 c3 9d 05 00 58 4c 0a 00 28 00 
00 60 a9 27 ef f5 c0 00 00 00 00 00 08 86 c0 00 00 00 38 4b 1c e1 40 c0 01 83 05 03 a8 1a bc 02 
b2 09 bc 02 07 08 00 00 81 ca 1e 00 00 02 06 0f 00 00 01 00 0c 57 02 de cd ab 13 8e 42 61 74 68 
61 72 79 20 42 6f 79 73 20 47 75 6e 73 65 6c 00 00 00 00 00 00 00 00 00 00 00 00 00 00 10 00 00 
22 d4 c4 cb 1a 00 c6 01 80 d1 9d 05 00 58 0a 00 00 00 b0 4f 9b f6 c0 00 00 00 00 00 08 86 c0 00 
00 00 28 96 ef e0 40 c0 01 83 01 03 a8 1b d5 02 b2 09 d5 02 07 08 00 00 81 ca 1e 00 00 02 06 0d 
00 00 00 00 04 02 00 40 03 16 80 bc 56 00 31 02 00 c3 b2 00 00 b4 00 1f 00 00 00 00 00 00 00 00 
16 80 bc 56 00 32 02 00 c3 b2 00 00 09 04 1f 00 00 00 00 00 00 00 00 16 80 bc 56 00 33 02 00 c3 
b2 00 00 1e 04 01 00 00 00 00 00 00 00 00 00 43 08 16 80 bc 56 00 34 02 00 c3 b2 00 00 9d 00 1f 
00 00 00 00 00 00 00 00 16 80 bc 15 00 0c 02 00 11 00 00 00 ab 00 0d 00 00 00 01 00 00 00 00 16 
80 bc 15 00 0d 02 00 11 00 00 00 0a 02 4d 00 00 00 01 00 00 00 00 16 80 bc 15 00 0e 02 00 11 00 
00 00 f2 03 34 00 00 00 01 00 00 00 00 16 80 bc 15 00 0f 02 00 11 00 00 00 ed 03 4d 00 00 00 01 
00 00 00 00 16 80 bc 15 00 10 02 00 11 00 00 00 9f 00 19 00 00 00 01 00 00 00 00 16 80 bc 15 00 
11 02 00 11 00 00 00 f1 03 34 00 00 00 01 00 00 00 00 16 80 bc 15 00 12 02 00 11 00 00 00 0c 02 
34 00 00 00 01 00 00 00 00 
.....W......Bathary Boys Angler................."./..........X.....D.................@..........
...................W......Bathary Boys Rustler................".3..........X.....E.............X
./.@.............................W......Bathary Boys Gunsel................."..v..........XL..(.
.`.'..............8K..@..............................W......Bathary Boys Gunsel.................
"............X.....O..............(...@................................@....V.1.................
...V.2....................V.3..................C....V.4.........................................
.............M......................4......................M....................................
.........4......................4........

Client->GAME [13:36:13 07/15/09] packet size: 1 CRYPTED, Flags: 3f ServerSeq: 8 ClientSeq: 8
02 
.

GAME->Client [13:36:13 07/15/09] packet size: 726 CRYPTED, Flags: 7f ServerSeq: 9 ClientSeq: 7
82 2f a4 fc 48 03 01 00 02 13 00 0f 00 02 0c 6c 3d 79 af c7 00 40 30 c4 5a e2 08 47 01 00 02 12 
00 0d 00 02 08 b6 e5 b4 c7 00 40 30 c4 e7 7e 07 47 01 00 0c 57 02 df cd ab 11 8e 42 61 74 68 61 
72 79 20 42 6f 79 73 20 47 75 6e 73 65 6c 00 00 00 00 00 00 00 00 00 00 00 00 00 00 10 00 00 22 
d4 3f cb 1a 00 c6 01 80 c1 9b 05 00 58 00 00 00 1a 09 41 f5 c0 00 00 00 00 00 08 86 c0 00 00 00 
68 5d 7b e5 40 c0 01 82 03 a8 1b d5 02 b2 09 d5 02 07 08 00 00 81 ca 1e 00 00 02 06 0b 00 00 01 
00 0c 57 02 e0 cd ab 14 8e 42 61 74 68 61 72 79 20 42 6f 79 73 20 4a 75 6d 70 65 72 00 00 00 00 
00 00 00 00 00 00 00 00 00 00 10 00 00 22 d5 01 0d c4 1a 00 c6 01 a0 01 c3 9f 05 00 58 1d 0a 00 
28 00 00 00 50 30 07 f6 c0 00 00 00 00 00 08 86 c0 00 00 00 a0 65 5b e1 40 c0 01 82 02 a8 1b 3f 
04 b2 09 3f 04 07 08 00 00 81 d2 1e 00 00 02 06 09 00 00 01 00 0c 57 02 e1 cd ab 11 8e 42 61 74 
68 61 72 79 20 42 6f 79 73 20 47 75 6e 73 65 6c 00 00 00 00 00 00 00 00 00 00 00 00 00 00 10 00 
00 22 d4 82 cb 1a 00 c6 01 80 c1 9c 05 00 58 00 00 00 fb 31 d4 f5 c0 00 00 00 00 00 08 86 c0 00 
00 00 30 28 1f e1 40 c0 01 82 03 a8 1b d5 02 b2 09 d5 02 07 08 00 00 81 ca 1e 00 00 02 06 07 00 
00 01 00 08 50 02 96 01 a0 58 bc cd ab 02 09 00 00 00 00 a0 b7 f6 c0 00 00 00 00 00 e8 84 c0 00 
00 00 00 c0 e5 e3 40 00 00 00 00 00 00 80 3f 00 00 00 00 2e bd 3b b3 05 00 00 00 00 04 01 00 4b 
0d 16 80 bc 15 00 13 02 00 11 00 00 00 b7 00 4d 00 00 00 01 00 00 00 00 16 80 bc 15 00 14 02 00 
11 00 00 00 f3 03 46 00 00 00 01 00 00 00 00 0b 80 bd 05 11 00 00 00 00 00 00 00 16 80 bc 15 00 
35 02 00 11 00 00 00 ab 00 0d 00 00 00 00 00 00 00 00 16 80 bc 15 00 36 02 00 11 00 00 00 0a 02 
4d 00 00 00 00 00 00 00 00 16 80 bc 15 00 37 02 00 11 00 00 00 f2 03 34 00 00 00 00 00 00 00 00 
16 80 bc 15 00 38 02 00 11 00 00 00 ed 03 4d 00 00 00 00 00 00 00 00 16 80 bc 15 00 39 02 00 11 
00 00 00 9f 00 19 00 00 00 00 00 00 00 00 16 80 bc 15 00 3a 02 00 11 00 00 00 f1 03 34 00 00 00 
00 00 00 00 00 16 80 bc 15 00 3b 02 00 11 00 00 00 0c 02 34 00 00 00 00 00 00 00 00 16 80 bc 15 
00 3c 02 00 11 00 00 00 b7 00 4d 00 00 00 00 00 00 00 00 16 80 bc 15 00 3d 02 00 11 00 00 00 f3 
03 46 00 00 00 00 00 00 00 00 0b 80 bd 05 11 00 00 00 00 00 00 01 
./..H..........l=y...@0.Z..G..............@0..~.G...W......Bathary Boys Gunsel................."
.?..........X.....A.............h]{.@.............................W......Bathary Boys Jumper....
............."..............X...(...P0...............e[.@......?...?..................W......Bat
hary Boys Gunsel................."............X....1..............0(..@.........................
....P....X............................@.......?......;.........K...............M................
......F.........................5......................6........M.............7........4........
.....8........M.............9......................:........4.............;........4............
.<........M.............=........F....................

Client->GAME [13:36:13 07/15/09] packet size: 1 CRYPTED, Flags: 7f ServerSeq: 9 ClientSeq: 9
02 
.

GAME->Client [13:36:13 07/15/09] packet size: 702 CRYPTED, Flags: 7f ServerSeq: 10 ClientSeq: 8
02 03 01 00 0c 57 02 e2 cd ab 11 8e 42 61 74 68 61 72 79 20 42 6f 79 73 20 4a 75 6d 70 65 72 00 
00 00 00 00 00 00 00 00 00 00 00 00 00 10 00 00 22 d4 dc c4 1a 00 c6 01 80 c1 9f 05 00 58 00 00 
20 48 d7 e2 f5 c0 00 00 00 00 00 08 86 c0 00 00 00 a8 5a 2b e1 40 c0 01 82 02 a8 1a 1a 04 b2 09 
1a 04 07 08 00 00 81 c0 1e 00 00 02 06 03 00 00 0f 00 02 0c 62 3d 79 af c7 00 40 30 c4 5a e2 08 
47 00 00 04 01 00 58 1a 16 80 bc 15 00 35 02 00 11 00 00 00 ab 00 0d 00 00 00 01 00 00 00 00 16 
80 bc 15 00 36 02 00 11 00 00 00 0a 02 4d 00 00 00 01 00 00 00 00 16 80 bc 15 00 37 02 00 11 00 
00 00 f2 03 34 00 00 00 01 00 00 00 00 16 80 bc 15 00 38 02 00 11 00 00 00 ed 03 4d 00 00 00 01 
00 00 00 00 16 80 bc 15 00 39 02 00 11 00 00 00 9f 00 19 00 00 00 01 00 00 00 00 16 80 bc 15 00 
3a 02 00 11 00 00 00 f1 03 34 00 00 00 01 00 00 00 00 16 80 bc 15 00 3b 02 00 11 00 00 00 0c 02 
34 00 00 00 01 00 00 00 00 16 80 bc 15 00 3c 02 00 11 00 00 00 b7 00 4d 00 00 00 01 00 00 00 00 
16 80 bc 15 00 3d 02 00 11 00 00 00 f3 03 46 00 00 00 01 00 00 00 00 04 80 b3 11 00 16 80 bc 45 
03 11 00 00 02 00 00 00 11 00 32 00 00 00 01 00 00 00 00 16 80 bc 55 00 f1 01 00 02 00 00 00 cc 
00 0c 00 00 00 01 00 00 00 00 08 80 b2 11 00 32 00 08 02 16 80 bc 45 03 11 00 00 02 00 00 00 11 
00 32 00 00 00 00 00 00 00 00 16 80 bc 55 00 3e 02 00 02 00 00 00 cc 00 0c 00 00 00 00 00 00 00 
00 16 80 bc 15 00 3f 02 00 11 00 00 00 ab 00 0d 00 00 00 00 00 00 00 00 16 80 bc 15 00 40 02 00 
11 00 00 00 0a 02 4d 00 00 00 00 00 00 00 00 16 80 bc 15 00 41 02 00 11 00 00 00 f2 03 34 00 00 
00 00 00 00 00 00 16 80 bc 15 00 42 02 00 11 00 00 00 ed 03 4d 00 00 00 00 00 00 00 00 16 80 bc 
15 00 43 02 00 11 00 00 00 9f 00 19 00 00 00 00 00 00 00 00 16 80 bc 15 00 44 02 00 11 00 00 00 
f1 03 34 00 00 00 00 00 00 00 00 16 80 bc 15 00 45 02 00 11 00 00 00 0c 02 34 00 00 00 00 00 00 
00 00 16 80 bc 15 00 46 02 00 11 00 00 00 b7 00 4d 00 00 00 00 00 00 00 00 16 80 bc 15 00 47 02 
00 11 00 00 00 f3 03 46 00 00 00 00 00 00 00 00 16 80 bc 55 00 f2 01 00 0b 00 00 00 37 02 96 00 
00 00 01 00 00 00 00 16 80 bc 55 00 48 02 00 0b 00 00 00 37 02 96 00 00 00 00 00 00 00 00 
.....W......Bathary Boys Jumper................."............X.. H................Z+.@..........
....................b=y...@0.Z..G.....X......5......................6........M.............7....
....4.............8........M.............9......................:........4.............;........
4.............<........M.............=........F................E..........2...........U.........
...............2......E..........2...........U.>......................?......................@..
......M.............A........4.............B........M.............C......................D......
..4.............E........4.............F........M.............G........F...........U........7...
..........U.H......7..........

Client->GAME [13:36:13 07/15/09] packet size: 1 CRYPTED, Flags: 7f ServerSeq: 10 ClientSeq: 10
02 
.

GAME->Client [13:36:14 07/15/09] packet size: 692 CRYPTED, Flags: 7f ServerSeq: 11 ClientSeq: 9
02 03 0f 00 02 0c 57 3d 79 af c7 00 40 30 c4 5a e2 08 47 00 00 04 02 00 72 14 16 80 bc 55 00 f3 
01 00 2d 00 00 00 23 04 0a 00 00 00 01 00 00 00 00 16 80 bc 55 00 f4 01 00 2d 00 00 00 20 04 0a 
00 00 00 01 00 00 00 00 16 80 bc 55 00 f5 01 00 2d 00 00 00 19 04 05 00 00 00 01 00 00 00 00 16 
80 bc 55 00 f6 01 00 2d 00 00 00 42 04 05 00 00 00 01 00 00 00 00 16 80 bc 55 00 49 02 00 2d 00 
00 00 23 04 0a 00 00 00 00 00 00 00 00 16 80 bc 55 00 4a 02 00 2d 00 00 00 20 04 0a 00 00 00 00 
00 00 00 00 16 80 bc 55 00 4b 02 00 2d 00 00 00 19 04 05 00 00 00 00 00 00 00 00 16 80 bc 55 00 
4c 02 00 2d 00 00 00 42 04 05 00 00 00 00 00 00 00 00 16 80 bc 55 00 f7 01 00 34 00 00 00 83 02 
c8 00 00 00 01 00 00 00 00 16 80 bc 55 00 4d 02 00 34 00 00 00 83 02 c8 00 00 00 00 00 00 00 00 
04 80 b3 3d 04 16 80 bc 45 03 3d 04 00 43 00 00 00 3d 04 00 00 00 00 01 00 00 00 00 08 80 b2 3d 
04 00 00 08 02 16 80 bc 45 03 3d 04 00 43 00 00 00 3d 04 00 00 00 00 00 00 00 00 00 16 80 bc 55 
00 f8 01 00 4b 00 00 00 1f 04 19 00 00 00 01 00 00 00 00 16 80 bc 55 00 4e 02 00 4b 00 00 00 1f 
04 19 00 00 00 00 00 00 00 00 16 80 bc 55 00 f9 01 00 5f 00 00 00 7c 04 0f 00 00 00 01 00 00 00 
00 16 80 bc 55 00 fa 01 00 5f 00 00 00 07 04 0f 00 00 00 01 00 00 00 00 16 80 bc 55 00 4f 02 00 
5f 00 00 00 7c 04 0f 00 00 00 00 00 00 00 00 16 80 bc 55 00 50 02 00 5f 00 00 00 07 04 0f 00 00 
00 00 00 00 00 00 00 86 0d 16 80 bc 55 00 fb 01 00 62 00 00 00 06 04 01 00 00 00 01 00 00 00 00 
04 80 b3 35 04 16 80 bc 45 03 35 04 00 62 00 00 00 35 04 00 00 00 00 01 00 00 00 00 16 80 bc 55 
00 fc 01 00 62 00 00 00 15 04 01 00 00 00 01 00 00 00 00 16 80 bc 55 00 51 02 00 62 00 00 00 06 
04 01 00 00 00 00 00 00 00 00 08 80 b2 35 04 00 00 08 02 16 80 bc 45 03 35 04 00 62 00 00 00 35 
04 00 00 00 00 00 00 00 00 00 16 80 bc 55 00 52 02 00 62 00 00 00 15 04 01 00 00 00 00 00 00 00 
00 04 80 b3 3e 04 16 80 bc 45 03 3e 04 00 4f 01 00 00 3e 04 00 00 00 00 01 00 00 00 00 08 80 b2 
3e 04 00 00 08 02 16 80 bc 45 03 3e 04 00 4f 01 00 00 3e 04 00 00 00 00 00 00 00 00 00 16 80 bc 
55 00 fd 01 00 5a 01 00 00 07 04 05 00 00 00 01 00 00 00 00 
......W=y...@0.Z..G.....r....U....-...#.............U....-... .............U....-...............
..U....-...B.............U.I..-...#.............U.J..-... .............U.K..-.................U.
L..-...B.............U....4.................U.M..4.................=....E.=..C...=.............=
........E.=..C...=.............U....K.................U.N..K.................U...._...|.........
....U...._.................U.O.._...|.............U.P.._....................U....b..............
...5....E.5..b...5.............U....b.................U.Q..b.................5........E.5..b...5
.............U.R..b.................>....E.>..O...>.............>........E.>..O...>.............
U....Z..............

Client->GAME [13:36:14 07/15/09] packet size: 1 CRYPTED, Flags: 7f ServerSeq: 11 ClientSeq: 11
02 
.

GAME->Client [13:36:14 07/15/09] packet size: 698 CRYPTED, Flags: 7f ServerSeq: 12 ClientSeq: 10
02 03 0f 00 02 0c 51 3d 79 af c7 00 40 30 c4 5a e2 08 47 00 00 04 01 00 93 20 16 80 bc 55 00 fe 
01 00 5a 01 00 00 1d 04 0f 00 00 00 01 00 00 00 00 16 80 bc 55 00 53 02 00 5a 01 00 00 07 04 05 
00 00 00 00 00 00 00 00 16 80 bc 55 00 54 02 00 5a 01 00 00 1d 04 0f 00 00 00 00 00 00 00 00 04 
80 b3 3f 04 16 80 bc 45 03 3f 04 00 64 01 00 00 3f 04 00 00 00 00 01 00 00 00 00 16 80 bc 55 00 
ff 01 00 64 01 00 00 1f 04 05 00 00 00 01 00 00 00 00 08 80 b2 3f 04 00 00 08 02 16 80 bc 45 03 
3f 04 00 64 01 00 00 3f 04 00 00 00 00 00 00 00 00 00 16 80 bc 55 00 55 02 00 64 01 00 00 1f 04 
05 00 00 00 00 00 00 00 00 16 80 bc 55 00 00 02 00 66 01 00 00 7b 04 05 00 00 00 01 00 00 00 00 
16 80 bc 55 00 01 02 00 66 01 00 00 12 04 0a 00 00 00 01 00 00 00 00 16 80 bc 55 00 02 02 00 66 
01 00 00 06 04 0b 00 00 00 01 00 00 00 00 16 80 bc 55 00 56 02 00 66 01 00 00 7b 04 05 00 00 00 
00 00 00 00 00 16 80 bc 55 00 57 02 00 66 01 00 00 12 04 0a 00 00 00 00 00 00 00 00 16 80 bc 55 
00 58 02 00 66 01 00 00 06 04 0b 00 00 00 00 00 00 00 00 16 80 bc 55 00 03 02 00 8e 01 00 00 03 
04 05 00 00 00 01 00 00 00 00 16 80 bc 55 00 04 02 00 8e 01 00 00 12 04 0f 00 00 00 01 00 00 00 
00 16 80 bc 55 00 05 02 00 8e 01 00 00 77 04 05 00 00 00 01 00 00 00 00 16 80 bc 55 00 59 02 00 
8e 01 00 00 03 04 05 00 00 00 00 00 00 00 00 16 80 bc 55 00 5a 02 00 8e 01 00 00 12 04 0f 00 00 
00 00 00 00 00 00 16 80 bc 55 00 5b 02 00 8e 01 00 00 77 04 05 00 00 00 00 00 00 00 00 16 80 bc 
55 00 06 02 00 cd 01 00 00 e5 03 05 00 00 00 01 00 00 00 00 16 80 bc 55 00 07 02 00 cd 01 00 00 
73 04 05 00 00 00 01 00 00 00 00 16 80 bc 55 00 08 02 00 cd 01 00 00 e3 03 0f 00 00 00 01 00 00 
00 00 16 80 bc 55 00 5c 02 00 cd 01 00 00 e5 03 05 00 00 00 00 00 00 00 00 16 80 bc 55 00 5d 02 
00 cd 01 00 00 73 04 05 00 00 00 00 00 00 00 00 16 80 bc 55 00 5e 02 00 cd 01 00 00 e3 03 0f 00 
00 00 00 00 00 00 00 04 80 b3 40 04 16 80 bc 45 03 40 04 00 d5 01 00 00 40 04 00 00 00 00 01 00 
00 00 00 16 80 bc 55 00 09 02 00 d5 01 00 00 e3 03 05 00 00 00 01 00 00 00 00 08 80 b2 40 04 00 
00 08 02 16 80 bc 45 03 40 04 00 d5 01 00 00 40 04 00 00 00 00 00 00 00 00 00 
......Q=y...@0.Z..G...... ...U....Z.................U.S..Z.................U.T..Z...............
..?....E.?..d...?.............U....d.................?........E.?..d...?.............U.U..d.....
............U....f...{.............U....f.................U....f.................U.V..f...{.....
........U.W..f.................U.X..f.................U......................U..................
....U........w.............U.Y....................U.Z....................U.[......w.............
U......................U........s.............U......................U.\....................U.].
.....s.............U.^....................@....E.@......@.............U......................@..
......E.@......@..........

Client->GAME [13:36:14 07/15/09] packet size: 1 CRYPTED, Flags: 7f ServerSeq: 12 ClientSeq: 12
02 
.

GAME->Client [13:36:14 07/15/09] packet size: 700 CRYPTED, Flags: 7f ServerSeq: 13 ClientSeq: 11
02 03 0f 00 02 0c 47 3d 79 af c7 00 40 30 c4 5a e2 08 47 00 00 04 02 00 b3 19 16 80 bc 55 00 5f 
02 00 d5 01 00 00 e3 03 05 00 00 00 00 00 00 00 00 16 80 bc 55 00 0a 02 00 36 02 00 00 37 02 0a 
00 00 00 01 00 00 00 00 16 80 bc 55 00 60 02 00 36 02 00 00 37 02 0a 00 00 00 00 00 00 00 00 16 
80 bc 55 00 0b 02 00 74 02 00 00 34 02 1e 00 00 00 01 00 00 00 00 16 80 bc 55 00 61 02 00 74 02 
00 00 34 02 1e 00 00 00 00 00 00 00 00 16 80 bc 15 00 3f 02 00 11 00 00 00 ab 00 0d 00 00 00 01 
00 00 00 00 16 80 bc 15 00 40 02 00 11 00 00 00 0a 02 4d 00 00 00 01 00 00 00 00 16 80 bc 15 00 
41 02 00 11 00 00 00 f2 03 34 00 00 00 01 00 00 00 00 16 80 bc 15 00 42 02 00 11 00 00 00 ed 03 
4d 00 00 00 01 00 00 00 00 16 80 bc 15 00 43 02 00 11 00 00 00 9f 00 19 00 00 00 01 00 00 00 00 
16 80 bc 15 00 44 02 00 11 00 00 00 f1 03 34 00 00 00 01 00 00 00 00 16 80 bc 15 00 45 02 00 11 
00 00 00 0c 02 34 00 00 00 01 00 00 00 00 16 80 bc 15 00 46 02 00 11 00 00 00 b7 00 4d 00 00 00 
01 00 00 00 00 16 80 bc 15 00 47 02 00 11 00 00 00 f3 03 46 00 00 00 01 00 00 00 00 0b 80 bd 05 
11 00 00 00 00 00 00 00 16 80 bc 15 00 62 02 00 11 00 00 00 ab 00 0d 00 00 00 00 00 00 00 00 16 
80 bc 15 00 63 02 00 11 00 00 00 0a 02 4d 00 00 00 00 00 00 00 00 16 80 bc 15 00 64 02 00 11 00 
00 00 f2 03 34 00 00 00 00 00 00 00 00 16 80 bc 15 00 65 02 00 11 00 00 00 ed 03 4d 00 00 00 00 
00 00 00 00 16 80 bc 15 00 66 02 00 11 00 00 00 9f 00 19 00 00 00 00 00 00 00 00 16 80 bc 15 00 
67 02 00 11 00 00 00 f1 03 34 00 00 00 00 00 00 00 00 16 80 bc 15 00 68 02 00 11 00 00 00 0c 02 
34 00 00 00 00 00 00 00 00 16 80 bc 15 00 69 02 00 11 00 00 00 b7 00 4d 00 00 00 00 00 00 00 00 
16 80 bc 15 00 6a 02 00 11 00 00 00 f3 03 46 00 00 00 00 00 00 00 00 0b 80 bd 05 11 00 00 00 00 
00 00 01 00 cc 03 17 3a 05 00 11 00 0a 00 50 76 50 53 65 72 76 65 72 00 04 00 06 00 00 00 1d 3a 
05 00 17 00 10 00 50 76 50 4d 61 78 53 61 66 65 4c 65 76 65 6c 00 04 00 0f 00 00 00 3f 3a 05 00 
14 00 0d 00 57 52 5f 52 65 7a 45 76 65 6e 74 73 00 29 00 48 61 6c 6c 6f 77 65 65 6e 5f 45 76 65 
6e 74 2c 57 69 6e 74 65 72 33 50 6c 75 73 48 61 6c 6c 6f 77 65 65 6e 54 53 45 43 00 
......G=y...@0.Z..G..........U._....................U....6...7.............U.`..6...7...........
..U....t...4.............U.a..t...4...............?......................@........M.............
A........4.............B........M.............C......................D........4.............E...
.....4.............F........M.............G........F.........................b..................
....c........M.............d........4.............e........M.............f......................
g........4.............h........4.............i........M.............j........F.................
.......:......PvPServer........:......PvPMaxSafeLevel.......?:......WR_RezEvents.).Halloween_Eve
nt,Winter3PlusHalloweenTSEC.

Client->GAME [13:36:14 07/15/09] packet size: 1 CRYPTED, Flags: 7f ServerSeq: 13 ClientSeq: 13
02 
.

GAME->Client [13:36:14 07/15/09] packet size: 711 CRYPTED, Flags: 7f ServerSeq: 14 ClientSeq: 12
02 03 0f 00 02 0c 3d 3d 79 af c7 00 40 30 c4 5a e2 08 47 0d 00 02 0c c5 e0 1a b5 c7 00 40 30 c4 
a7 89 07 47 00 00 04 01 00 cf 1b 1b 3a 05 00 19 00 12 00 45 76 65 6e 74 53 6c 6f 74 31 5f 45 66 
66 65 63 74 00 00 00 28 3a 05 00 19 00 12 00 45 76 65 6e 74 53 6c 6f 74 32 5f 45 66 66 65 63 74 
00 0d 00 66 6c 79 6d 61 6e 5f 69 64 6c 65 33 00 25 3a 05 00 19 00 12 00 45 76 65 6e 74 53 6c 6f 
74 33 5f 45 66 66 65 63 74 00 0a 00 66 6c 79 5f 76 69 72 75 73 00 1f 3a 05 00 1b 00 14 00 46 69 
78 65 64 42 69 6e 6b 49 44 4f 76 65 72 72 69 64 65 00 02 00 20 00 16 80 bc 15 00 ca 01 00 f7 03 
00 00 08 02 00 00 00 00 00 00 00 00 00 16 80 bc 15 00 cb 01 00 f7 03 00 00 07 02 ec ff ff ff 00 
00 00 00 00 16 80 bc 15 00 cc 01 00 f7 03 00 00 50 04 00 00 00 00 00 00 00 00 00 16 80 bc 15 00 
cd 01 00 f7 03 00 00 f4 03 00 00 00 00 00 00 00 00 00 16 80 bc 15 00 ce 01 00 f7 03 00 00 51 04 
f6 ff ff ff 00 00 00 00 00 16 80 bc 15 00 cf 01 00 f7 03 00 00 52 04 0f 00 00 00 00 00 00 00 00 
16 80 bc 11 00 d0 01 00 00 00 00 00 cb 02 00 00 00 00 00 00 00 00 00 16 80 bc 56 00 15 02 00 0a 
95 00 00 06 04 02 00 00 00 00 00 00 00 00 16 80 bc 56 00 16 02 00 0a 95 00 00 b4 00 11 00 00 00 
00 00 00 00 00 16 80 bc 56 00 17 02 00 0a 95 00 00 b5 00 11 00 00 00 00 00 00 00 00 16 80 bc 56 
00 18 02 00 0a 95 00 00 07 04 02 00 00 00 00 00 00 00 00 16 80 bc 56 00 19 02 00 8a b2 00 00 23 
04 02 00 00 00 00 00 00 00 00 16 80 bc 56 00 1a 02 00 8a b2 00 00 21 04 01 00 00 00 00 00 00 00 
00 16 80 bc 56 00 1b 02 00 8a b2 00 00 b4 00 1d 00 00 00 00 00 00 00 00 16 80 bc 56 00 1c 02 00 
8a b2 00 00 09 04 1d 00 00 00 00 00 00 00 00 16 80 bc 56 00 1d 02 00 8a b2 00 00 9d 00 1d 00 00 
00 00 00 00 00 00 16 80 bc 56 00 1e 02 00 8a b2 00 00 06 04 01 00 00 00 00 00 00 00 00 16 80 bc 
56 00 1f 02 00 24 b3 00 00 89 02 02 00 00 00 00 00 00 00 00 16 80 bc 56 00 20 02 00 24 b3 00 00 
1a 04 01 00 00 00 00 00 00 00 00 16 80 bc 56 00 21 02 00 24 b3 00 00 b4 00 21 00 00 00 00 00 00 
00 00 16 80 bc 56 00 22 02 00 24 b3 00 00 09 04 21 00 00 00 00 00 00 00 00 16 80 bc 56 00 23 02 
00 24 b3 00 00 15 04 02 00 00 00 00 00 00 00 00 16 80 bc 56 00 24 02 00 24 b3 00 00 b5 00 21 00 
00 00 00 00 00 00 00 
......==y...@0.Z..G..........@0....G........:......EventSlot1_Effect...(:......EventSlot2_Effect
...flyman_idle3.%:......EventSlot3_Effect...fly_virus..:......FixedBinkIDOverride... ...........
................................................P.............................................Q.
.....................R....................................V......................V..............
........V......................V......................V........#.............V........!.........
....V......................V......................V......................V......................
V....$.................V. ..$.................V.!..$.....!...........V."..$.....!...........V.#.
.$.................V.$..$.....!........

Client->GAME [13:36:14 07/15/09] packet size: 1 CRYPTED, Flags: 7f ServerSeq: 14 ClientSeq: 14
02 
.

GAME->Client [13:36:14 07/15/09] packet size: 693 CRYPTED, Flags: 7f ServerSeq: 15 ClientSeq: 13
02 03 0f 00 02 0c 33 3d 79 af c7 00 40 30 c4 5a e2 08 47 00 00 04 01 00 ea 1d 16 80 bc 56 00 25 
02 00 95 a7 00 00 b4 00 12 00 00 00 00 00 00 00 00 16 80 bc 56 00 26 02 00 95 a7 00 00 b5 00 12 
00 00 00 00 00 00 00 00 16 80 bc 56 00 27 02 00 95 a7 00 00 09 04 12 00 00 00 00 00 00 00 00 16 
80 bc 56 00 28 02 00 95 a7 00 00 70 00 0f 00 00 00 00 00 00 00 00 16 80 bc 56 00 29 02 00 2c b3 
00 00 17 04 01 00 00 00 00 00 00 00 00 16 80 bc 56 00 2a 02 00 2c b3 00 00 b4 00 21 00 00 00 00 
00 00 00 00 16 80 bc 56 00 2b 02 00 2c b3 00 00 09 04 21 00 00 00 00 00 00 00 00 16 80 bc 56 00 
2c 02 00 2c b3 00 00 12 04 02 00 00 00 00 00 00 00 00 16 80 bc 56 00 2d 02 00 2c b3 00 00 07 04 
02 00 00 00 00 00 00 00 00 16 80 bc 56 00 2e 02 00 2c b3 00 00 b5 00 21 00 00 00 00 00 00 00 00 
16 80 bc 56 00 2f 02 00 c3 b2 00 00 89 02 02 00 00 00 00 00 00 00 00 16 80 bc 56 00 30 02 00 c3 
b2 00 00 21 04 02 00 00 00 00 00 00 00 00 16 80 bc 56 00 31 02 00 c3 b2 00 00 b4 00 1f 00 00 00 
00 00 00 00 00 16 80 bc 56 00 32 02 00 c3 b2 00 00 09 04 1f 00 00 00 00 00 00 00 00 16 80 bc 56 
00 33 02 00 c3 b2 00 00 1e 04 01 00 00 00 00 00 00 00 00 16 80 bc 56 00 34 02 00 c3 b2 00 00 9d 
00 1f 00 00 00 00 00 00 00 00 16 80 bc 55 00 3e 02 00 02 00 00 00 cc 00 0c 00 00 00 00 00 00 00 
00 16 80 bc 55 00 48 02 00 0b 00 00 00 37 02 96 00 00 00 00 00 00 00 00 16 80 bc 55 00 49 02 00 
2d 00 00 00 23 04 0a 00 00 00 00 00 00 00 00 16 80 bc 55 00 4a 02 00 2d 00 00 00 20 04 0a 00 00 
00 00 00 00 00 00 16 80 bc 55 00 4b 02 00 2d 00 00 00 19 04 05 00 00 00 00 00 00 00 00 16 80 bc 
55 00 4c 02 00 2d 00 00 00 42 04 05 00 00 00 00 00 00 00 00 16 80 bc 55 00 4d 02 00 34 00 00 00 
83 02 c8 00 00 00 00 00 00 00 00 16 80 bc 55 00 4e 02 00 4b 00 00 00 1f 04 19 00 00 00 00 00 00 
00 00 16 80 bc 55 00 4f 02 00 5f 00 00 00 7c 04 0f 00 00 00 00 00 00 00 00 16 80 bc 55 00 50 02 
00 5f 00 00 00 07 04 0f 00 00 00 00 00 00 00 00 16 80 bc 55 00 51 02 00 62 00 00 00 06 04 01 00 
00 00 00 00 00 00 00 16 80 bc 55 00 52 02 00 62 00 00 00 15 04 01 00 00 00 00 00 00 00 00 16 80 
bc 55 00 53 02 00 5a 01 00 00 07 04 05 00 00 00 00 00 00 00 00 
......3=y...@0.Z..G..........V.%....................V.&....................V.'..................
..V.(......p.............V.)..,.................V.*..,.....!...........V.+..,.....!...........V.
,..,.................V.-..,.................V....,.....!...........V./....................V.0...
...!.............V.1....................V.2....................V.3....................V.4.......
.............U.>....................U.H......7.............U.I..-...#.............U.J..-... ....
.........U.K..-.................U.L..-...B.............U.M..4.................U.N..K............
.....U.O.._...|.............U.P.._.................U.Q..b.................U.R..b................
.U.S..Z..............

Client->GAME [13:36:14 07/15/09] packet size: 1 CRYPTED, Flags: 7f ServerSeq: 15 ClientSeq: 15
02 
.

GAME->Client [13:36:14 07/15/09] packet size: 705 CRYPTED, Flags: 7f ServerSeq: 16 ClientSeq: 14
02 03 0f 00 02 0c 28 3d 79 af c7 00 40 30 c4 5a e2 08 47 00 00 04 01 01 07 1e 16 80 bc 55 00 54 
02 00 5a 01 00 00 1d 04 0f 00 00 00 00 00 00 00 00 16 80 bc 55 00 55 02 00 64 01 00 00 1f 04 05 
00 00 00 00 00 00 00 00 16 80 bc 55 00 56 02 00 66 01 00 00 7b 04 05 00 00 00 00 00 00 00 00 16 
80 bc 55 00 57 02 00 66 01 00 00 12 04 0a 00 00 00 00 00 00 00 00 16 80 bc 55 00 58 02 00 66 01 
00 00 06 04 0b 00 00 00 00 00 00 00 00 16 80 bc 55 00 59 02 00 8e 01 00 00 03 04 05 00 00 00 00 
00 00 00 00 16 80 bc 55 00 5a 02 00 8e 01 00 00 12 04 0f 00 00 00 00 00 00 00 00 16 80 bc 55 00 
5b 02 00 8e 01 00 00 77 04 05 00 00 00 00 00 00 00 00 16 80 bc 55 00 5c 02 00 cd 01 00 00 e5 03 
05 00 00 00 00 00 00 00 00 16 80 bc 55 00 5d 02 00 cd 01 00 00 73 04 05 00 00 00 00 00 00 00 00 
16 80 bc 55 00 5e 02 00 cd 01 00 00 e3 03 0f 00 00 00 00 00 00 00 00 16 80 bc 55 00 5f 02 00 d5 
01 00 00 e3 03 05 00 00 00 00 00 00 00 00 16 80 bc 55 00 60 02 00 36 02 00 00 37 02 0a 00 00 00 
00 00 00 00 00 16 80 bc 55 00 61 02 00 74 02 00 00 34 02 1e 00 00 00 00 00 00 00 00 16 80 bc 15 
00 62 02 00 11 00 00 00 ab 00 0d 00 00 00 00 00 00 00 00 16 80 bc 15 00 63 02 00 11 00 00 00 0a 
02 4d 00 00 00 00 00 00 00 00 16 80 bc 15 00 64 02 00 11 00 00 00 f2 03 34 00 00 00 00 00 00 00 
00 16 80 bc 15 00 65 02 00 11 00 00 00 ed 03 4d 00 00 00 00 00 00 00 00 16 80 bc 15 00 66 02 00 
11 00 00 00 9f 00 19 00 00 00 00 00 00 00 00 16 80 bc 15 00 67 02 00 11 00 00 00 f1 03 34 00 00 
00 00 00 00 00 00 16 80 bc 15 00 68 02 00 11 00 00 00 0c 02 34 00 00 00 00 00 00 00 00 16 80 bc 
15 00 69 02 00 11 00 00 00 b7 00 4d 00 00 00 00 00 00 00 00 16 80 bc 15 00 6a 02 00 11 00 00 00 
f3 03 46 00 00 00 00 00 00 00 00 16 80 bc 45 03 11 00 00 02 00 00 00 11 00 32 00 00 00 00 00 00 
00 00 16 80 bc 45 03 35 04 00 62 00 00 00 35 04 00 00 00 00 00 00 00 00 00 16 80 bc 45 03 3d 04 
00 43 00 00 00 3d 04 00 00 00 00 00 00 00 00 00 16 80 bc 45 03 3e 04 00 4f 01 00 00 3e 04 00 00 
00 00 00 00 00 00 00 16 80 bc 45 03 3f 04 00 64 01 00 00 3f 04 00 00 00 00 00 00 00 00 00 16 80 
bc 45 03 40 04 00 d5 01 00 00 40 04 00 00 00 00 00 00 00 00 00 0b 80 bd 05 11 00 00 00 00 00 00 
01 
......(=y...@0.Z..G..........U.T..Z.................U.U..d.................U.V..f...{...........
..U.W..f.................U.X..f.................U.Y....................U.Z....................U.
[......w.............U.\....................U.]......s.............U.^....................U._...
.................U.`..6...7.............U.a..t...4...............b......................c.......
.M.............d........4.............e........M.............f......................g........4..
...........h........4.............i........M.............j........F...........E..........2......
.....E.5..b...5.............E.=..C...=.............E.>..O...>.............E.?..d...?............
.E.@......@......................

Client->GAME [13:36:14 07/15/09] packet size: 1 CRYPTED, Flags: 7f ServerSeq: 0 ClientSeq: 16
02 
.

GAME->Client [13:36:14 07/15/09] packet size: 240 CRYPTED, Flags: 7f ServerSeq: 17 ClientSeq: 15
02 03 0f 00 02 0c 1d 3d 79 af c7 00 40 30 c4 5a e2 08 47 0d 00 02 08 2f 3f b5 c7 00 40 30 c4 b5 
91 07 47 00 00 04 01 01 25 03 41 81 67 17 00 27 00 1c 22 00 c6 01 11 00 00 00 00 00 00 00 37 00 
00 08 0e 00 41 66 74 65 72 57 68 6f 72 75 4e 65 6f 00 0e 00 41 66 74 65 72 57 68 6f 72 75 4e 65 
6f 00 02 00 4d 00 00 00 00 00 00 00 41 81 67 17 00 27 00 1c 22 00 c6 01 11 00 00 00 00 00 00 00 
37 00 00 08 0e 00 41 66 74 65 72 57 68 6f 72 75 4e 65 6f 00 0e 00 41 66 74 65 72 57 68 6f 72 75 
4e 65 6f 00 02 00 4d 00 00 00 00 00 00 00 41 81 67 17 00 27 00 1c 22 00 c6 01 11 00 00 00 00 00 
00 00 37 00 00 08 0e 00 41 66 74 65 72 57 68 6f 72 75 4e 65 6f 00 0e 00 41 66 74 65 72 57 68 6f 
72 75 4e 65 6f 00 02 00 4d 00 00 00 00 00 00 00 
.......=y...@0.Z..G..../?...@0....G.....%.A.g..'.."...........7.....AfterWhoruNeo...AfterWhoruNe
o...M.......A.g..'.."...........7.....AfterWhoruNeo...AfterWhoruNeo...M.......A.g..'..".........
..7.....AfterWhoruNeo...AfterWhoruNeo...M.......

Client->GAME [13:36:14 07/15/09] packet size: 1 CRYPTED, Flags: 7f ServerSeq: 1 ClientSeq: 17
02 
.

GAME->Client [13:36:14 07/15/09] packet size: 26 CRYPTED, Flags: 7f ServerSeq: 18 ClientSeq: 0
82 53 a4 fc 48 03 0f 00 02 0e 00 13 3d 79 af c7 00 40 30 c4 5a e2 08 47 00 00 
.S..H.......=y...@0.Z..G..

Client->GAME [13:36:14 07/15/09] packet size: 1 CRYPTED, Flags: 7f ServerSeq: 2 ClientSeq: 18
02 
.

GAME->Client [13:36:14 07/15/09] packet size: 39 CRYPTED, Flags: 7f ServerSeq: 19 ClientSeq: 1
02 03 0f 00 02 0e 00 0d 3d 79 af c7 00 40 30 c4 5a e2 08 47 0d 00 02 0c c4 61 51 b5 c7 00 40 30 
c4 93 95 07 47 00 00 
........=y...@0.Z..G.....aQ...@0....G..

Client->GAME [13:36:14 07/15/09] packet size: 1 CRYPTED, Flags: 7f ServerSeq: 3 ClientSeq: 19
02 
.

