Client->GAME [12:40:56 07/15/09] packet size: 25 CRYPTED, Flags: 7f ServerSeq: 4 ClientSeq: 129
02 04 01 00 1f 01 12 81 8e 09 00 00 00 03 00 00 00 0d 00 00 00 03 00 00 00 
.........................

GAME->Client [12:40:56 07/15/09] packet size: 1 CRYPTED, Flags: 7f ServerSeq: 117 ClientSeq: 1
02 
.

GAME->Client [12:40:56 07/15/09] packet size: 700 CRYPTED, Flags: 7f ServerSeq: 118 ClientSeq: 1
82 a6 05 fb 48 04 01 01 29 1e 16 80 bc 15 00 ca 01 00 f7 03 00 00 08 02 00 00 00 00 01 00 00 00 
00 16 80 bc 15 00 cb 01 00 f7 03 00 00 07 02 ec ff ff ff 01 00 00 00 00 16 80 bc 15 00 cc 01 00 
f7 03 00 00 50 04 00 00 00 00 01 00 00 00 00 16 80 bc 15 00 cd 01 00 f7 03 00 00 f4 03 00 00 00 
00 01 00 00 00 00 16 80 bc 15 00 ce 01 00 f7 03 00 00 51 04 f6 ff ff ff 01 00 00 00 00 16 80 bc 
15 00 cf 01 00 f7 03 00 00 52 04 0f 00 00 00 01 00 00 00 00 16 80 bc 11 00 d0 01 00 00 00 00 00 
cb 02 00 00 00 00 01 00 00 00 00 16 80 bc 56 00 15 02 00 0a 95 00 00 06 04 02 00 00 00 01 00 00 
00 00 16 80 bc 56 00 16 02 00 0a 95 00 00 b4 00 11 00 00 00 01 00 00 00 00 16 80 bc 56 00 17 02 
00 0a 95 00 00 b5 00 11 00 00 00 01 00 00 00 00 16 80 bc 56 00 18 02 00 0a 95 00 00 07 04 02 00 
00 00 01 00 00 00 00 16 80 bc 56 00 19 02 00 8a b2 00 00 23 04 02 00 00 00 01 00 00 00 00 16 80 
bc 56 00 1a 02 00 8a b2 00 00 21 04 01 00 00 00 01 00 00 00 00 16 80 bc 56 00 1b 02 00 8a b2 00 
00 b4 00 1d 00 00 00 01 00 00 00 00 16 80 bc 56 00 1c 02 00 8a b2 00 00 09 04 1d 00 00 00 01 00 
00 00 00 16 80 bc 56 00 1d 02 00 8a b2 00 00 9d 00 1d 00 00 00 01 00 00 00 00 16 80 bc 56 00 1e 
02 00 8a b2 00 00 06 04 01 00 00 00 01 00 00 00 00 16 80 bc 56 00 1f 02 00 24 b3 00 00 89 02 02 
00 00 00 01 00 00 00 00 16 80 bc 56 00 20 02 00 24 b3 00 00 1a 04 01 00 00 00 01 00 00 00 00 16 
80 bc 56 00 21 02 00 24 b3 00 00 b4 00 21 00 00 00 01 00 00 00 00 16 80 bc 56 00 22 02 00 24 b3 
00 00 09 04 21 00 00 00 01 00 00 00 00 16 80 bc 56 00 23 02 00 24 b3 00 00 15 04 02 00 00 00 01 
00 00 00 00 16 80 bc 56 00 24 02 00 24 b3 00 00 b5 00 21 00 00 00 01 00 00 00 00 16 80 bc 56 00 
25 02 00 95 a7 00 00 b4 00 12 00 00 00 01 00 00 00 00 16 80 bc 56 00 26 02 00 95 a7 00 00 b5 00 
12 00 00 00 01 00 00 00 00 16 80 bc 56 00 27 02 00 95 a7 00 00 09 04 12 00 00 00 01 00 00 00 00 
16 80 bc 56 00 28 02 00 95 a7 00 00 70 00 0f 00 00 00 01 00 00 00 00 16 80 bc 56 00 29 02 00 2c 
b3 00 00 17 04 01 00 00 00 01 00 00 00 00 16 80 bc 56 00 2a 02 00 2c b3 00 00 b4 00 21 00 00 00 
01 00 00 00 00 16 80 bc 56 00 2b 02 00 2c b3 00 00 09 04 21 00 00 00 01 00 00 00 00 
....H...)...........................................................P...........................
..................Q......................R....................................V.................
.....V......................V......................V......................V........#............
.V........!.............V......................V......................V......................V..
....................V....$.................V. ..$.................V.!..$.....!...........V."..$.
....!...........V.#..$.................V.$..$.....!...........V.%....................V.&........
............V.'....................V.(......p.............V.)..,.................V.*..,.....!...
........V.+..,.....!........

Client->GAME [12:40:56 07/15/09] packet size: 1 CRYPTED, Flags: 7f ServerSeq: 6 ClientSeq: 130
02 
.

GAME->Client [12:40:56 07/15/09] packet size: 696 CRYPTED, Flags: 7f ServerSeq: 119 ClientSeq: 1
02 04 01 01 47 1e 16 80 bc 56 00 2c 02 00 2c b3 00 00 12 04 02 00 00 00 01 00 00 00 00 16 80 bc 
56 00 2d 02 00 2c b3 00 00 07 04 02 00 00 00 01 00 00 00 00 16 80 bc 56 00 2e 02 00 2c b3 00 00 
b5 00 21 00 00 00 01 00 00 00 00 16 80 bc 56 00 2f 02 00 c3 b2 00 00 89 02 02 00 00 00 01 00 00 
00 00 16 80 bc 56 00 30 02 00 c3 b2 00 00 21 04 02 00 00 00 01 00 00 00 00 16 80 bc 56 00 31 02 
00 c3 b2 00 00 b4 00 1f 00 00 00 01 00 00 00 00 16 80 bc 56 00 32 02 00 c3 b2 00 00 09 04 1f 00 
00 00 01 00 00 00 00 16 80 bc 56 00 33 02 00 c3 b2 00 00 1e 04 01 00 00 00 01 00 00 00 00 16 80 
bc 56 00 34 02 00 c3 b2 00 00 9d 00 1f 00 00 00 01 00 00 00 00 16 80 bc 55 00 3e 02 00 02 00 00 
00 cc 00 0c 00 00 00 01 00 00 00 00 16 80 bc 55 00 48 02 00 0b 00 00 00 37 02 96 00 00 00 01 00 
00 00 00 16 80 bc 55 00 49 02 00 2d 00 00 00 23 04 0a 00 00 00 01 00 00 00 00 16 80 bc 55 00 4a 
02 00 2d 00 00 00 20 04 0a 00 00 00 01 00 00 00 00 16 80 bc 55 00 4b 02 00 2d 00 00 00 19 04 05 
00 00 00 01 00 00 00 00 16 80 bc 55 00 4c 02 00 2d 00 00 00 42 04 05 00 00 00 01 00 00 00 00 16 
80 bc 55 00 4d 02 00 34 00 00 00 83 02 c8 00 00 00 01 00 00 00 00 16 80 bc 55 00 4e 02 00 4b 00 
00 00 1f 04 19 00 00 00 01 00 00 00 00 16 80 bc 55 00 4f 02 00 5f 00 00 00 7c 04 0f 00 00 00 01 
00 00 00 00 16 80 bc 55 00 50 02 00 5f 00 00 00 07 04 0f 00 00 00 01 00 00 00 00 16 80 bc 55 00 
51 02 00 62 00 00 00 06 04 01 00 00 00 01 00 00 00 00 16 80 bc 55 00 52 02 00 62 00 00 00 15 04 
01 00 00 00 01 00 00 00 00 16 80 bc 55 00 53 02 00 5a 01 00 00 07 04 05 00 00 00 01 00 00 00 00 
16 80 bc 55 00 54 02 00 5a 01 00 00 1d 04 0f 00 00 00 01 00 00 00 00 16 80 bc 55 00 55 02 00 64 
01 00 00 1f 04 05 00 00 00 01 00 00 00 00 16 80 bc 55 00 56 02 00 66 01 00 00 7b 04 05 00 00 00 
01 00 00 00 00 16 80 bc 55 00 57 02 00 66 01 00 00 12 04 0a 00 00 00 01 00 00 00 00 16 80 bc 55 
00 58 02 00 66 01 00 00 06 04 0b 00 00 00 01 00 00 00 00 16 80 bc 55 00 59 02 00 8e 01 00 00 03 
04 05 00 00 00 01 00 00 00 00 16 80 bc 55 00 5a 02 00 8e 01 00 00 12 04 0f 00 00 00 01 00 00 00 
00 16 80 bc 55 00 5b 02 00 8e 01 00 00 77 04 05 00 00 00 01 00 00 00 00 
....G....V.,..,.................V.-..,.................V....,.....!...........V./...............
.....V.0......!.............V.1....................V.2....................V.3...................
.V.4....................U.>....................U.H......7.............U.I..-...#.............U.J
..-... .............U.K..-.................U.L..-...B.............U.M..4.................U.N..K.
................U.O.._...|.............U.P.._.................U.Q..b.................U.R..b.....
............U.S..Z.................U.T..Z.................U.U..d.................U.V..f...{.....
........U.W..f.................U.X..f.................U.Y....................U.Z................
....U.[......w..........

Client->GAME [12:40:56 07/15/09] packet size: 1 CRYPTED, Flags: 7f ServerSeq: 7 ClientSeq: 131
02 
.

GAME->Client [12:40:56 07/15/09] packet size: 700 CRYPTED, Flags: 7f ServerSeq: 120 ClientSeq: 2
02 04 02 01 65 03 16 80 bc 55 00 5c 02 00 cd 01 00 00 e5 03 05 00 00 00 01 00 00 00 00 16 80 bc 
55 00 5d 02 00 cd 01 00 00 73 04 05 00 00 00 01 00 00 00 00 16 80 bc 55 00 5e 02 00 cd 01 00 00 
e3 03 0f 00 00 00 01 00 00 00 00 01 68 1c 16 80 bc 55 00 5f 02 00 d5 01 00 00 e3 03 05 00 00 00 
01 00 00 00 00 16 80 bc 55 00 60 02 00 36 02 00 00 37 02 0a 00 00 00 01 00 00 00 00 16 80 bc 55 
00 61 02 00 74 02 00 00 34 02 1e 00 00 00 01 00 00 00 00 16 80 bc 15 00 62 02 00 11 00 00 00 ab 
00 0d 00 00 00 01 00 00 00 00 16 80 bc 15 00 63 02 00 11 00 00 00 0a 02 4d 00 00 00 01 00 00 00 
00 16 80 bc 15 00 64 02 00 11 00 00 00 f2 03 34 00 00 00 01 00 00 00 00 16 80 bc 15 00 65 02 00 
11 00 00 00 ed 03 4d 00 00 00 01 00 00 00 00 16 80 bc 15 00 66 02 00 11 00 00 00 9f 00 19 00 00 
00 01 00 00 00 00 16 80 bc 15 00 67 02 00 11 00 00 00 f1 03 34 00 00 00 01 00 00 00 00 16 80 bc 
15 00 68 02 00 11 00 00 00 0c 02 34 00 00 00 01 00 00 00 00 16 80 bc 15 00 69 02 00 11 00 00 00 
b7 00 4d 00 00 00 01 00 00 00 00 16 80 bc 15 00 6a 02 00 11 00 00 00 f3 03 46 00 00 00 01 00 00 
00 00 0b 80 bd 05 11 00 00 00 00 00 00 00 16 80 bc 15 00 6b 02 00 11 00 00 00 ab 00 0c 00 00 00 
00 00 00 00 00 16 80 bc 15 00 6c 02 00 11 00 00 00 0a 02 4b 00 00 00 00 00 00 00 00 16 80 bc 15 
00 6d 02 00 11 00 00 00 f2 03 31 00 00 00 00 00 00 00 00 16 80 bc 15 00 6e 02 00 11 00 00 00 ed 
03 4b 00 00 00 00 00 00 00 00 16 80 bc 15 00 6f 02 00 11 00 00 00 9f 00 19 00 00 00 00 00 00 00 
00 16 80 bc 15 00 70 02 00 11 00 00 00 f1 03 31 00 00 00 00 00 00 00 00 16 80 bc 15 00 71 02 00 
11 00 00 00 0c 02 34 00 00 00 00 00 00 00 00 16 80 bc 15 00 72 02 00 11 00 00 00 b7 00 46 00 00 
00 00 00 00 00 00 16 80 bc 15 00 73 02 00 11 00 00 00 f3 03 46 00 00 00 00 00 00 00 00 0b 80 bd 
05 11 00 00 00 00 00 00 01 16 80 bc 15 00 6b 02 00 11 00 00 00 ab 00 0c 00 00 00 01 00 00 00 00 
16 80 bc 15 00 6c 02 00 11 00 00 00 0a 02 4b 00 00 00 01 00 00 00 00 16 80 bc 15 00 6d 02 00 11 
00 00 00 f2 03 31 00 00 00 01 00 00 00 00 16 80 bc 15 00 6e 02 00 11 00 00 00 ed 03 4b 00 00 00 
01 00 00 00 00 16 80 bc 15 00 6f 02 00 11 00 00 00 9f 00 19 00 00 00 01 00 00 00 00 
....e....U.\....................U.]......s.............U.^..................h....U._............
........U.`..6...7.............U.a..t...4...............b......................c........M.......
......d........4.............e........M.............f......................g........4...........
..h........4.............i........M.............j........F.........................k............
..........l........K.............m........1.............n........K.............o................
......p........1.............q........4.............r........F.............s........F...........
..............k......................l........K.............m........1.............n........K...
..........o.................

Client->GAME [12:40:56 07/15/09] packet size: 1 CRYPTED, Flags: 7f ServerSeq: 8 ClientSeq: 132
02 
.

GAME->Client [12:40:56 07/15/09] packet size: 269 CRYPTED, Flags: 7f ServerSeq: 121 ClientSeq: 3
02 04 01 01 84 11 16 80 bc 15 00 70 02 00 11 00 00 00 f1 03 31 00 00 00 01 00 00 00 00 16 80 bc 
15 00 71 02 00 11 00 00 00 0c 02 34 00 00 00 01 00 00 00 00 16 80 bc 15 00 72 02 00 11 00 00 00 
b7 00 46 00 00 00 01 00 00 00 00 16 80 bc 15 00 73 02 00 11 00 00 00 f3 03 46 00 00 00 01 00 00 
00 00 04 80 b3 11 00 16 80 bc 45 03 11 00 00 02 00 00 00 11 00 32 00 00 00 01 00 00 00 00 04 80 
b3 35 04 16 80 bc 45 03 35 04 00 62 00 00 00 35 04 00 00 00 00 01 00 00 00 00 04 80 b3 3d 04 16 
80 bc 45 03 3d 04 00 43 00 00 00 3d 04 00 00 00 00 01 00 00 00 00 04 80 b3 3e 04 16 80 bc 45 03 
3e 04 00 4f 01 00 00 3e 04 00 00 00 00 01 00 00 00 00 04 80 b3 3f 04 16 80 bc 45 03 3f 04 00 64 
01 00 00 3f 04 00 00 00 00 01 00 00 00 00 04 80 b3 40 04 16 80 bc 45 03 40 04 00 d5 01 00 00 40 
04 00 00 00 00 01 00 00 00 00 02 81 07 
...........p........1.............q........4.............r........F.............s........F......
..........E..........2...........5....E.5..b...5.............=....E.=..C...=.............>....E.
>..O...>.............?....E.?..d...?.............@....E.@......@.............

Client->GAME [12:40:56 07/15/09] packet size: 13 CRYPTED, Flags: 7f ServerSeq: 9 ClientSeq: 133
02 04 01 00 20 01 06 81 08 00 00 00 00 
.... ........

GAME->Client [12:40:57 07/15/09] packet size: 1 CRYPTED, Flags: 7f ServerSeq: 122 ClientSeq: 5
02 
.

GAME->Client [12:40:57 07/15/09] packet size: 1 CRYPTED, Flags: 7f ServerSeq: 123 ClientSeq: 5
42 
B

GAME->Client [12:40:57 07/15/09] packet size: 5 CRYPTED, Flags: 7f ServerSeq: 124 ClientSeq: 5
c2 d2 05 fb 48 
....H

Client->GAME [12:40:57 07/15/09] packet size: 1 CRYPTED, Flags: 7f ServerSeq: 12 ClientSeq: 134
02 
.

GAME->Client [12:40:58 07/15/09] packet size: 1 CRYPTED, Flags: 7f ServerSeq: 125 ClientSeq: 5
42 
B

GAME->Client [12:40:58 07/15/09] packet size: 1 CRYPTED, Flags: 7f ServerSeq: 126 ClientSeq: 6
42 
B

Client->GAME [12:40:58 07/15/09] packet size: 1 CRYPTED, Flags: 7f ServerSeq: 13 ClientSeq: 135
42 
B

GAME->Client [12:40:58 07/15/09] packet size: 1 CRYPTED, Flags: 7f ServerSeq: 127 ClientSeq: 6
42 
B

Client->GAME [12:40:58 07/15/09] packet size: 13 CRYPTED, Flags: 0 ServerSeq: 0 ClientSeq: 1
22 04 01 00 00 01 06 81 51 00 00 00 00 
".......Q....

GAME->Client [12:40:58 07/15/09] packet size: 1 CRYPTED, Flags: 7f ServerSeq: 128 ClientSeq: 7
42 
B

GAME->Client [12:40:58 07/15/09] packet size: 142 CRYPTED, Flags: 0 ServerSeq: 1 ClientSeq: 0
82 e5 05 fb 48 04 01 00 00 03 6d 06 0e 00 03 00 00 00 e5 05 fb 48 01 42 00 32 00 72 65 73 6f 75 
72 63 65 2f 77 6f 72 6c 64 73 2f 66 69 6e 61 6c 5f 77 6f 72 6c 64 2f 69 6e 74 65 72 6e 61 74 69 
6f 6e 61 6c 2f 69 74 2e 6d 65 74 72 00 29 00 48 61 6c 6c 6f 77 65 65 6e 5f 45 76 65 6e 74 2c 57 
69 6e 74 65 72 33 50 6c 75 73 48 61 6c 6c 6f 77 65 65 6e 54 53 45 43 00 0a 80 e5 e7 cb c0 12 00 
00 00 00 0a 80 e4 bc 58 7a 00 00 00 00 00 
....H.....m..........H.B.2.resource/worlds/final_world/international/it.metr.).Halloween_Event,W
inter3PlusHalloweenTSEC................Xz.....

Client->GAME [12:40:58 07/15/09] packet size: 6 CRYPTED, Flags: 1 ServerSeq: 1 ClientSeq: 2
02 05 02 0c 00 00 
......

GAME->Client [12:40:58 07/15/09] packet size: 72 CRYPTED, Flags: 3 ServerSeq: 2 ClientSeq: 2
02 04 01 00 03 01 41 81 67 17 00 27 00 1c 22 00 c6 01 11 00 00 00 00 00 00 00 37 00 00 08 0e 00 
41 66 74 65 72 57 68 6f 72 75 4e 65 6f 00 0e 00 41 66 74 65 72 57 68 6f 72 75 4e 65 6f 00 02 00 
4b 00 00 00 00 00 00 00 
......A.g..'.."...........7.....AfterWhoruNeo...AfterWhoruNeo...K.......

GAME->Client [12:41:00 07/15/09] packet size: 72 CRYPTED, Flags: 3 ServerSeq: 3 ClientSeq: 2
02 04 01 00 03 01 41 81 67 17 00 27 00 1c 22 00 c6 01 11 00 00 00 00 00 00 00 37 00 00 08 0e 00 
41 66 74 65 72 57 68 6f 72 75 4e 65 6f 00 0e 00 41 66 74 65 72 57 68 6f 72 75 4e 65 6f 00 02 00 
4b 00 00 00 00 00 00 00 
......A.g..'.."...........7.....AfterWhoruNeo...AfterWhoruNeo...K.......

GAME->Client [12:41:01 07/15/09] packet size: 76 CRYPTED, Flags: 3 ServerSeq: 4 ClientSeq: 2
82 40 06 fb 48 04 01 00 03 01 41 81 67 17 00 27 00 1c 22 00 c6 01 11 00 00 00 00 00 00 00 37 00 
00 08 0e 00 41 66 74 65 72 57 68 6f 72 75 4e 65 6f 00 0e 00 41 66 74 65 72 57 68 6f 72 75 4e 65 
6f 00 02 00 4b 00 00 00 00 00 00 00 
.@..H.....A.g..'.."...........7.....AfterWhoruNeo...AfterWhoruNeo...K.......

Client->GAME [12:41:01 07/15/09] packet size: 8 CRYPTED, Flags: 1 ServerSeq: 1 ClientSeq: 3
02 04 01 00 01 01 01 05 
........

Client->GAME [12:41:01 07/15/09] packet size: 13 CRYPTED, Flags: f ServerSeq: 4 ClientSeq: 4
02 04 01 00 00 01 06 81 51 00 00 00 00 
........Q....

GAME->Client [12:41:02 07/15/09] packet size: 219 CRYPTED, Flags: f ServerSeq: 5 ClientSeq: 4
02 03 01 00 0c 0c 00 e7 cd ab 1c 8b 81 ff 71 02 00 00 41 6e 64 65 72 73 6f 6e 00 00 00 00 00 00 
00 00 00 00 00 00 00 00 00 00 00 00 00 00 00 00 00 00 90 54 68 6f 6d 61 73 00 00 00 00 00 00 00 
00 00 00 00 00 00 00 00 00 00 00 00 00 00 00 00 00 00 00 80 d8 28 0a 0c 00 00 00 01 8e 81 ff f7 
00 31 5e 00 00 c6 67 00 41 66 74 65 72 57 68 6f 72 75 4e 65 6f 00 00 00 00 00 00 00 00 00 00 00 
00 00 00 00 00 00 00 00 28 0a fd 64 01 00 00 67 00 75 d4 01 00 4b b1 00 00 00 00 73 1a e9 88 80 
60 04 00 02 8e 00 00 00 f7 00 9d 00 00 00 00 80 8a e3 c0 00 00 00 00 00 c0 57 40 00 00 00 00 80 
30 d3 c0 81 ff 32 22 80 89 bd ad a2 1e c0 1c 01 11 00 00 00 67 00 02 00 00 00 00 
..............q...Anderson.........................Thomas............................(..........
.1^...g.AfterWhoruNeo...................(..d...g.u...K.....s....`........................W@.....
0....2".............g......

Client->GAME [12:41:03 07/15/09] packet size: 74 CRYPTED, Flags: 1f ServerSeq: 5 ClientSeq: 5
02 03 02 00 02 60 08 41 6e 64 65 72 73 6f 6e 06 54 68 6f 6d 61 73 00 00 04 01 00 02 06 12 80 c9 
07 00 a0 0b 00 e8 00 c7 00 00 20 41 00 60 6a c6 02 80 be 07 3f 4e 00 10 00 00 00 08 3e 6b 00 10 
00 00 00 00 02 81 48 02 0c 01 
.....`.Anderson.Thomas.................... A.`j.....?N......>k........H...

GAME->Client [12:41:03 07/15/09] packet size: 219 CRYPTED, Flags: f ServerSeq: 6 ClientSeq: 4
02 03 01 00 0c 0c 00 e7 cd ab 1c 8b 81 ff 71 02 00 00 41 6e 64 65 72 73 6f 6e 00 00 00 00 00 00 
00 00 00 00 00 00 00 00 00 00 00 00 00 00 00 00 00 00 90 54 68 6f 6d 61 73 00 00 00 00 00 00 00 
00 00 00 00 00 00 00 00 00 00 00 00 00 00 00 00 00 00 00 80 d8 28 0a 0c 00 00 00 01 8e 81 ff f7 
00 31 5e 00 00 c6 67 00 41 66 74 65 72 57 68 6f 72 75 4e 65 6f 00 00 00 00 00 00 00 00 00 00 00 
00 00 00 00 00 00 00 00 28 0a fd 64 01 00 00 67 00 75 d4 01 00 4b b1 00 00 00 00 73 1a e9 88 80 
60 04 00 02 8e 00 00 00 f7 00 9d 00 00 00 00 80 8a e3 c0 00 00 00 00 00 c0 57 40 00 00 00 00 80 
30 d3 c0 81 ff 32 22 80 89 bd ad a2 1e c0 1c 01 11 00 00 00 67 00 02 00 00 00 00 
..............q...Anderson.........................Thomas............................(..........
.1^...g.AfterWhoruNeo...................(..d...g.u...K.....s....`........................W@.....
0....2".............g......

Client->GAME [12:41:03 07/15/09] packet size: 1 CRYPTED, Flags: 3f ServerSeq: 6 ClientSeq: 6
02 
.

GAME->Client [12:41:03 07/15/09] packet size: 700 CRYPTED, Flags: 1f ServerSeq: 7 ClientSeq: 5
82 84 06 fb 48 04 01 00 04 1e 16 80 bc 15 00 6b 02 00 f7 03 00 00 08 02 00 00 00 00 00 00 00 00 
00 16 80 bc 15 00 6c 02 00 f7 03 00 00 07 02 ec ff ff ff 00 00 00 00 00 16 80 bc 15 00 6d 02 00 
f7 03 00 00 50 04 00 00 00 00 00 00 00 00 00 16 80 bc 15 00 6e 02 00 f7 03 00 00 f4 03 00 00 00 
00 00 00 00 00 00 16 80 bc 15 00 6f 02 00 f7 03 00 00 51 04 f6 ff ff ff 00 00 00 00 00 16 80 bc 
15 00 70 02 00 f7 03 00 00 52 04 0f 00 00 00 00 00 00 00 00 16 80 bc 11 00 71 02 00 00 00 00 00 
cb 02 00 00 00 00 00 00 00 00 00 16 80 bc 56 00 72 02 00 0a 95 00 00 06 04 02 00 00 00 00 00 00 
00 00 16 80 bc 56 00 73 02 00 0a 95 00 00 b4 00 11 00 00 00 00 00 00 00 00 16 80 bc 56 00 74 02 
00 0a 95 00 00 b5 00 11 00 00 00 00 00 00 00 00 16 80 bc 56 00 75 02 00 0a 95 00 00 07 04 02 00 
00 00 00 00 00 00 00 16 80 bc 56 00 76 02 00 8a b2 00 00 23 04 02 00 00 00 00 00 00 00 00 16 80 
bc 56 00 77 02 00 8a b2 00 00 21 04 01 00 00 00 00 00 00 00 00 16 80 bc 56 00 78 02 00 8a b2 00 
00 b4 00 1d 00 00 00 00 00 00 00 00 16 80 bc 56 00 79 02 00 8a b2 00 00 09 04 1d 00 00 00 00 00 
00 00 00 16 80 bc 56 00 7a 02 00 8a b2 00 00 9d 00 1d 00 00 00 00 00 00 00 00 16 80 bc 56 00 7b 
02 00 8a b2 00 00 06 04 01 00 00 00 00 00 00 00 00 16 80 bc 56 00 7c 02 00 24 b3 00 00 89 02 02 
00 00 00 00 00 00 00 00 16 80 bc 56 00 7d 02 00 24 b3 00 00 1a 04 01 00 00 00 00 00 00 00 00 16 
80 bc 56 00 7e 02 00 24 b3 00 00 b4 00 21 00 00 00 00 00 00 00 00 16 80 bc 56 00 7f 02 00 24 b3 
00 00 09 04 21 00 00 00 00 00 00 00 00 16 80 bc 56 00 80 02 00 24 b3 00 00 15 04 02 00 00 00 00 
00 00 00 00 16 80 bc 56 00 81 02 00 24 b3 00 00 b5 00 21 00 00 00 00 00 00 00 00 16 80 bc 56 00 
82 02 00 95 a7 00 00 b4 00 12 00 00 00 00 00 00 00 00 16 80 bc 56 00 83 02 00 95 a7 00 00 b5 00 
12 00 00 00 00 00 00 00 00 16 80 bc 56 00 84 02 00 95 a7 00 00 09 04 12 00 00 00 00 00 00 00 00 
16 80 bc 56 00 85 02 00 95 a7 00 00 70 00 0f 00 00 00 00 00 00 00 00 16 80 bc 56 00 86 02 00 2c 
b3 00 00 17 04 01 00 00 00 00 00 00 00 00 16 80 bc 56 00 87 02 00 2c b3 00 00 b4 00 21 00 00 00 
00 00 00 00 00 16 80 bc 56 00 88 02 00 2c b3 00 00 09 04 21 00 00 00 00 00 00 00 00 
....H..........k......................l......................m......P...............n...........
...........o......Q...............p......R...............q....................V.r...............
.....V.s....................V.t....................V.u....................V.v......#............
.V.w......!.............V.x....................V.y....................V.z....................V.{
....................V.|..$.................V.}..$.................V.~..$.....!...........V....$.
....!...........V....$.................V....$.....!...........V......................V..........
............V......................V........p.............V....,.................V....,.....!...
........V....,.....!........

Client->GAME [12:41:03 07/15/09] packet size: 1 CRYPTED, Flags: 7f ServerSeq: 7 ClientSeq: 7
02 
.

GAME->Client [12:41:03 07/15/09] packet size: 696 CRYPTED, Flags: 1f ServerSeq: 8 ClientSeq: 5
02 04 01 00 22 1e 16 80 bc 56 00 89 02 00 2c b3 00 00 12 04 02 00 00 00 00 00 00 00 00 16 80 bc 
56 00 8a 02 00 2c b3 00 00 07 04 02 00 00 00 00 00 00 00 00 16 80 bc 56 00 8b 02 00 2c b3 00 00 
b5 00 21 00 00 00 00 00 00 00 00 16 80 bc 56 00 8c 02 00 c3 b2 00 00 89 02 02 00 00 00 00 00 00 
00 00 16 80 bc 56 00 8d 02 00 c3 b2 00 00 21 04 02 00 00 00 00 00 00 00 00 16 80 bc 56 00 8e 02 
00 c3 b2 00 00 b4 00 1f 00 00 00 00 00 00 00 00 16 80 bc 56 00 8f 02 00 c3 b2 00 00 09 04 1f 00 
00 00 00 00 00 00 00 16 80 bc 56 00 90 02 00 c3 b2 00 00 1e 04 01 00 00 00 00 00 00 00 00 16 80 
bc 56 00 91 02 00 c3 b2 00 00 9d 00 1f 00 00 00 00 00 00 00 00 16 80 bc 55 00 92 02 00 02 00 00 
00 cc 00 0c 00 00 00 00 00 00 00 00 16 80 bc 55 00 93 02 00 0b 00 00 00 37 02 96 00 00 00 00 00 
00 00 00 16 80 bc 55 00 94 02 00 2d 00 00 00 23 04 0a 00 00 00 00 00 00 00 00 16 80 bc 55 00 95 
02 00 2d 00 00 00 20 04 0a 00 00 00 00 00 00 00 00 16 80 bc 55 00 96 02 00 2d 00 00 00 19 04 05 
00 00 00 00 00 00 00 00 16 80 bc 55 00 97 02 00 2d 00 00 00 42 04 05 00 00 00 00 00 00 00 00 16 
80 bc 55 00 98 02 00 34 00 00 00 83 02 c8 00 00 00 00 00 00 00 00 16 80 bc 55 00 99 02 00 4b 00 
00 00 1f 04 19 00 00 00 00 00 00 00 00 16 80 bc 55 00 9a 02 00 5f 00 00 00 7c 04 0f 00 00 00 00 
00 00 00 00 16 80 bc 55 00 9b 02 00 5f 00 00 00 07 04 0f 00 00 00 00 00 00 00 00 16 80 bc 55 00 
9c 02 00 62 00 00 00 06 04 01 00 00 00 00 00 00 00 00 16 80 bc 55 00 9d 02 00 62 00 00 00 15 04 
01 00 00 00 00 00 00 00 00 16 80 bc 55 00 9e 02 00 5a 01 00 00 07 04 05 00 00 00 00 00 00 00 00 
16 80 bc 55 00 9f 02 00 5a 01 00 00 1d 04 0f 00 00 00 00 00 00 00 00 16 80 bc 55 00 a0 02 00 64 
01 00 00 1f 04 05 00 00 00 00 00 00 00 00 16 80 bc 55 00 a1 02 00 66 01 00 00 7b 04 05 00 00 00 
00 00 00 00 00 16 80 bc 55 00 a2 02 00 66 01 00 00 12 04 0a 00 00 00 00 00 00 00 00 16 80 bc 55 
00 a3 02 00 66 01 00 00 06 04 0b 00 00 00 00 00 00 00 00 16 80 bc 55 00 a4 02 00 8e 01 00 00 03 
04 05 00 00 00 00 00 00 00 00 16 80 bc 55 00 a5 02 00 8e 01 00 00 12 04 0f 00 00 00 00 00 00 00 
00 16 80 bc 55 00 a6 02 00 8e 01 00 00 77 04 05 00 00 00 00 00 00 00 00 
...."....V....,.................V....,.................V....,.....!...........V.................
.....V........!.............V......................V......................V.....................
.V......................U......................U........7.............U....-...#.............U..
..-... .............U....-.................U....-...B.............U....4.................U....K.
................U...._...|.............U...._.................U....b.................U....b.....
............U....Z.................U....Z.................U....d.................U....f...{.....
........U....f.................U....f.................U......................U..................
....U........w..........

Client->GAME [12:41:03 07/15/09] packet size: 44 CRYPTED, Flags: 7f ServerSeq: 8 ClientSeq: 8
02 04 01 00 08 02 12 80 c9 48 00 80 12 00 98 37 c7 00 80 18 44 00 80 3b c5 12 80 c9 4f 00 80 12 
00 98 37 c7 00 80 18 44 00 20 4b c6 
.........H.....7....D..;....O.....7....D. K.

GAME->Client [12:41:03 07/15/09] packet size: 504 CRYPTED, Flags: 1f ServerSeq: 9 ClientSeq: 5
02 04 02 00 40 03 16 80 bc 55 00 a7 02 00 cd 01 00 00 e5 03 05 00 00 00 00 00 00 00 00 16 80 bc 
55 00 a8 02 00 cd 01 00 00 73 04 05 00 00 00 00 00 00 00 00 16 80 bc 55 00 a9 02 00 cd 01 00 00 
e3 03 0f 00 00 00 00 00 00 00 00 00 43 13 16 80 bc 55 00 aa 02 00 d5 01 00 00 e3 03 05 00 00 00 
00 00 00 00 00 16 80 bc 55 00 ab 02 00 36 02 00 00 37 02 0a 00 00 00 00 00 00 00 00 16 80 bc 55 
00 ac 02 00 74 02 00 00 34 02 1e 00 00 00 00 00 00 00 00 16 80 bc 15 00 ad 02 00 11 00 00 00 ab 
00 0d 00 00 00 00 00 00 00 00 16 80 bc 15 00 ae 02 00 11 00 00 00 0a 02 4d 00 00 00 00 00 00 00 
00 16 80 bc 15 00 af 02 00 11 00 00 00 f2 03 34 00 00 00 00 00 00 00 00 16 80 bc 15 00 b0 02 00 
11 00 00 00 ed 03 4d 00 00 00 00 00 00 00 00 16 80 bc 15 00 b1 02 00 11 00 00 00 9f 00 19 00 00 
00 00 00 00 00 00 16 80 bc 15 00 b2 02 00 11 00 00 00 f1 03 34 00 00 00 00 00 00 00 00 16 80 bc 
15 00 b3 02 00 11 00 00 00 0c 02 34 00 00 00 00 00 00 00 00 16 80 bc 15 00 b4 02 00 11 00 00 00 
b7 00 4d 00 00 00 00 00 00 00 00 16 80 bc 15 00 b5 02 00 11 00 00 00 f3 03 46 00 00 00 00 00 00 
00 00 16 80 bc 45 03 11 00 00 02 00 00 00 11 00 32 00 00 00 00 00 00 00 00 16 80 bc 45 03 35 04 
00 62 00 00 00 35 04 00 00 00 00 00 00 00 00 00 16 80 bc 45 03 3d 04 00 43 00 00 00 3d 04 00 00 
00 00 00 00 00 00 00 16 80 bc 45 03 3e 04 00 4f 01 00 00 3e 04 00 00 00 00 00 00 00 00 00 16 80 
bc 45 03 3f 04 00 64 01 00 00 3f 04 00 00 00 00 00 00 00 00 00 16 80 bc 45 03 40 04 00 d5 01 00 
00 40 04 00 00 00 00 00 00 00 00 00 0b 80 bd 05 11 00 00 00 00 00 00 01 
....@....U......................U........s.............U....................C....U..............
........U....6...7.............U....t...4...............................................M.......
...............4......................M.............................................4...........
...........4......................M......................F...........E..........2...........E.5.
.b...5.............E.=..C...=.............E.>..O...>.............E.?..d...?.............E.@.....
.@......................

Client->GAME [12:41:03 07/15/09] packet size: 1 CRYPTED, Flags: 7f ServerSeq: 9 ClientSeq: 9
02 
.

GAME->Client [12:41:03 07/15/09] packet size: 696 CRYPTED, Flags: 7f ServerSeq: 10 ClientSeq: 7
02 04 01 00 56 1e 16 80 bc 56 00 72 02 00 0a 95 00 00 06 04 02 00 00 00 01 00 00 00 00 16 80 bc 
56 00 73 02 00 0a 95 00 00 b4 00 11 00 00 00 01 00 00 00 00 16 80 bc 56 00 74 02 00 0a 95 00 00 
b5 00 11 00 00 00 01 00 00 00 00 16 80 bc 56 00 75 02 00 0a 95 00 00 07 04 02 00 00 00 01 00 00 
00 00 16 80 bc 56 00 b6 02 00 0a 95 00 00 06 04 02 00 00 00 00 00 00 00 00 16 80 bc 56 00 b7 02 
00 0a 95 00 00 b4 00 11 00 00 00 00 00 00 00 00 16 80 bc 56 00 b8 02 00 0a 95 00 00 b5 00 11 00 
00 00 00 00 00 00 00 16 80 bc 56 00 b9 02 00 0a 95 00 00 07 04 02 00 00 00 00 00 00 00 00 16 80 
bc 56 00 76 02 00 8a b2 00 00 23 04 02 00 00 00 01 00 00 00 00 16 80 bc 56 00 77 02 00 8a b2 00 
00 21 04 01 00 00 00 01 00 00 00 00 16 80 bc 56 00 78 02 00 8a b2 00 00 b4 00 1d 00 00 00 01 00 
00 00 00 16 80 bc 56 00 79 02 00 8a b2 00 00 09 04 1d 00 00 00 01 00 00 00 00 16 80 bc 56 00 7a 
02 00 8a b2 00 00 9d 00 1d 00 00 00 01 00 00 00 00 16 80 bc 56 00 7b 02 00 8a b2 00 00 06 04 01 
00 00 00 01 00 00 00 00 16 80 bc 56 00 ba 02 00 8a b2 00 00 23 04 02 00 00 00 00 00 00 00 00 16 
80 bc 56 00 bb 02 00 8a b2 00 00 21 04 01 00 00 00 00 00 00 00 00 16 80 bc 56 00 bc 02 00 8a b2 
00 00 b4 00 1d 00 00 00 00 00 00 00 00 16 80 bc 56 00 bd 02 00 8a b2 00 00 09 04 1d 00 00 00 00 
00 00 00 00 16 80 bc 56 00 be 02 00 8a b2 00 00 9d 00 1d 00 00 00 00 00 00 00 00 16 80 bc 56 00 
bf 02 00 8a b2 00 00 06 04 01 00 00 00 00 00 00 00 00 16 80 bc 56 00 7c 02 00 24 b3 00 00 89 02 
02 00 00 00 01 00 00 00 00 16 80 bc 56 00 7d 02 00 24 b3 00 00 1a 04 01 00 00 00 01 00 00 00 00 
16 80 bc 56 00 7e 02 00 24 b3 00 00 b4 00 21 00 00 00 01 00 00 00 00 16 80 bc 56 00 7f 02 00 24 
b3 00 00 09 04 21 00 00 00 01 00 00 00 00 16 80 bc 56 00 80 02 00 24 b3 00 00 15 04 02 00 00 00 
01 00 00 00 00 16 80 bc 56 00 81 02 00 24 b3 00 00 b5 00 21 00 00 00 01 00 00 00 00 16 80 bc 56 
00 c0 02 00 24 b3 00 00 89 02 02 00 00 00 00 00 00 00 00 16 80 bc 56 00 c1 02 00 24 b3 00 00 1a 
04 01 00 00 00 00 00 00 00 00 16 80 bc 56 00 c2 02 00 24 b3 00 00 b4 00 21 00 00 00 00 00 00 00 
00 16 80 bc 56 00 c3 02 00 24 b3 00 00 09 04 21 00 00 00 00 00 00 00 00 
....V....V.r....................V.s....................V.t....................V.u...............
.....V......................V......................V......................V.....................
.V.v......#.............V.w......!.............V.x....................V.y....................V.z
....................V.{....................V........#.............V........!.............V......
................V......................V......................V......................V.|..$.....
............V.}..$.................V.~..$.....!...........V....$.....!...........V....$.........
........V....$.....!...........V....$.................V....$.................V....$.....!.......
....V....$.....!........

Client->GAME [12:41:03 07/15/09] packet size: 1 CRYPTED, Flags: 7f ServerSeq: 10 ClientSeq: 10
02 
.

GAME->Client [12:41:03 07/15/09] packet size: 696 CRYPTED, Flags: 7f ServerSeq: 11 ClientSeq: 9
02 04 01 00 74 1e 16 80 bc 56 00 c4 02 00 24 b3 00 00 15 04 02 00 00 00 00 00 00 00 00 16 80 bc 
56 00 c5 02 00 24 b3 00 00 b5 00 21 00 00 00 00 00 00 00 00 16 80 bc 56 00 82 02 00 95 a7 00 00 
b4 00 12 00 00 00 01 00 00 00 00 16 80 bc 56 00 83 02 00 95 a7 00 00 b5 00 12 00 00 00 01 00 00 
00 00 16 80 bc 56 00 84 02 00 95 a7 00 00 09 04 12 00 00 00 01 00 00 00 00 16 80 bc 56 00 85 02 
00 95 a7 00 00 70 00 0f 00 00 00 01 00 00 00 00 16 80 bc 56 00 c6 02 00 95 a7 00 00 b4 00 12 00 
00 00 00 00 00 00 00 16 80 bc 56 00 c7 02 00 95 a7 00 00 b5 00 12 00 00 00 00 00 00 00 00 16 80 
bc 56 00 c8 02 00 95 a7 00 00 09 04 12 00 00 00 00 00 00 00 00 16 80 bc 56 00 c9 02 00 95 a7 00 
00 70 00 0f 00 00 00 00 00 00 00 00 16 80 bc 56 00 86 02 00 2c b3 00 00 17 04 01 00 00 00 01 00 
00 00 00 16 80 bc 56 00 87 02 00 2c b3 00 00 b4 00 21 00 00 00 01 00 00 00 00 16 80 bc 56 00 88 
02 00 2c b3 00 00 09 04 21 00 00 00 01 00 00 00 00 16 80 bc 56 00 89 02 00 2c b3 00 00 12 04 02 
00 00 00 01 00 00 00 00 16 80 bc 56 00 8a 02 00 2c b3 00 00 07 04 02 00 00 00 01 00 00 00 00 16 
80 bc 56 00 8b 02 00 2c b3 00 00 b5 00 21 00 00 00 01 00 00 00 00 16 80 bc 56 00 ca 02 00 2c b3 
00 00 17 04 01 00 00 00 00 00 00 00 00 16 80 bc 56 00 cb 02 00 2c b3 00 00 b4 00 21 00 00 00 00 
00 00 00 00 16 80 bc 56 00 cc 02 00 2c b3 00 00 09 04 21 00 00 00 00 00 00 00 00 16 80 bc 56 00 
cd 02 00 2c b3 00 00 12 04 02 00 00 00 00 00 00 00 00 16 80 bc 56 00 ce 02 00 2c b3 00 00 07 04 
02 00 00 00 00 00 00 00 00 16 80 bc 56 00 cf 02 00 2c b3 00 00 b5 00 21 00 00 00 00 00 00 00 00 
16 80 bc 56 00 8c 02 00 c3 b2 00 00 89 02 02 00 00 00 01 00 00 00 00 16 80 bc 56 00 8d 02 00 c3 
b2 00 00 21 04 02 00 00 00 01 00 00 00 00 16 80 bc 56 00 8e 02 00 c3 b2 00 00 b4 00 1f 00 00 00 
01 00 00 00 00 16 80 bc 56 00 8f 02 00 c3 b2 00 00 09 04 1f 00 00 00 01 00 00 00 00 16 80 bc 56 
00 90 02 00 c3 b2 00 00 1e 04 01 00 00 00 01 00 00 00 00 16 80 bc 56 00 91 02 00 c3 b2 00 00 9d 
00 1f 00 00 00 01 00 00 00 00 16 80 bc 56 00 d0 02 00 c3 b2 00 00 89 02 02 00 00 00 00 00 00 00 
00 16 80 bc 56 00 d1 02 00 c3 b2 00 00 21 04 02 00 00 00 00 00 00 00 00 
....t....V....$.................V....$.....!...........V......................V.................
.....V......................V........p.............V......................V.....................
.V......................V........p.............V....,.................V....,.....!...........V..
..,.....!...........V....,.................V....,.................V....,.....!...........V....,.
................V....,.....!...........V....,.....!...........V....,.................V....,.....
............V....,.....!...........V......................V........!.............V..............
........V......................V......................V......................V..................
....V........!..........

Client->GAME [12:41:03 07/15/09] packet size: 1 CRYPTED, Flags: 7f ServerSeq: 11 ClientSeq: 11
02 
.

