Client->GAME [12:38:52 07/15/09] packet size: 25 CRYPTED, Flags: 7f ServerSeq: 265 ClientSeq: 505
02 04 01 00 25 01 12 81 8e 13 00 00 00 03 00 00 00 09 00 00 00 03 00 00 00 
....%....................

GAME->Client [12:38:52 07/15/09] packet size: 37 CRYPTED, Flags: 7f ServerSeq: 490 ClientSeq: 263
02 03 0d 00 02 08 07 16 97 c6 00 80 93 43 f4 84 41 46 0b 00 02 0c 74 09 4a 91 c6 00 80 93 43 8f 
09 37 46 00 00 
.............C..AF....t.J.....C..7F..

Client->GAME [12:38:52 07/15/09] packet size: 1 CRYPTED, Flags: 7f ServerSeq: 266 ClientSeq: 506
02 
.

GAME->Client [12:38:52 07/15/09] packet size: 21 CRYPTED, Flags: 7f ServerSeq: 491 ClientSeq: 264
02 03 0b 00 02 0c 6a 09 4a 91 c6 00 80 93 43 8f 09 37 46 00 00 
......j.J.....C..7F..

Client->GAME [12:38:52 07/15/09] packet size: 1 CRYPTED, Flags: 7f ServerSeq: 267 ClientSeq: 507
02 
.

GAME->Client [12:38:52 07/15/09] packet size: 696 CRYPTED, Flags: 7f ServerSeq: 492 ClientSeq: 266
02 04 01 01 2a 1e 16 80 bc 15 00 29 01 00 f7 03 00 00 08 02 00 00 00 00 01 00 00 00 00 16 80 bc 
15 00 2a 01 00 f7 03 00 00 07 02 ec ff ff ff 01 00 00 00 00 16 80 bc 15 00 2b 01 00 f7 03 00 00 
50 04 00 00 00 00 01 00 00 00 00 16 80 bc 15 00 2c 01 00 f7 03 00 00 f4 03 00 00 00 00 01 00 00 
00 00 16 80 bc 15 00 2d 01 00 f7 03 00 00 51 04 f6 ff ff ff 01 00 00 00 00 16 80 bc 15 00 2e 01 
00 f7 03 00 00 52 04 0f 00 00 00 01 00 00 00 00 16 80 bc 11 00 2f 01 00 00 00 00 00 cb 02 00 00 
00 00 01 00 00 00 00 16 80 bc 56 00 74 01 00 0a 95 00 00 06 04 02 00 00 00 01 00 00 00 00 16 80 
bc 56 00 75 01 00 0a 95 00 00 b4 00 11 00 00 00 01 00 00 00 00 16 80 bc 56 00 76 01 00 0a 95 00 
00 b5 00 11 00 00 00 01 00 00 00 00 16 80 bc 56 00 77 01 00 0a 95 00 00 07 04 02 00 00 00 01 00 
00 00 00 16 80 bc 56 00 78 01 00 8a b2 00 00 23 04 02 00 00 00 01 00 00 00 00 16 80 bc 56 00 79 
01 00 8a b2 00 00 21 04 01 00 00 00 01 00 00 00 00 16 80 bc 56 00 7a 01 00 8a b2 00 00 b4 00 1d 
00 00 00 01 00 00 00 00 16 80 bc 56 00 7b 01 00 8a b2 00 00 09 04 1d 00 00 00 01 00 00 00 00 16 
80 bc 56 00 7c 01 00 8a b2 00 00 9d 00 1d 00 00 00 01 00 00 00 00 16 80 bc 56 00 7d 01 00 8a b2 
00 00 06 04 01 00 00 00 01 00 00 00 00 16 80 bc 56 00 7e 01 00 24 b3 00 00 89 02 02 00 00 00 01 
00 00 00 00 16 80 bc 56 00 7f 01 00 24 b3 00 00 1a 04 01 00 00 00 01 00 00 00 00 16 80 bc 56 00 
80 01 00 24 b3 00 00 b4 00 21 00 00 00 01 00 00 00 00 16 80 bc 56 00 81 01 00 24 b3 00 00 09 04 
21 00 00 00 01 00 00 00 00 16 80 bc 56 00 82 01 00 24 b3 00 00 15 04 02 00 00 00 01 00 00 00 00 
16 80 bc 56 00 83 01 00 24 b3 00 00 b5 00 21 00 00 00 01 00 00 00 00 16 80 bc 56 00 84 01 00 95 
a7 00 00 b4 00 12 00 00 00 01 00 00 00 00 16 80 bc 56 00 85 01 00 95 a7 00 00 b5 00 12 00 00 00 
01 00 00 00 00 16 80 bc 56 00 86 01 00 95 a7 00 00 09 04 12 00 00 00 01 00 00 00 00 16 80 bc 56 
00 87 01 00 95 a7 00 00 70 00 0f 00 00 00 01 00 00 00 00 16 80 bc 56 00 88 01 00 2c b3 00 00 17 
04 01 00 00 00 01 00 00 00 00 16 80 bc 56 00 89 01 00 2c b3 00 00 b4 00 21 00 00 00 01 00 00 00 
00 16 80 bc 56 00 8a 01 00 2c b3 00 00 09 04 21 00 00 00 01 00 00 00 00 
....*......)......................*......................+......P...............,...............
.......-......Q......................R.............../....................V.t...................
.V.u....................V.v....................V.w....................V.x......#.............V.y
......!.............V.z....................V.{....................V.|....................V.}....
................V.~..$.................V....$.................V....$.....!...........V....$.....
!...........V....$.................V....$.....!...........V......................V..............
........V......................V........p.............V....,.................V....,.....!.......
....V....,.....!........

Client->GAME [12:38:53 07/15/09] packet size: 1 CRYPTED, Flags: 7f ServerSeq: 268 ClientSeq: 508
02 
.

GAME->Client [12:38:53 07/15/09] packet size: 696 CRYPTED, Flags: 7f ServerSeq: 493 ClientSeq: 267
02 04 01 01 48 1e 16 80 bc 56 00 8b 01 00 2c b3 00 00 12 04 02 00 00 00 01 00 00 00 00 16 80 bc 
56 00 8c 01 00 2c b3 00 00 07 04 02 00 00 00 01 00 00 00 00 16 80 bc 56 00 8d 01 00 2c b3 00 00 
b5 00 21 00 00 00 01 00 00 00 00 16 80 bc 56 00 8e 01 00 c3 b2 00 00 89 02 02 00 00 00 01 00 00 
00 00 16 80 bc 56 00 8f 01 00 c3 b2 00 00 21 04 02 00 00 00 01 00 00 00 00 16 80 bc 56 00 90 01 
00 c3 b2 00 00 b4 00 1f 00 00 00 01 00 00 00 00 16 80 bc 56 00 91 01 00 c3 b2 00 00 09 04 1f 00 
00 00 01 00 00 00 00 16 80 bc 56 00 92 01 00 c3 b2 00 00 1e 04 01 00 00 00 01 00 00 00 00 16 80 
bc 56 00 93 01 00 c3 b2 00 00 9d 00 1f 00 00 00 01 00 00 00 00 16 80 bc 55 00 9d 01 00 02 00 00 
00 cc 00 0c 00 00 00 01 00 00 00 00 16 80 bc 55 00 a7 01 00 0b 00 00 00 37 02 96 00 00 00 01 00 
00 00 00 16 80 bc 55 00 a8 01 00 2d 00 00 00 23 04 0a 00 00 00 01 00 00 00 00 16 80 bc 55 00 a9 
01 00 2d 00 00 00 20 04 0a 00 00 00 01 00 00 00 00 16 80 bc 55 00 aa 01 00 2d 00 00 00 19 04 05 
00 00 00 01 00 00 00 00 16 80 bc 55 00 ab 01 00 2d 00 00 00 42 04 05 00 00 00 01 00 00 00 00 16 
80 bc 55 00 ac 01 00 34 00 00 00 83 02 c8 00 00 00 01 00 00 00 00 16 80 bc 55 00 ad 01 00 4b 00 
00 00 1f 04 19 00 00 00 01 00 00 00 00 16 80 bc 55 00 ae 01 00 5f 00 00 00 7c 04 0f 00 00 00 01 
00 00 00 00 16 80 bc 55 00 af 01 00 5f 00 00 00 07 04 0f 00 00 00 01 00 00 00 00 16 80 bc 55 00 
b0 01 00 62 00 00 00 06 04 01 00 00 00 01 00 00 00 00 16 80 bc 55 00 b1 01 00 62 00 00 00 15 04 
01 00 00 00 01 00 00 00 00 16 80 bc 55 00 b2 01 00 5a 01 00 00 07 04 05 00 00 00 01 00 00 00 00 
16 80 bc 55 00 b3 01 00 5a 01 00 00 1d 04 0f 00 00 00 01 00 00 00 00 16 80 bc 55 00 b4 01 00 64 
01 00 00 1f 04 05 00 00 00 01 00 00 00 00 16 80 bc 55 00 b5 01 00 66 01 00 00 7b 04 05 00 00 00 
01 00 00 00 00 16 80 bc 55 00 b6 01 00 66 01 00 00 12 04 0a 00 00 00 01 00 00 00 00 16 80 bc 55 
00 b7 01 00 66 01 00 00 06 04 0b 00 00 00 01 00 00 00 00 16 80 bc 55 00 b8 01 00 8e 01 00 00 03 
04 05 00 00 00 01 00 00 00 00 16 80 bc 55 00 b9 01 00 8e 01 00 00 12 04 0f 00 00 00 01 00 00 00 
00 16 80 bc 55 00 ba 01 00 8e 01 00 00 77 04 05 00 00 00 01 00 00 00 00 
....H....V....,.................V....,.................V....,.....!...........V.................
.....V........!.............V......................V......................V.....................
.V......................U......................U........7.............U....-...#.............U..
..-... .............U....-.................U....-...B.............U....4.................U....K.
................U...._...|.............U...._.................U....b.................U....b.....
............U....Z.................U....Z.................U....d.................U....f...{.....
........U....f.................U....f.................U......................U..................
....U........w..........

Client->GAME [12:38:53 07/15/09] packet size: 1 CRYPTED, Flags: 7f ServerSeq: 269 ClientSeq: 509
02 
.

GAME->Client [12:38:53 07/15/09] packet size: 700 CRYPTED, Flags: 7f ServerSeq: 494 ClientSeq: 268
02 04 02 01 66 03 16 80 bc 55 00 bb 01 00 cd 01 00 00 e5 03 05 00 00 00 01 00 00 00 00 16 80 bc 
55 00 bc 01 00 cd 01 00 00 73 04 05 00 00 00 01 00 00 00 00 16 80 bc 55 00 bd 01 00 cd 01 00 00 
e3 03 0f 00 00 00 01 00 00 00 00 01 69 1c 16 80 bc 55 00 be 01 00 d5 01 00 00 e3 03 05 00 00 00 
01 00 00 00 00 16 80 bc 55 00 bf 01 00 36 02 00 00 37 02 0a 00 00 00 01 00 00 00 00 16 80 bc 55 
00 c0 01 00 74 02 00 00 34 02 1e 00 00 00 01 00 00 00 00 16 80 bc 15 00 c1 01 00 11 00 00 00 ab 
00 0d 00 00 00 01 00 00 00 00 16 80 bc 15 00 c2 01 00 11 00 00 00 0a 02 4d 00 00 00 01 00 00 00 
00 16 80 bc 15 00 c3 01 00 11 00 00 00 f2 03 34 00 00 00 01 00 00 00 00 16 80 bc 15 00 c4 01 00 
11 00 00 00 ed 03 4d 00 00 00 01 00 00 00 00 16 80 bc 15 00 c5 01 00 11 00 00 00 9f 00 19 00 00 
00 01 00 00 00 00 16 80 bc 15 00 c6 01 00 11 00 00 00 f1 03 34 00 00 00 01 00 00 00 00 16 80 bc 
15 00 c7 01 00 11 00 00 00 0c 02 34 00 00 00 01 00 00 00 00 16 80 bc 15 00 c8 01 00 11 00 00 00 
b7 00 4d 00 00 00 01 00 00 00 00 16 80 bc 15 00 c9 01 00 11 00 00 00 f3 03 46 00 00 00 01 00 00 
00 00 0b 80 bd 05 11 00 00 00 00 00 00 00 16 80 bc 15 00 ca 01 00 11 00 00 00 ab 00 0c 00 00 00 
00 00 00 00 00 16 80 bc 15 00 cb 01 00 11 00 00 00 0a 02 4b 00 00 00 00 00 00 00 00 16 80 bc 15 
00 cc 01 00 11 00 00 00 f2 03 31 00 00 00 00 00 00 00 00 16 80 bc 15 00 cd 01 00 11 00 00 00 ed 
03 4b 00 00 00 00 00 00 00 00 16 80 bc 15 00 ce 01 00 11 00 00 00 9f 00 19 00 00 00 00 00 00 00 
00 16 80 bc 15 00 cf 01 00 11 00 00 00 f1 03 31 00 00 00 00 00 00 00 00 16 80 bc 15 00 d0 01 00 
11 00 00 00 0c 02 34 00 00 00 00 00 00 00 00 16 80 bc 15 00 d1 01 00 11 00 00 00 b7 00 46 00 00 
00 00 00 00 00 00 16 80 bc 15 00 d2 01 00 11 00 00 00 f3 03 46 00 00 00 00 00 00 00 00 0b 80 bd 
05 11 00 00 00 00 00 00 01 16 80 bc 15 00 ca 01 00 11 00 00 00 ab 00 0c 00 00 00 01 00 00 00 00 
16 80 bc 15 00 cb 01 00 11 00 00 00 0a 02 4b 00 00 00 01 00 00 00 00 16 80 bc 15 00 cc 01 00 11 
00 00 00 f2 03 31 00 00 00 01 00 00 00 00 16 80 bc 15 00 cd 01 00 11 00 00 00 ed 03 4b 00 00 00 
01 00 00 00 00 16 80 bc 15 00 ce 01 00 11 00 00 00 9f 00 19 00 00 00 01 00 00 00 00 
....f....U......................U........s.............U....................i....U..............
........U....6...7.............U....t...4...............................................M.......
...............4......................M.............................................4...........
...........4......................M......................F......................................
...................K......................1......................K..............................
...............1......................4......................F......................F...........
..............................................K......................1......................K...
............................

Client->GAME [12:38:53 07/15/09] packet size: 1 CRYPTED, Flags: 7f ServerSeq: 270 ClientSeq: 510
02 
.

GAME->Client [12:38:53 07/15/09] packet size: 269 CRYPTED, Flags: 7f ServerSeq: 495 ClientSeq: 269
02 04 01 01 85 11 16 80 bc 15 00 cf 01 00 11 00 00 00 f1 03 31 00 00 00 01 00 00 00 00 16 80 bc 
15 00 d0 01 00 11 00 00 00 0c 02 34 00 00 00 01 00 00 00 00 16 80 bc 15 00 d1 01 00 11 00 00 00 
b7 00 46 00 00 00 01 00 00 00 00 16 80 bc 15 00 d2 01 00 11 00 00 00 f3 03 46 00 00 00 01 00 00 
00 00 04 80 b3 11 00 16 80 bc 45 03 11 00 00 02 00 00 00 11 00 32 00 00 00 01 00 00 00 00 04 80 
b3 35 04 16 80 bc 45 03 35 04 00 62 00 00 00 35 04 00 00 00 00 01 00 00 00 00 04 80 b3 3d 04 16 
80 bc 45 03 3d 04 00 43 00 00 00 3d 04 00 00 00 00 01 00 00 00 00 04 80 b3 3e 04 16 80 bc 45 03 
3e 04 00 4f 01 00 00 3e 04 00 00 00 00 01 00 00 00 00 04 80 b3 3f 04 16 80 bc 45 03 3f 04 00 64 
01 00 00 3f 04 00 00 00 00 01 00 00 00 00 04 80 b3 40 04 16 80 bc 45 03 40 04 00 d5 01 00 00 40 
04 00 00 00 00 01 00 00 00 00 02 81 07 
....................1......................4......................F......................F......
..........E..........2...........5....E.5..b...5.............=....E.=..C...=.............>....E.
>..O...>.............?....E.?..d...?.............@....E.@......@.............

Client->GAME [12:38:53 07/15/09] packet size: 13 CRYPTED, Flags: 7f ServerSeq: 271 ClientSeq: 511
02 04 01 00 26 01 06 81 08 00 00 00 00 
....&........

GAME->Client [12:38:54 07/15/09] packet size: 5 CRYPTED, Flags: 7f ServerSeq: 496 ClientSeq: 271
82 47 f6 fa 48 
.G..H

Client->GAME [12:38:54 07/15/09] packet size: 1 CRYPTED, Flags: 7f ServerSeq: 256 ClientSeq: 512
02 
.

GAME->Client [12:38:54 07/15/09] packet size: 1 CRYPTED, Flags: 7f ServerSeq: 497 ClientSeq: 512
42 
B

Client->GAME [12:38:54 07/15/09] packet size: 1 CRYPTED, Flags: 7f ServerSeq: 257 ClientSeq: 513
42 
B

GAME->Client [12:38:54 07/15/09] packet size: 1 CRYPTED, Flags: 7f ServerSeq: 498 ClientSeq: 512
42 
B

GAME->Client [12:38:54 07/15/09] packet size: 1 CRYPTED, Flags: 7f ServerSeq: 499 ClientSeq: 513
42 
B

Client->GAME [12:38:54 07/15/09] packet size: 13 CRYPTED, Flags: 0 ServerSeq: 0 ClientSeq: 1
22 04 01 00 00 01 06 81 51 00 00 00 00 
".......Q....

GAME->Client [12:38:55 07/15/09] packet size: 72 CRYPTED, Flags: 1 ServerSeq: 2 ClientSeq: 1
02 04 01 00 03 01 41 81 67 17 00 27 00 1c 22 00 c6 01 11 00 00 00 00 00 00 00 37 00 00 08 0e 00 
41 66 74 65 72 57 68 6f 72 75 4e 65 6f 00 0e 00 41 66 74 65 72 57 68 6f 72 75 4e 65 6f 00 02 00 
4b 00 00 00 00 00 00 00 
......A.g..'.."...........7.....AfterWhoruNeo...AfterWhoruNeo...K.......

Client->GAME [12:38:55 07/15/09] packet size: 1 CRYPTED, Flags: 2 ServerSeq: 2 ClientSeq: 2
02 
.

GAME->Client [12:38:55 07/15/09] packet size: 138 CRYPTED, Flags: 3 ServerSeq: 3 ClientSeq: 2
02 04 01 00 00 03 6d 06 0e 00 03 00 00 00 6a f6 fa 48 01 42 00 32 00 72 65 73 6f 75 72 63 65 2f 
77 6f 72 6c 64 73 2f 66 69 6e 61 6c 5f 77 6f 72 6c 64 2f 69 6e 74 65 72 6e 61 74 69 6f 6e 61 6c 
2f 69 74 2e 6d 65 74 72 00 29 00 48 61 6c 6c 6f 77 65 65 6e 5f 45 76 65 6e 74 2c 57 69 6e 74 65 
72 33 50 6c 75 73 48 61 6c 6c 6f 77 65 65 6e 54 53 45 43 00 0a 80 e5 e7 cb c0 12 00 00 00 00 0a 
80 e4 bc 58 7a 00 00 00 00 00 
......m.......j..H.B.2.resource/worlds/final_world/international/it.metr.).Halloween_Event,Winte
r3PlusHalloweenTSEC................Xz.....

Client->GAME [12:38:55 07/15/09] packet size: 6 CRYPTED, Flags: 5 ServerSeq: 3 ClientSeq: 3
02 05 02 0c 00 00 
......

GAME->Client [12:38:56 07/15/09] packet size: 1 CRYPTED, Flags: 7 ServerSeq: 4 ClientSeq: 3
02 
.

Client->GAME [12:38:59 07/15/09] packet size: 8 CRYPTED, Flags: 5 ServerSeq: 3 ClientSeq: 4
02 04 01 00 01 01 01 05 
........

GAME->Client [12:38:59 07/15/09] packet size: 222 CRYPTED, Flags: f ServerSeq: 5 ClientSeq: 4
82 f9 f6 fa 48 03 01 00 0c 0c 00 e1 cd ab 1b 8b 81 ff 71 02 00 00 41 6e 64 65 72 73 6f 6e 00 00 
00 00 00 00 00 00 00 00 00 00 00 00 00 00 00 00 00 00 00 00 00 00 90 54 68 6f 6d 61 73 00 00 00 
00 00 00 00 00 00 00 00 00 00 00 00 00 00 00 00 00 00 00 00 00 00 00 80 d8 28 0a 0c 00 00 00 01 
8e 81 ff f7 00 31 5e 00 00 c6 67 00 41 66 74 65 72 57 68 6f 72 75 4e 65 6f 00 00 00 00 00 00 00 
00 00 00 00 00 00 00 00 00 00 00 00 28 0a fd 64 01 00 00 67 00 75 d4 01 00 4b b1 00 00 00 00 73 
1a e9 88 80 60 04 00 02 8e 00 00 00 f7 00 9d 00 00 00 00 00 bb e7 c0 00 00 00 00 00 c0 57 40 00 
00 00 00 80 47 df c0 81 ff 32 22 80 81 27 24 a1 1e 1c 01 11 00 00 00 67 00 02 00 00 00 00 
....H.............q...Anderson.........................Thomas............................(......
.....1^...g.AfterWhoruNeo...................(..d...g.u...K.....s....`........................W@.
....G....2"..'$........g......

GAME->Client [12:39:01 07/15/09] packet size: 218 CRYPTED, Flags: f ServerSeq: 6 ClientSeq: 4
02 03 01 00 0c 0c 00 e1 cd ab 1b 8b 81 ff 71 02 00 00 41 6e 64 65 72 73 6f 6e 00 00 00 00 00 00 
00 00 00 00 00 00 00 00 00 00 00 00 00 00 00 00 00 00 90 54 68 6f 6d 61 73 00 00 00 00 00 00 00 
00 00 00 00 00 00 00 00 00 00 00 00 00 00 00 00 00 00 00 80 d8 28 0a 0c 00 00 00 01 8e 81 ff f7 
00 31 5e 00 00 c6 67 00 41 66 74 65 72 57 68 6f 72 75 4e 65 6f 00 00 00 00 00 00 00 00 00 00 00 
00 00 00 00 00 00 00 00 28 0a fd 64 01 00 00 67 00 75 d4 01 00 4b b1 00 00 00 00 73 1a e9 88 80 
60 04 00 02 8e 00 00 00 f7 00 9d 00 00 00 00 00 bb e7 c0 00 00 00 00 00 c0 57 40 00 00 00 00 80 
47 df c0 81 ff 32 22 80 81 27 24 a1 1e 1c 01 11 00 00 00 67 00 02 00 00 00 00 
..............q...Anderson.........................Thomas............................(..........
.1^...g.AfterWhoruNeo...................(..d...g.u...K.....s....`........................W@.....
G....2"..'$........g......

Client->GAME [12:39:01 07/15/09] packet size: 55 CRYPTED, Flags: 17 ServerSeq: 5 ClientSeq: 5
02 03 02 00 02 60 08 41 6e 64 65 72 73 6f 6e 06 54 68 6f 6d 61 73 00 00 04 01 00 02 05 02 80 be 
07 3f 4e 00 10 00 00 00 08 3e 6b 00 10 00 00 00 00 02 81 48 02 0c 01 
.....`.Anderson.Thomas...........?N......>k........H...

Client->GAME [12:39:01 07/15/09] packet size: 1 CRYPTED, Flags: 2f ServerSeq: 6 ClientSeq: 6
02 
.

GAME->Client [12:39:01 07/15/09] packet size: 700 CRYPTED, Flags: 1f ServerSeq: 7 ClientSeq: 5
82 39 f7 fa 48 04 01 00 04 1e 16 80 bc 15 00 ca 01 00 f7 03 00 00 08 02 00 00 00 00 00 00 00 00 
00 16 80 bc 15 00 cb 01 00 f7 03 00 00 07 02 ec ff ff ff 00 00 00 00 00 16 80 bc 15 00 cc 01 00 
f7 03 00 00 50 04 00 00 00 00 00 00 00 00 00 16 80 bc 15 00 cd 01 00 f7 03 00 00 f4 03 00 00 00 
00 00 00 00 00 00 16 80 bc 15 00 ce 01 00 f7 03 00 00 51 04 f6 ff ff ff 00 00 00 00 00 16 80 bc 
15 00 cf 01 00 f7 03 00 00 52 04 0f 00 00 00 00 00 00 00 00 16 80 bc 11 00 d0 01 00 00 00 00 00 
cb 02 00 00 00 00 00 00 00 00 00 16 80 bc 56 00 d1 01 00 0a 95 00 00 06 04 02 00 00 00 00 00 00 
00 00 16 80 bc 56 00 d2 01 00 0a 95 00 00 b4 00 11 00 00 00 00 00 00 00 00 16 80 bc 56 00 d3 01 
00 0a 95 00 00 b5 00 11 00 00 00 00 00 00 00 00 16 80 bc 56 00 d4 01 00 0a 95 00 00 07 04 02 00 
00 00 00 00 00 00 00 16 80 bc 56 00 d5 01 00 8a b2 00 00 23 04 02 00 00 00 00 00 00 00 00 16 80 
bc 56 00 d6 01 00 8a b2 00 00 21 04 01 00 00 00 00 00 00 00 00 16 80 bc 56 00 d7 01 00 8a b2 00 
00 b4 00 1d 00 00 00 00 00 00 00 00 16 80 bc 56 00 d8 01 00 8a b2 00 00 09 04 1d 00 00 00 00 00 
00 00 00 16 80 bc 56 00 d9 01 00 8a b2 00 00 9d 00 1d 00 00 00 00 00 00 00 00 16 80 bc 56 00 da 
01 00 8a b2 00 00 06 04 01 00 00 00 00 00 00 00 00 16 80 bc 56 00 db 01 00 24 b3 00 00 89 02 02 
00 00 00 00 00 00 00 00 16 80 bc 56 00 dc 01 00 24 b3 00 00 1a 04 01 00 00 00 00 00 00 00 00 16 
80 bc 56 00 dd 01 00 24 b3 00 00 b4 00 21 00 00 00 00 00 00 00 00 16 80 bc 56 00 de 01 00 24 b3 
00 00 09 04 21 00 00 00 00 00 00 00 00 16 80 bc 56 00 df 01 00 24 b3 00 00 15 04 02 00 00 00 00 
00 00 00 00 16 80 bc 56 00 e0 01 00 24 b3 00 00 b5 00 21 00 00 00 00 00 00 00 00 16 80 bc 56 00 
e1 01 00 95 a7 00 00 b4 00 12 00 00 00 00 00 00 00 00 16 80 bc 56 00 e2 01 00 95 a7 00 00 b5 00 
12 00 00 00 00 00 00 00 00 16 80 bc 56 00 e3 01 00 95 a7 00 00 09 04 12 00 00 00 00 00 00 00 00 
16 80 bc 56 00 e4 01 00 95 a7 00 00 70 00 0f 00 00 00 00 00 00 00 00 16 80 bc 56 00 e5 01 00 2c 
b3 00 00 17 04 01 00 00 00 00 00 00 00 00 16 80 bc 56 00 e6 01 00 2c b3 00 00 b4 00 21 00 00 00 
00 00 00 00 00 16 80 bc 56 00 e7 01 00 2c b3 00 00 09 04 21 00 00 00 00 00 00 00 00 
.9..H...............................................................P...........................
..................Q......................R....................................V.................
.....V......................V......................V......................V........#............
.V........!.............V......................V......................V......................V..
....................V....$.................V....$.................V....$.....!...........V....$.
....!...........V....$.................V....$.....!...........V......................V..........
............V......................V........p.............V....,.................V....,.....!...
........V....,.....!........

Client->GAME [12:39:01 07/15/09] packet size: 1 CRYPTED, Flags: 5f ServerSeq: 7 ClientSeq: 7
02 
.

GAME->Client [12:39:01 07/15/09] packet size: 696 CRYPTED, Flags: 3f ServerSeq: 8 ClientSeq: 6
02 04 01 00 22 1e 16 80 bc 56 00 e8 01 00 2c b3 00 00 12 04 02 00 00 00 00 00 00 00 00 16 80 bc 
56 00 e9 01 00 2c b3 00 00 07 04 02 00 00 00 00 00 00 00 00 16 80 bc 56 00 ea 01 00 2c b3 00 00 
b5 00 21 00 00 00 00 00 00 00 00 16 80 bc 56 00 eb 01 00 c3 b2 00 00 89 02 02 00 00 00 00 00 00 
00 00 16 80 bc 56 00 ec 01 00 c3 b2 00 00 21 04 02 00 00 00 00 00 00 00 00 16 80 bc 56 00 ed 01 
00 c3 b2 00 00 b4 00 1f 00 00 00 00 00 00 00 00 16 80 bc 56 00 ee 01 00 c3 b2 00 00 09 04 1f 00 
00 00 00 00 00 00 00 16 80 bc 56 00 ef 01 00 c3 b2 00 00 1e 04 01 00 00 00 00 00 00 00 00 16 80 
bc 56 00 f0 01 00 c3 b2 00 00 9d 00 1f 00 00 00 00 00 00 00 00 16 80 bc 55 00 f1 01 00 02 00 00 
00 cc 00 0c 00 00 00 00 00 00 00 00 16 80 bc 55 00 f2 01 00 0b 00 00 00 37 02 96 00 00 00 00 00 
00 00 00 16 80 bc 55 00 f3 01 00 2d 00 00 00 23 04 0a 00 00 00 00 00 00 00 00 16 80 bc 55 00 f4 
01 00 2d 00 00 00 20 04 0a 00 00 00 00 00 00 00 00 16 80 bc 55 00 f5 01 00 2d 00 00 00 19 04 05 
00 00 00 00 00 00 00 00 16 80 bc 55 00 f6 01 00 2d 00 00 00 42 04 05 00 00 00 00 00 00 00 00 16 
80 bc 55 00 f7 01 00 34 00 00 00 83 02 c8 00 00 00 00 00 00 00 00 16 80 bc 55 00 f8 01 00 4b 00 
00 00 1f 04 19 00 00 00 00 00 00 00 00 16 80 bc 55 00 f9 01 00 5f 00 00 00 7c 04 0f 00 00 00 00 
00 00 00 00 16 80 bc 55 00 fa 01 00 5f 00 00 00 07 04 0f 00 00 00 00 00 00 00 00 16 80 bc 55 00 
fb 01 00 62 00 00 00 06 04 01 00 00 00 00 00 00 00 00 16 80 bc 55 00 fc 01 00 62 00 00 00 15 04 
01 00 00 00 00 00 00 00 00 16 80 bc 55 00 fd 01 00 5a 01 00 00 07 04 05 00 00 00 00 00 00 00 00 
16 80 bc 55 00 fe 01 00 5a 01 00 00 1d 04 0f 00 00 00 00 00 00 00 00 16 80 bc 55 00 ff 01 00 64 
01 00 00 1f 04 05 00 00 00 00 00 00 00 00 16 80 bc 55 00 00 02 00 66 01 00 00 7b 04 05 00 00 00 
00 00 00 00 00 16 80 bc 55 00 01 02 00 66 01 00 00 12 04 0a 00 00 00 00 00 00 00 00 16 80 bc 55 
00 02 02 00 66 01 00 00 06 04 0b 00 00 00 00 00 00 00 00 16 80 bc 55 00 03 02 00 8e 01 00 00 03 
04 05 00 00 00 00 00 00 00 00 16 80 bc 55 00 04 02 00 8e 01 00 00 12 04 0f 00 00 00 00 00 00 00 
00 16 80 bc 55 00 05 02 00 8e 01 00 00 77 04 05 00 00 00 00 00 00 00 00 
...."....V....,.................V....,.................V....,.....!...........V.................
.....V........!.............V......................V......................V.....................
.V......................U......................U........7.............U....-...#.............U..
..-... .............U....-.................U....-...B.............U....4.................U....K.
................U...._...|.............U...._.................U....b.................U....b.....
............U....Z.................U....Z.................U....d.................U....f...{.....
........U....f.................U....f.................U......................U..................
....U........w..........

Client->GAME [12:39:01 07/15/09] packet size: 1 CRYPTED, Flags: 3f ServerSeq: 8 ClientSeq: 8
02 
.

GAME->Client [12:39:01 07/15/09] packet size: 714 CRYPTED, Flags: 3f ServerSeq: 9 ClientSeq: 6
02 04 03 00 40 03 16 80 bc 55 00 06 02 00 cd 01 00 00 e5 03 05 00 00 00 00 00 00 00 00 16 80 bc 
55 00 07 02 00 cd 01 00 00 73 04 05 00 00 00 00 00 00 00 00 16 80 bc 55 00 08 02 00 cd 01 00 00 
e3 03 0f 00 00 00 00 00 00 00 00 00 43 13 16 80 bc 55 00 09 02 00 d5 01 00 00 e3 03 05 00 00 00 
00 00 00 00 00 16 80 bc 55 00 0a 02 00 36 02 00 00 37 02 0a 00 00 00 00 00 00 00 00 16 80 bc 55 
00 0b 02 00 74 02 00 00 34 02 1e 00 00 00 00 00 00 00 00 16 80 bc 15 00 0c 02 00 11 00 00 00 ab 
00 0d 00 00 00 00 00 00 00 00 16 80 bc 15 00 0d 02 00 11 00 00 00 0a 02 4d 00 00 00 00 00 00 00 
00 16 80 bc 15 00 0e 02 00 11 00 00 00 f2 03 34 00 00 00 00 00 00 00 00 16 80 bc 15 00 0f 02 00 
11 00 00 00 ed 03 4d 00 00 00 00 00 00 00 00 16 80 bc 15 00 10 02 00 11 00 00 00 9f 00 19 00 00 
00 00 00 00 00 00 16 80 bc 15 00 11 02 00 11 00 00 00 f1 03 34 00 00 00 00 00 00 00 00 16 80 bc 
15 00 12 02 00 11 00 00 00 0c 02 34 00 00 00 00 00 00 00 00 16 80 bc 15 00 13 02 00 11 00 00 00 
b7 00 4d 00 00 00 00 00 00 00 00 16 80 bc 15 00 14 02 00 11 00 00 00 f3 03 46 00 00 00 00 00 00 
00 00 16 80 bc 45 03 11 00 00 02 00 00 00 11 00 32 00 00 00 00 00 00 00 00 16 80 bc 45 03 35 04 
00 62 00 00 00 35 04 00 00 00 00 00 00 00 00 00 16 80 bc 45 03 3d 04 00 43 00 00 00 3d 04 00 00 
00 00 00 00 00 00 00 16 80 bc 45 03 3e 04 00 4f 01 00 00 3e 04 00 00 00 00 00 00 00 00 00 16 80 
bc 45 03 3f 04 00 64 01 00 00 3f 04 00 00 00 00 00 00 00 00 00 16 80 bc 45 03 40 04 00 d5 01 00 
00 40 04 00 00 00 00 00 00 00 00 00 0b 80 bd 05 11 00 00 00 00 00 00 01 00 56 09 16 80 bc 56 00 
d1 01 00 0a 95 00 00 06 04 02 00 00 00 01 00 00 00 00 16 80 bc 56 00 d2 01 00 0a 95 00 00 b4 00 
11 00 00 00 01 00 00 00 00 16 80 bc 56 00 d3 01 00 0a 95 00 00 b5 00 11 00 00 00 01 00 00 00 00 
16 80 bc 56 00 d4 01 00 0a 95 00 00 07 04 02 00 00 00 01 00 00 00 00 16 80 bc 56 00 15 02 00 0a 
95 00 00 06 04 02 00 00 00 00 00 00 00 00 16 80 bc 56 00 16 02 00 0a 95 00 00 b4 00 11 00 00 00 
00 00 00 00 00 16 80 bc 56 00 17 02 00 0a 95 00 00 b5 00 11 00 00 00 00 00 00 00 00 16 80 bc 56 
00 18 02 00 0a 95 00 00 07 04 02 00 00 00 00 00 00 00 00 16 80 bc 56 00 d5 01 00 8a b2 00 00 23 
04 02 00 00 00 01 00 00 00 00 
....@....U......................U........s.............U....................C....U..............
........U....6...7.............U....t...4...............................................M.......
...............4......................M.............................................4...........
...........4......................M......................F...........E..........2...........E.5.
.b...5.............E.=..C...=.............E.>..O...>.............E.?..d...?.............E.@.....
.@.......................V....V......................V......................V...................
...V......................V......................V......................V......................V
......................V........#..........

Client->GAME [12:39:01 07/15/09] packet size: 1 CRYPTED, Flags: 7f ServerSeq: 9 ClientSeq: 9
02 
.

GAME->Client [12:39:01 07/15/09] packet size: 715 CRYPTED, Flags: 7f ServerSeq: 10 ClientSeq: 8
02 03 01 00 0c 57 02 e2 cd ab 12 8e 53 69 6c 76 65 72 20 44 72 61 67 6f 6e 20 48 6f 72 6e 00 00 
00 00 00 00 00 00 00 00 00 00 00 00 00 10 00 00 22 d4 3f 38 1c 00 c6 01 80 c1 f5 09 00 58 00 00 
00 00 04 ba e9 c0 00 00 00 00 00 c0 57 40 00 00 00 58 63 cd d9 c0 c0 01 83 05 02 a8 10 a3 02 b2 
09 a3 02 07 08 00 00 81 ed 1a 00 00 02 04 09 00 00 01 00 08 69 09 d0 09 40 02 24 cd ab 02 05 00 
00 00 00 c0 52 ea c0 00 00 00 00 00 88 99 40 00 00 00 00 80 81 e2 c0 00 00 00 00 16 ef c3 3e 00 
00 00 00 5e 83 6c 3f 07 00 00 01 00 0c 68 a7 23 cd ab 01 01 00 00 00 e0 81 72 e5 c0 00 00 00 60 
66 66 70 40 00 00 00 80 b3 1c e2 c0 05 00 00 01 00 08 50 02 bb 09 40 02 c8 cd ab 01 01 00 00 00 
00 00 bb e7 c0 00 00 00 00 00 40 60 40 00 00 00 00 80 60 df c0 03 00 00 00 00 04 01 00 5f 14 16 
80 bc 56 00 d6 01 00 8a b2 00 00 21 04 01 00 00 00 01 00 00 00 00 16 80 bc 56 00 d7 01 00 8a b2 
00 00 b4 00 1d 00 00 00 01 00 00 00 00 16 80 bc 56 00 d8 01 00 8a b2 00 00 09 04 1d 00 00 00 01 
00 00 00 00 16 80 bc 56 00 d9 01 00 8a b2 00 00 9d 00 1d 00 00 00 01 00 00 00 00 16 80 bc 56 00 
da 01 00 8a b2 00 00 06 04 01 00 00 00 01 00 00 00 00 16 80 bc 56 00 19 02 00 8a b2 00 00 23 04 
02 00 00 00 00 00 00 00 00 16 80 bc 56 00 1a 02 00 8a b2 00 00 21 04 01 00 00 00 00 00 00 00 00 
16 80 bc 56 00 1b 02 00 8a b2 00 00 b4 00 1d 00 00 00 00 00 00 00 00 16 80 bc 56 00 1c 02 00 8a 
b2 00 00 09 04 1d 00 00 00 00 00 00 00 00 16 80 bc 56 00 1d 02 00 8a b2 00 00 9d 00 1d 00 00 00 
00 00 00 00 00 16 80 bc 56 00 1e 02 00 8a b2 00 00 06 04 01 00 00 00 00 00 00 00 00 16 80 bc 56 
00 db 01 00 24 b3 00 00 89 02 02 00 00 00 01 00 00 00 00 16 80 bc 56 00 dc 01 00 24 b3 00 00 1a 
04 01 00 00 00 01 00 00 00 00 16 80 bc 56 00 dd 01 00 24 b3 00 00 b4 00 21 00 00 00 01 00 00 00 
00 16 80 bc 56 00 de 01 00 24 b3 00 00 09 04 21 00 00 00 01 00 00 00 00 16 80 bc 56 00 df 01 00 
24 b3 00 00 15 04 02 00 00 00 01 00 00 00 00 16 80 bc 56 00 e0 01 00 24 b3 00 00 b5 00 21 00 00 
00 01 00 00 00 00 16 80 bc 56 00 1f 02 00 24 b3 00 00 89 02 02 00 00 00 00 00 00 00 00 16 80 bc 
56 00 20 02 00 24 b3 00 00 1a 04 01 00 00 00 00 00 00 00 00 16 80 bc 56 00 21 02 00 24 b3 00 00 
b4 00 21 00 00 00 00 00 00 00 00 
.....W......Silver Dragon Horn..................".?8.........X..............W@...Xc.............
....................i...@.$.........R.........@...............>....^.l?......h.#.........r.....`
ffp@..............P...@...................@`@.....`.........._....V........!.............V......
................V......................V......................V......................V........#.
............V........!.............V......................V......................V..............
........V......................V....$.................V....$.................V....$.....!.......
....V....$.....!...........V....$.................V....$.....!...........V....$.................
V. ..$.................V.!..$.....!........

Client->GAME [12:39:01 07/15/09] packet size: 1 CRYPTED, Flags: 7f ServerSeq: 10 ClientSeq: 10
02 
.

GAME->Client [12:39:01 07/15/09] packet size: 699 CRYPTED, Flags: 7f ServerSeq: 11 ClientSeq: 9
02 03 01 00 02 14 00 09 00 02 0e 00 35 20 d0 4d c7 00 00 be 42 1b 6b ce c6 00 00 04 01 00 73 1d 
16 80 bc 56 00 22 02 00 24 b3 00 00 09 04 21 00 00 00 00 00 00 00 00 16 80 bc 56 00 23 02 00 24 
b3 00 00 15 04 02 00 00 00 00 00 00 00 00 16 80 bc 56 00 24 02 00 24 b3 00 00 b5 00 21 00 00 00 
00 00 00 00 00 16 80 bc 56 00 e1 01 00 95 a7 00 00 b4 00 12 00 00 00 01 00 00 00 00 16 80 bc 56 
00 e2 01 00 95 a7 00 00 b5 00 12 00 00 00 01 00 00 00 00 16 80 bc 56 00 e3 01 00 95 a7 00 00 09 
04 12 00 00 00 01 00 00 00 00 16 80 bc 56 00 e4 01 00 95 a7 00 00 70 00 0f 00 00 00 01 00 00 00 
00 16 80 bc 56 00 25 02 00 95 a7 00 00 b4 00 12 00 00 00 00 00 00 00 00 16 80 bc 56 00 26 02 00 
95 a7 00 00 b5 00 12 00 00 00 00 00 00 00 00 16 80 bc 56 00 27 02 00 95 a7 00 00 09 04 12 00 00 
00 00 00 00 00 00 16 80 bc 56 00 28 02 00 95 a7 00 00 70 00 0f 00 00 00 00 00 00 00 00 16 80 bc 
56 00 e5 01 00 2c b3 00 00 17 04 01 00 00 00 01 00 00 00 00 16 80 bc 56 00 e6 01 00 2c b3 00 00 
b4 00 21 00 00 00 01 00 00 00 00 16 80 bc 56 00 e7 01 00 2c b3 00 00 09 04 21 00 00 00 01 00 00 
00 00 16 80 bc 56 00 e8 01 00 2c b3 00 00 12 04 02 00 00 00 01 00 00 00 00 16 80 bc 56 00 e9 01 
00 2c b3 00 00 07 04 02 00 00 00 01 00 00 00 00 16 80 bc 56 00 ea 01 00 2c b3 00 00 b5 00 21 00 
00 00 01 00 00 00 00 16 80 bc 56 00 29 02 00 2c b3 00 00 17 04 01 00 00 00 00 00 00 00 00 16 80 
bc 56 00 2a 02 00 2c b3 00 00 b4 00 21 00 00 00 00 00 00 00 00 16 80 bc 56 00 2b 02 00 2c b3 00 
00 09 04 21 00 00 00 00 00 00 00 00 16 80 bc 56 00 2c 02 00 2c b3 00 00 12 04 02 00 00 00 00 00 
00 00 00 16 80 bc 56 00 2d 02 00 2c b3 00 00 07 04 02 00 00 00 00 00 00 00 00 16 80 bc 56 00 2e 
02 00 2c b3 00 00 b5 00 21 00 00 00 00 00 00 00 00 16 80 bc 56 00 eb 01 00 c3 b2 00 00 89 02 02 
00 00 00 01 00 00 00 00 16 80 bc 56 00 ec 01 00 c3 b2 00 00 21 04 02 00 00 00 01 00 00 00 00 16 
80 bc 56 00 ed 01 00 c3 b2 00 00 b4 00 1f 00 00 00 01 00 00 00 00 16 80 bc 56 00 ee 01 00 c3 b2 
00 00 09 04 1f 00 00 00 01 00 00 00 00 16 80 bc 56 00 ef 01 00 c3 b2 00 00 1e 04 01 00 00 00 01 
00 00 00 00 16 80 bc 56 00 f0 01 00 c3 b2 00 00 9d 00 1f 00 00 00 01 00 00 00 00 
............5 .M....B.k.......s....V."..$.....!...........V.#..$.................V.$..$.....!...
........V......................V......................V......................V........p.........
....V.%....................V.&....................V.'....................V.(......p.............
V....,.................V....,.....!...........V....,.....!...........V....,.................V...
.,.................V....,.....!...........V.)..,.................V.*..,.....!...........V.+..,..
...!...........V.,..,.................V.-..,.................V....,.....!...........V...........
...........V........!.............V......................V......................V...............
.......V...................

Client->GAME [12:39:01 07/15/09] packet size: 1 CRYPTED, Flags: 7f ServerSeq: 11 ClientSeq: 11
02 
.

GAME->Client [12:39:02 07/15/09] packet size: 698 CRYPTED, Flags: 7f ServerSeq: 12 ClientSeq: 10
02 03 09 00 02 0e 00 2b 20 d0 4d c7 00 00 be 42 1b 6b ce c6 00 00 04 02 00 90 05 16 80 bc 56 00 
2f 02 00 c3 b2 00 00 89 02 02 00 00 00 00 00 00 00 00 16 80 bc 56 00 30 02 00 c3 b2 00 00 21 04 
02 00 00 00 00 00 00 00 00 16 80 bc 56 00 31 02 00 c3 b2 00 00 b4 00 1f 00 00 00 00 00 00 00 00 
16 80 bc 56 00 32 02 00 c3 b2 00 00 09 04 1f 00 00 00 00 00 00 00 00 16 80 bc 56 00 33 02 00 c3 
b2 00 00 1e 04 01 00 00 00 00 00 00 00 00 00 95 19 16 80 bc 56 00 34 02 00 c3 b2 00 00 9d 00 1f 
00 00 00 00 00 00 00 00 16 80 bc 15 00 0c 02 00 11 00 00 00 ab 00 0d 00 00 00 01 00 00 00 00 16 
80 bc 15 00 0d 02 00 11 00 00 00 0a 02 4d 00 00 00 01 00 00 00 00 16 80 bc 15 00 0e 02 00 11 00 
00 00 f2 03 34 00 00 00 01 00 00 00 00 16 80 bc 15 00 0f 02 00 11 00 00 00 ed 03 4d 00 00 00 01 
00 00 00 00 16 80 bc 15 00 10 02 00 11 00 00 00 9f 00 19 00 00 00 01 00 00 00 00 16 80 bc 15 00 
11 02 00 11 00 00 00 f1 03 34 00 00 00 01 00 00 00 00 16 80 bc 15 00 12 02 00 11 00 00 00 0c 02 
34 00 00 00 01 00 00 00 00 16 80 bc 15 00 13 02 00 11 00 00 00 b7 00 4d 00 00 00 01 00 00 00 00 
16 80 bc 15 00 14 02 00 11 00 00 00 f3 03 46 00 00 00 01 00 00 00 00 0b 80 bd 05 11 00 00 00 00 
00 00 00 16 80 bc 15 00 35 02 00 11 00 00 00 ab 00 0d 00 00 00 00 00 00 00 00 16 80 bc 15 00 36 
02 00 11 00 00 00 0a 02 4d 00 00 00 00 00 00 00 00 16 80 bc 15 00 37 02 00 11 00 00 00 f2 03 34 
00 00 00 00 00 00 00 00 16 80 bc 15 00 38 02 00 11 00 00 00 ed 03 4d 00 00 00 00 00 00 00 00 16 
80 bc 15 00 39 02 00 11 00 00 00 9f 00 19 00 00 00 00 00 00 00 00 16 80 bc 15 00 3a 02 00 11 00 
00 00 f1 03 34 00 00 00 00 00 00 00 00 16 80 bc 15 00 3b 02 00 11 00 00 00 0c 02 34 00 00 00 00 
00 00 00 00 16 80 bc 15 00 3c 02 00 11 00 00 00 b7 00 4d 00 00 00 00 00 00 00 00 16 80 bc 15 00 
3d 02 00 11 00 00 00 f3 03 46 00 00 00 00 00 00 00 00 0b 80 bd 05 11 00 00 00 00 00 00 01 16 80 
bc 15 00 35 02 00 11 00 00 00 ab 00 0d 00 00 00 01 00 00 00 00 16 80 bc 15 00 36 02 00 11 00 00 
00 0a 02 4d 00 00 00 01 00 00 00 00 16 80 bc 15 00 37 02 00 11 00 00 00 f2 03 34 00 00 00 01 00 
00 00 00 16 80 bc 15 00 38 02 00 11 00 00 00 ed 03 4d 00 00 00 01 00 00 00 00 
.......+ .M....B.k............V./....................V.0......!.............V.1.................
...V.2....................V.3.......................V.4.........................................
.............M......................4......................M....................................
.........4......................4......................M......................F.................
........5......................6........M.............7........4.............8........M.........
....9......................:........4.............;........4.............<........M.............
=........F.........................5......................6........M.............7........4.....
........8........M........

Client->GAME [12:39:02 07/15/09] packet size: 1 CRYPTED, Flags: 7f ServerSeq: 12 ClientSeq: 12
02 
.

GAME->Client [12:39:02 07/15/09] packet size: 707 CRYPTED, Flags: 7f ServerSeq: 13 ClientSeq: 11
02 03 09 00 02 0c 29 20 d0 4d c7 00 00 be 42 1b 6b ce c6 00 00 04 01 00 ae 1f 16 80 bc 15 00 39 
02 00 11 00 00 00 9f 00 19 00 00 00 01 00 00 00 00 16 80 bc 15 00 3a 02 00 11 00 00 00 f1 03 34 
00 00 00 01 00 00 00 00 16 80 bc 15 00 3b 02 00 11 00 00 00 0c 02 34 00 00 00 01 00 00 00 00 16 
80 bc 15 00 3c 02 00 11 00 00 00 b7 00 4d 00 00 00 01 00 00 00 00 16 80 bc 15 00 3d 02 00 11 00 
00 00 f3 03 46 00 00 00 01 00 00 00 00 04 80 b3 11 00 16 80 bc 45 03 11 00 00 02 00 00 00 11 00 
32 00 00 00 01 00 00 00 00 16 80 bc 55 00 f1 01 00 02 00 00 00 cc 00 0c 00 00 00 01 00 00 00 00 
08 80 b2 11 00 32 00 08 02 16 80 bc 45 03 11 00 00 02 00 00 00 11 00 32 00 00 00 00 00 00 00 00 
16 80 bc 55 00 3e 02 00 02 00 00 00 cc 00 0c 00 00 00 00 00 00 00 00 16 80 bc 15 00 3f 02 00 11 
00 00 00 ab 00 0d 00 00 00 00 00 00 00 00 16 80 bc 15 00 40 02 00 11 00 00 00 0a 02 4d 00 00 00 
00 00 00 00 00 16 80 bc 15 00 41 02 00 11 00 00 00 f2 03 34 00 00 00 00 00 00 00 00 16 80 bc 15 
00 42 02 00 11 00 00 00 ed 03 4d 00 00 00 00 00 00 00 00 16 80 bc 15 00 43 02 00 11 00 00 00 9f 
00 19 00 00 00 00 00 00 00 00 16 80 bc 15 00 44 02 00 11 00 00 00 f1 03 34 00 00 00 00 00 00 00 
00 16 80 bc 15 00 45 02 00 11 00 00 00 0c 02 34 00 00 00 00 00 00 00 00 16 80 bc 15 00 46 02 00 
11 00 00 00 b7 00 4d 00 00 00 00 00 00 00 00 16 80 bc 15 00 47 02 00 11 00 00 00 f3 03 46 00 00 
00 00 00 00 00 00 16 80 bc 55 00 f2 01 00 0b 00 00 00 37 02 96 00 00 00 01 00 00 00 00 16 80 bc 
55 00 48 02 00 0b 00 00 00 37 02 96 00 00 00 00 00 00 00 00 16 80 bc 55 00 f3 01 00 2d 00 00 00 
23 04 0a 00 00 00 01 00 00 00 00 16 80 bc 55 00 f4 01 00 2d 00 00 00 20 04 0a 00 00 00 01 00 00 
00 00 16 80 bc 55 00 f5 01 00 2d 00 00 00 19 04 05 00 00 00 01 00 00 00 00 16 80 bc 55 00 f6 01 
00 2d 00 00 00 42 04 05 00 00 00 01 00 00 00 00 16 80 bc 55 00 49 02 00 2d 00 00 00 23 04 0a 00 
00 00 00 00 00 00 00 16 80 bc 55 00 4a 02 00 2d 00 00 00 20 04 0a 00 00 00 00 00 00 00 00 16 80 
bc 55 00 4b 02 00 2d 00 00 00 19 04 05 00 00 00 00 00 00 00 00 16 80 bc 55 00 4c 02 00 2d 00 00 
00 42 04 05 00 00 00 00 00 00 00 00 16 80 bc 55 00 f7 01 00 34 00 00 00 83 02 c8 00 00 00 01 00 
00 00 00 
......) .M....B.k..............9......................:........4.............;........4.........
....<........M.............=........F................E..........2...........U...................
.....2......E..........2...........U.>......................?......................@........M...
..........A........4.............B........M.............C......................D........4.......
......E........4.............F........M.............G........F...........U........7.............
U.H......7.............U....-...#.............U....-... .............U....-.................U...
.-...B.............U.I..-...#.............U.J..-... .............U.K..-.................U.L..-..
.B.............U....4..............

Client->GAME [12:39:02 07/15/09] packet size: 1 CRYPTED, Flags: 7f ServerSeq: 13 ClientSeq: 13
02 
.

GAME->Client [12:39:02 07/15/09] packet size: 709 CRYPTED, Flags: 7f ServerSeq: 14 ClientSeq: 12
02 04 02 00 cd 0b 16 80 bc 55 00 4d 02 00 34 00 00 00 83 02 c8 00 00 00 00 00 00 00 00 04 80 b3 
3d 04 16 80 bc 45 03 3d 04 00 43 00 00 00 3d 04 00 00 00 00 01 00 00 00 00 08 80 b2 3d 04 00 00 
08 02 16 80 bc 45 03 3d 04 00 43 00 00 00 3d 04 00 00 00 00 00 00 00 00 00 16 80 bc 55 00 f8 01 
00 4b 00 00 00 1f 04 19 00 00 00 01 00 00 00 00 16 80 bc 55 00 4e 02 00 4b 00 00 00 1f 04 19 00 
00 00 00 00 00 00 00 16 80 bc 55 00 f9 01 00 5f 00 00 00 7c 04 0f 00 00 00 01 00 00 00 00 16 80 
bc 55 00 fa 01 00 5f 00 00 00 07 04 0f 00 00 00 01 00 00 00 00 16 80 bc 55 00 4f 02 00 5f 00 00 
00 7c 04 0f 00 00 00 00 00 00 00 00 16 80 bc 55 00 50 02 00 5f 00 00 00 07 04 0f 00 00 00 00 00 
00 00 00 00 d8 19 16 80 bc 55 00 fb 01 00 62 00 00 00 06 04 01 00 00 00 01 00 00 00 00 04 80 b3 
35 04 16 80 bc 45 03 35 04 00 62 00 00 00 35 04 00 00 00 00 01 00 00 00 00 16 80 bc 55 00 fc 01 
00 62 00 00 00 15 04 01 00 00 00 01 00 00 00 00 16 80 bc 55 00 51 02 00 62 00 00 00 06 04 01 00 
00 00 00 00 00 00 00 08 80 b2 35 04 00 00 08 02 16 80 bc 45 03 35 04 00 62 00 00 00 35 04 00 00 
00 00 00 00 00 00 00 16 80 bc 55 00 52 02 00 62 00 00 00 15 04 01 00 00 00 00 00 00 00 00 04 80 
b3 3e 04 16 80 bc 45 03 3e 04 00 4f 01 00 00 3e 04 00 00 00 00 01 00 00 00 00 08 80 b2 3e 04 00 
00 08 02 16 80 bc 45 03 3e 04 00 4f 01 00 00 3e 04 00 00 00 00 00 00 00 00 00 16 80 bc 55 00 fd 
01 00 5a 01 00 00 07 04 05 00 00 00 01 00 00 00 00 16 80 bc 55 00 fe 01 00 5a 01 00 00 1d 04 0f 
00 00 00 01 00 00 00 00 16 80 bc 55 00 53 02 00 5a 01 00 00 07 04 05 00 00 00 00 00 00 00 00 16 
80 bc 55 00 54 02 00 5a 01 00 00 1d 04 0f 00 00 00 00 00 00 00 00 04 80 b3 3f 04 16 80 bc 45 03 
3f 04 00 64 01 00 00 3f 04 00 00 00 00 01 00 00 00 00 16 80 bc 55 00 ff 01 00 64 01 00 00 1f 04 
05 00 00 00 01 00 00 00 00 08 80 b2 3f 04 00 00 08 02 16 80 bc 45 03 3f 04 00 64 01 00 00 3f 04 
00 00 00 00 00 00 00 00 00 16 80 bc 55 00 55 02 00 64 01 00 00 1f 04 05 00 00 00 00 00 00 00 00 
16 80 bc 55 00 00 02 00 66 01 00 00 7b 04 05 00 00 00 01 00 00 00 00 16 80 bc 55 00 01 02 00 66 
01 00 00 12 04 0a 00 00 00 01 00 00 00 00 16 80 bc 55 00 02 02 00 66 01 00 00 06 04 0b 00 00 00 
01 00 00 00 00 
.........U.M..4.................=....E.=..C...=.............=........E.=..C...=.............U...
.K.................U.N..K.................U...._...|.............U...._.................U.O.._..
.|.............U.P.._....................U....b.................5....E.5..b...5.............U...
.b.................U.Q..b.................5........E.5..b...5.............U.R..b................
.>....E.>..O...>.............>........E.>..O...>.............U....Z.................U....Z......
...........U.S..Z.................U.T..Z.................?....E.?..d...?.............U....d.....
............?........E.?..d...?.............U.U..d.................U....f...{.............U....f
.................U....f..............

Client->GAME [12:39:02 07/15/09] packet size: 1 CRYPTED, Flags: 7f ServerSeq: 14 ClientSeq: 14
02 
.

GAME->Client [12:39:02 07/15/09] packet size: 710 CRYPTED, Flags: 7f ServerSeq: 15 ClientSeq: 13
02 04 01 00 f1 20 16 80 bc 55 00 56 02 00 66 01 00 00 7b 04 05 00 00 00 00 00 00 00 00 16 80 bc 
55 00 57 02 00 66 01 00 00 12 04 0a 00 00 00 00 00 00 00 00 16 80 bc 55 00 58 02 00 66 01 00 00 
06 04 0b 00 00 00 00 00 00 00 00 16 80 bc 55 00 03 02 00 8e 01 00 00 03 04 05 00 00 00 01 00 00 
00 00 16 80 bc 55 00 04 02 00 8e 01 00 00 12 04 0f 00 00 00 01 00 00 00 00 16 80 bc 55 00 05 02 
00 8e 01 00 00 77 04 05 00 00 00 01 00 00 00 00 16 80 bc 55 00 59 02 00 8e 01 00 00 03 04 05 00 
00 00 00 00 00 00 00 16 80 bc 55 00 5a 02 00 8e 01 00 00 12 04 0f 00 00 00 00 00 00 00 00 16 80 
bc 55 00 5b 02 00 8e 01 00 00 77 04 05 00 00 00 00 00 00 00 00 16 80 bc 55 00 06 02 00 cd 01 00 
00 e5 03 05 00 00 00 01 00 00 00 00 16 80 bc 55 00 07 02 00 cd 01 00 00 73 04 05 00 00 00 01 00 
00 00 00 16 80 bc 55 00 08 02 00 cd 01 00 00 e3 03 0f 00 00 00 01 00 00 00 00 16 80 bc 55 00 5c 
02 00 cd 01 00 00 e5 03 05 00 00 00 00 00 00 00 00 16 80 bc 55 00 5d 02 00 cd 01 00 00 73 04 05 
00 00 00 00 00 00 00 00 16 80 bc 55 00 5e 02 00 cd 01 00 00 e3 03 0f 00 00 00 00 00 00 00 00 04 
80 b3 40 04 16 80 bc 45 03 40 04 00 d5 01 00 00 40 04 00 00 00 00 01 00 00 00 00 16 80 bc 55 00 
09 02 00 d5 01 00 00 e3 03 05 00 00 00 01 00 00 00 00 08 80 b2 40 04 00 00 08 02 16 80 bc 45 03 
40 04 00 d5 01 00 00 40 04 00 00 00 00 00 00 00 00 00 16 80 bc 55 00 5f 02 00 d5 01 00 00 e3 03 
05 00 00 00 00 00 00 00 00 16 80 bc 55 00 0a 02 00 36 02 00 00 37 02 0a 00 00 00 01 00 00 00 00 
16 80 bc 55 00 60 02 00 36 02 00 00 37 02 0a 00 00 00 00 00 00 00 00 16 80 bc 55 00 0b 02 00 74 
02 00 00 34 02 1e 00 00 00 01 00 00 00 00 16 80 bc 55 00 61 02 00 74 02 00 00 34 02 1e 00 00 00 
00 00 00 00 00 16 80 bc 15 00 3f 02 00 11 00 00 00 ab 00 0d 00 00 00 01 00 00 00 00 16 80 bc 15 
00 40 02 00 11 00 00 00 0a 02 4d 00 00 00 01 00 00 00 00 16 80 bc 15 00 41 02 00 11 00 00 00 f2 
03 34 00 00 00 01 00 00 00 00 16 80 bc 15 00 42 02 00 11 00 00 00 ed 03 4d 00 00 00 01 00 00 00 
00 16 80 bc 15 00 43 02 00 11 00 00 00 9f 00 19 00 00 00 01 00 00 00 00 16 80 bc 15 00 44 02 00 
11 00 00 00 f1 03 34 00 00 00 01 00 00 00 00 16 80 bc 15 00 45 02 00 11 00 00 00 0c 02 34 00 00 
00 01 00 00 00 00 
..... ...U.V..f...{.............U.W..f.................U.X..f.................U.................
.....U......................U........w.............U.Y....................U.Z...................
.U.[......w.............U......................U........s.............U......................U.\
....................U.]......s.............U.^....................@....E.@......@.............U.
.....................@........E.@......@.............U._....................U....6...7..........
...U.`..6...7.............U....t...4.............U.a..t...4...............?.....................
.@........M.............A........4.............B........M.............C......................D..
......4.............E........4........

Client->GAME [12:39:02 07/15/09] packet size: 1 CRYPTED, Flags: 7f ServerSeq: 15 ClientSeq: 15
02 
.

GAME->Client [12:39:02 07/15/09] packet size: 675 CRYPTED, Flags: 7f ServerSeq: 16 ClientSeq: 14
