Client->GAME [12:43:26 07/15/09] packet size: 25 CRYPTED, Flags: 7f ServerSeq: 257 ClientSeq: 448
02 04 01 00 17 01 12 81 8e 15 00 00 00 03 00 00 00 14 00 00 00 03 00 00 00 
.........................

GAME->Client [12:43:26 07/15/09] packet size: 40 CRYPTED, Flags: 7f ServerSeq: 434 ClientSeq: 270
02 03 08 00 02 0e 04 a0 e0 35 0c c7 00 00 be 42 e6 ed 7f c7 07 00 02 0e 01 2f 10 e9 0d c7 00 00 
be 42 e8 91 89 c7 00 00 
.........5.....B........./.......B......

Client->GAME [12:43:26 07/15/09] packet size: 1 CRYPTED, Flags: 7f ServerSeq: 258 ClientSeq: 449
02 
.

GAME->Client [12:43:26 07/15/09] packet size: 39 CRYPTED, Flags: 7f ServerSeq: 435 ClientSeq: 271
02 03 08 00 02 0c aa e0 35 0c c7 00 00 be 42 e6 ed 7f c7 07 00 02 0e 01 25 cd d6 0d c7 00 00 be 
42 a3 8b 89 c7 00 00 
........5.....B.........%.......B......

Client->GAME [12:43:26 07/15/09] packet size: 1 CRYPTED, Flags: 7f ServerSeq: 259 ClientSeq: 450
02 
.

GAME->Client [12:43:26 07/15/09] packet size: 696 CRYPTED, Flags: 7f ServerSeq: 436 ClientSeq: 257
02 04 01 01 2a 1e 16 80 bc 15 00 0c 03 00 f7 03 00 00 08 02 00 00 00 00 01 00 00 00 00 16 80 bc 
15 00 0d 03 00 f7 03 00 00 07 02 ec ff ff ff 01 00 00 00 00 16 80 bc 15 00 0e 03 00 f7 03 00 00 
50 04 00 00 00 00 01 00 00 00 00 16 80 bc 15 00 0f 03 00 f7 03 00 00 f4 03 00 00 00 00 01 00 00 
00 00 16 80 bc 15 00 10 03 00 f7 03 00 00 51 04 f6 ff ff ff 01 00 00 00 00 16 80 bc 15 00 11 03 
00 f7 03 00 00 52 04 0f 00 00 00 01 00 00 00 00 16 80 bc 11 00 12 03 00 00 00 00 00 cb 02 00 00 
00 00 01 00 00 00 00 16 80 bc 56 00 57 03 00 0a 95 00 00 06 04 02 00 00 00 01 00 00 00 00 16 80 
bc 56 00 58 03 00 0a 95 00 00 b4 00 11 00 00 00 01 00 00 00 00 16 80 bc 56 00 59 03 00 0a 95 00 
00 b5 00 11 00 00 00 01 00 00 00 00 16 80 bc 56 00 5a 03 00 0a 95 00 00 07 04 02 00 00 00 01 00 
00 00 00 16 80 bc 56 00 5b 03 00 8a b2 00 00 23 04 02 00 00 00 01 00 00 00 00 16 80 bc 56 00 5c 
03 00 8a b2 00 00 21 04 01 00 00 00 01 00 00 00 00 16 80 bc 56 00 5d 03 00 8a b2 00 00 b4 00 1d 
00 00 00 01 00 00 00 00 16 80 bc 56 00 5e 03 00 8a b2 00 00 09 04 1d 00 00 00 01 00 00 00 00 16 
80 bc 56 00 5f 03 00 8a b2 00 00 9d 00 1d 00 00 00 01 00 00 00 00 16 80 bc 56 00 60 03 00 8a b2 
00 00 06 04 01 00 00 00 01 00 00 00 00 16 80 bc 56 00 61 03 00 24 b3 00 00 89 02 02 00 00 00 01 
00 00 00 00 16 80 bc 56 00 62 03 00 24 b3 00 00 1a 04 01 00 00 00 01 00 00 00 00 16 80 bc 56 00 
63 03 00 24 b3 00 00 b4 00 21 00 00 00 01 00 00 00 00 16 80 bc 56 00 64 03 00 24 b3 00 00 09 04 
21 00 00 00 01 00 00 00 00 16 80 bc 56 00 65 03 00 24 b3 00 00 15 04 02 00 00 00 01 00 00 00 00 
16 80 bc 56 00 66 03 00 24 b3 00 00 b5 00 21 00 00 00 01 00 00 00 00 16 80 bc 56 00 67 03 00 95 
a7 00 00 b4 00 12 00 00 00 01 00 00 00 00 16 80 bc 56 00 68 03 00 95 a7 00 00 b5 00 12 00 00 00 
01 00 00 00 00 16 80 bc 56 00 69 03 00 95 a7 00 00 09 04 12 00 00 00 01 00 00 00 00 16 80 bc 56 
00 6a 03 00 95 a7 00 00 70 00 0f 00 00 00 01 00 00 00 00 16 80 bc 56 00 6b 03 00 2c b3 00 00 17 
04 01 00 00 00 01 00 00 00 00 16 80 bc 56 00 6c 03 00 2c b3 00 00 b4 00 21 00 00 00 01 00 00 00 
00 16 80 bc 56 00 6d 03 00 2c b3 00 00 09 04 21 00 00 00 01 00 00 00 00 
....*...........................................................P...............................
..............Q......................R....................................V.W...................
.V.X....................V.Y....................V.Z....................V.[......#.............V.\
......!.............V.]....................V.^....................V._....................V.`....
................V.a..$.................V.b..$.................V.c..$.....!...........V.d..$.....
!...........V.e..$.................V.f..$.....!...........V.g....................V.h............
........V.i....................V.j......p.............V.k..,.................V.l..,.....!.......
....V.m..,.....!........

Client->GAME [12:43:26 07/15/09] packet size: 1 CRYPTED, Flags: 7f ServerSeq: 260 ClientSeq: 451
02 
.

GAME->Client [12:43:27 07/15/09] packet size: 696 CRYPTED, Flags: 7f ServerSeq: 437 ClientSeq: 258
02 04 01 01 48 1e 16 80 bc 56 00 6e 03 00 2c b3 00 00 12 04 02 00 00 00 01 00 00 00 00 16 80 bc 
56 00 6f 03 00 2c b3 00 00 07 04 02 00 00 00 01 00 00 00 00 16 80 bc 56 00 70 03 00 2c b3 00 00 
b5 00 21 00 00 00 01 00 00 00 00 16 80 bc 56 00 71 03 00 c3 b2 00 00 89 02 02 00 00 00 01 00 00 
00 00 16 80 bc 56 00 72 03 00 c3 b2 00 00 21 04 02 00 00 00 01 00 00 00 00 16 80 bc 56 00 73 03 
00 c3 b2 00 00 b4 00 1f 00 00 00 01 00 00 00 00 16 80 bc 56 00 74 03 00 c3 b2 00 00 09 04 1f 00 
00 00 01 00 00 00 00 16 80 bc 56 00 75 03 00 c3 b2 00 00 1e 04 01 00 00 00 01 00 00 00 00 16 80 
bc 56 00 76 03 00 c3 b2 00 00 9d 00 1f 00 00 00 01 00 00 00 00 16 80 bc 55 00 80 03 00 02 00 00 
00 cc 00 0c 00 00 00 01 00 00 00 00 16 80 bc 55 00 8a 03 00 0b 00 00 00 37 02 96 00 00 00 01 00 
00 00 00 16 80 bc 55 00 8b 03 00 2d 00 00 00 23 04 0a 00 00 00 01 00 00 00 00 16 80 bc 55 00 8c 
03 00 2d 00 00 00 20 04 0a 00 00 00 01 00 00 00 00 16 80 bc 55 00 8d 03 00 2d 00 00 00 19 04 05 
00 00 00 01 00 00 00 00 16 80 bc 55 00 8e 03 00 2d 00 00 00 42 04 05 00 00 00 01 00 00 00 00 16 
80 bc 55 00 8f 03 00 34 00 00 00 83 02 c8 00 00 00 01 00 00 00 00 16 80 bc 55 00 90 03 00 4b 00 
00 00 1f 04 19 00 00 00 01 00 00 00 00 16 80 bc 55 00 91 03 00 5f 00 00 00 7c 04 0f 00 00 00 01 
00 00 00 00 16 80 bc 55 00 92 03 00 5f 00 00 00 07 04 0f 00 00 00 01 00 00 00 00 16 80 bc 55 00 
93 03 00 62 00 00 00 06 04 01 00 00 00 01 00 00 00 00 16 80 bc 55 00 94 03 00 62 00 00 00 15 04 
01 00 00 00 01 00 00 00 00 16 80 bc 55 00 95 03 00 5a 01 00 00 07 04 05 00 00 00 01 00 00 00 00 
16 80 bc 55 00 96 03 00 5a 01 00 00 1d 04 0f 00 00 00 01 00 00 00 00 16 80 bc 55 00 97 03 00 64 
01 00 00 1f 04 05 00 00 00 01 00 00 00 00 16 80 bc 55 00 98 03 00 66 01 00 00 7b 04 05 00 00 00 
01 00 00 00 00 16 80 bc 55 00 99 03 00 66 01 00 00 12 04 0a 00 00 00 01 00 00 00 00 16 80 bc 55 
00 9a 03 00 66 01 00 00 06 04 0b 00 00 00 01 00 00 00 00 16 80 bc 55 00 9b 03 00 8e 01 00 00 03 
04 05 00 00 00 01 00 00 00 00 16 80 bc 55 00 9c 03 00 8e 01 00 00 12 04 0f 00 00 00 01 00 00 00 
00 16 80 bc 55 00 9d 03 00 8e 01 00 00 77 04 05 00 00 00 01 00 00 00 00 
....H....V.n..,.................V.o..,.................V.p..,.....!...........V.q...............
.....V.r......!.............V.s....................V.t....................V.u...................
.V.v....................U......................U........7.............U....-...#.............U..
..-... .............U....-.................U....-...B.............U....4.................U....K.
................U...._...|.............U...._.................U....b.................U....b.....
............U....Z.................U....Z.................U....d.................U....f...{.....
........U....f.................U....f.................U......................U..................
....U........w..........

Client->GAME [12:43:27 07/15/09] packet size: 1 CRYPTED, Flags: 7f ServerSeq: 261 ClientSeq: 452
02 
.

GAME->Client [12:43:27 07/15/09] packet size: 700 CRYPTED, Flags: 7f ServerSeq: 438 ClientSeq: 259
02 04 02 01 66 03 16 80 bc 55 00 9e 03 00 cd 01 00 00 e5 03 05 00 00 00 01 00 00 00 00 16 80 bc 
55 00 9f 03 00 cd 01 00 00 73 04 05 00 00 00 01 00 00 00 00 16 80 bc 55 00 a0 03 00 cd 01 00 00 
e3 03 0f 00 00 00 01 00 00 00 00 01 69 1c 16 80 bc 55 00 a1 03 00 d5 01 00 00 e3 03 05 00 00 00 
01 00 00 00 00 16 80 bc 55 00 a2 03 00 36 02 00 00 37 02 0a 00 00 00 01 00 00 00 00 16 80 bc 55 
00 a3 03 00 74 02 00 00 34 02 1e 00 00 00 01 00 00 00 00 16 80 bc 15 00 a4 03 00 11 00 00 00 ab 
00 0d 00 00 00 01 00 00 00 00 16 80 bc 15 00 a5 03 00 11 00 00 00 0a 02 4d 00 00 00 01 00 00 00 
00 16 80 bc 15 00 a6 03 00 11 00 00 00 f2 03 34 00 00 00 01 00 00 00 00 16 80 bc 15 00 a7 03 00 
11 00 00 00 ed 03 4d 00 00 00 01 00 00 00 00 16 80 bc 15 00 a8 03 00 11 00 00 00 9f 00 19 00 00 
00 01 00 00 00 00 16 80 bc 15 00 a9 03 00 11 00 00 00 f1 03 34 00 00 00 01 00 00 00 00 16 80 bc 
15 00 aa 03 00 11 00 00 00 0c 02 34 00 00 00 01 00 00 00 00 16 80 bc 15 00 ab 03 00 11 00 00 00 
b7 00 4d 00 00 00 01 00 00 00 00 16 80 bc 15 00 ac 03 00 11 00 00 00 f3 03 46 00 00 00 01 00 00 
00 00 0b 80 bd 05 11 00 00 00 00 00 00 00 16 80 bc 15 00 ad 03 00 11 00 00 00 ab 00 0c 00 00 00 
00 00 00 00 00 16 80 bc 15 00 ae 03 00 11 00 00 00 0a 02 4b 00 00 00 00 00 00 00 00 16 80 bc 15 
00 af 03 00 11 00 00 00 f2 03 31 00 00 00 00 00 00 00 00 16 80 bc 15 00 b0 03 00 11 00 00 00 ed 
03 4b 00 00 00 00 00 00 00 00 16 80 bc 15 00 b1 03 00 11 00 00 00 9f 00 19 00 00 00 00 00 00 00 
00 16 80 bc 15 00 b2 03 00 11 00 00 00 f1 03 31 00 00 00 00 00 00 00 00 16 80 bc 15 00 b3 03 00 
11 00 00 00 0c 02 34 00 00 00 00 00 00 00 00 16 80 bc 15 00 b4 03 00 11 00 00 00 b7 00 46 00 00 
00 00 00 00 00 00 16 80 bc 15 00 b5 03 00 11 00 00 00 f3 03 46 00 00 00 00 00 00 00 00 0b 80 bd 
05 11 00 00 00 00 00 00 01 16 80 bc 15 00 ad 03 00 11 00 00 00 ab 00 0c 00 00 00 01 00 00 00 00 
16 80 bc 15 00 ae 03 00 11 00 00 00 0a 02 4b 00 00 00 01 00 00 00 00 16 80 bc 15 00 af 03 00 11 
00 00 00 f2 03 31 00 00 00 01 00 00 00 00 16 80 bc 15 00 b0 03 00 11 00 00 00 ed 03 4b 00 00 00 
01 00 00 00 00 16 80 bc 15 00 b1 03 00 11 00 00 00 9f 00 19 00 00 00 01 00 00 00 00 
....f....U......................U........s.............U....................i....U..............
........U....6...7.............U....t...4...............................................M.......
...............4......................M.............................................4...........
...........4......................M......................F......................................
...................K......................1......................K..............................
...............1......................4......................F......................F...........
..............................................K......................1......................K...
............................

Client->GAME [12:43:27 07/15/09] packet size: 1 CRYPTED, Flags: 7f ServerSeq: 262 ClientSeq: 453
02 
.

GAME->Client [12:43:27 07/15/09] packet size: 269 CRYPTED, Flags: 7f ServerSeq: 439 ClientSeq: 260
02 04 01 01 85 11 16 80 bc 15 00 b2 03 00 11 00 00 00 f1 03 31 00 00 00 01 00 00 00 00 16 80 bc 
15 00 b3 03 00 11 00 00 00 0c 02 34 00 00 00 01 00 00 00 00 16 80 bc 15 00 b4 03 00 11 00 00 00 
b7 00 46 00 00 00 01 00 00 00 00 16 80 bc 15 00 b5 03 00 11 00 00 00 f3 03 46 00 00 00 01 00 00 
00 00 04 80 b3 11 00 16 80 bc 45 03 11 00 00 02 00 00 00 11 00 32 00 00 00 01 00 00 00 00 04 80 
b3 35 04 16 80 bc 45 03 35 04 00 62 00 00 00 35 04 00 00 00 00 01 00 00 00 00 04 80 b3 3d 04 16 
80 bc 45 03 3d 04 00 43 00 00 00 3d 04 00 00 00 00 01 00 00 00 00 04 80 b3 3e 04 16 80 bc 45 03 
3e 04 00 4f 01 00 00 3e 04 00 00 00 00 01 00 00 00 00 04 80 b3 3f 04 16 80 bc 45 03 3f 04 00 64 
01 00 00 3f 04 00 00 00 00 01 00 00 00 00 04 80 b3 40 04 16 80 bc 45 03 40 04 00 d5 01 00 00 40 
04 00 00 00 00 01 00 00 00 00 02 81 07 
....................1......................4......................F......................F......
..........E..........2...........5....E.5..b...5.............=....E.=..C...=.............>....E.
>..O...>.............?....E.?..d...?.............@....E.@......@.............

Client->GAME [12:43:27 07/15/09] packet size: 13 CRYPTED, Flags: 7f ServerSeq: 263 ClientSeq: 454
02 04 01 00 18 01 06 81 08 00 00 00 00 
.............

GAME->Client [12:43:27 07/15/09] packet size: 1 CRYPTED, Flags: 7f ServerSeq: 440 ClientSeq: 262
02 
.

GAME->Client [12:43:28 07/15/09] packet size: 5 CRYPTED, Flags: 7f ServerSeq: 441 ClientSeq: 262
c2 8b 18 fb 48 
....H

Client->GAME [12:43:28 07/15/09] packet size: 1 CRYPTED, Flags: 7f ServerSeq: 265 ClientSeq: 455
02 
.

GAME->Client [12:43:28 07/15/09] packet size: 1 CRYPTED, Flags: 7f ServerSeq: 442 ClientSeq: 262
42 
B

GAME->Client [12:43:28 07/15/09] packet size: 1 CRYPTED, Flags: 7f ServerSeq: 443 ClientSeq: 263
42 
B

Client->GAME [12:43:28 07/15/09] packet size: 1 CRYPTED, Flags: 7f ServerSeq: 267 ClientSeq: 456
42 
B

GAME->Client [12:43:28 07/15/09] packet size: 1 CRYPTED, Flags: 7f ServerSeq: 444 ClientSeq: 263
42 
B

Client->GAME [12:43:28 07/15/09] packet size: 13 CRYPTED, Flags: 0 ServerSeq: 0 ClientSeq: 1
22 04 01 00 00 01 06 81 51 00 00 00 00 
".......Q....

GAME->Client [12:43:29 07/15/09] packet size: 72 CRYPTED, Flags: 1 ServerSeq: 2 ClientSeq: 1
02 04 01 00 03 01 41 81 67 17 00 27 00 1c 22 00 c6 01 11 00 00 00 00 00 00 00 37 00 00 08 0e 00 
41 66 74 65 72 57 68 6f 72 75 4e 65 6f 00 0e 00 41 66 74 65 72 57 68 6f 72 75 4e 65 6f 00 02 00 
4b 00 00 00 00 00 00 00 
......A.g..'.."...........7.....AfterWhoruNeo...AfterWhoruNeo...K.......

Client->GAME [12:43:29 07/15/09] packet size: 1 CRYPTED, Flags: 2 ServerSeq: 2 ClientSeq: 2
02 
.

GAME->Client [12:43:29 07/15/09] packet size: 138 CRYPTED, Flags: 3 ServerSeq: 3 ClientSeq: 2
02 04 01 00 00 03 6d 06 0e 00 03 00 00 00 9b 18 fb 48 01 42 00 32 00 72 65 73 6f 75 72 63 65 2f 
77 6f 72 6c 64 73 2f 66 69 6e 61 6c 5f 77 6f 72 6c 64 2f 69 6e 74 65 72 6e 61 74 69 6f 6e 61 6c 
2f 69 74 2e 6d 65 74 72 00 29 00 48 61 6c 6c 6f 77 65 65 6e 5f 45 76 65 6e 74 2c 57 69 6e 74 65 
72 33 50 6c 75 73 48 61 6c 6c 6f 77 65 65 6e 54 53 45 43 00 0a 80 e5 e7 cb c0 12 00 00 00 00 0a 
80 e4 bc 58 7a 00 00 00 00 00 
......m..........H.B.2.resource/worlds/final_world/international/it.metr.).Halloween_Event,Winte
r3PlusHalloweenTSEC................Xz.....

Client->GAME [12:43:29 07/15/09] packet size: 6 CRYPTED, Flags: 5 ServerSeq: 3 ClientSeq: 3
02 05 02 0c 00 00 
......

GAME->Client [12:43:29 07/15/09] packet size: 1 CRYPTED, Flags: 7 ServerSeq: 4 ClientSeq: 3
02 
.

Client->GAME [12:43:32 07/15/09] packet size: 8 CRYPTED, Flags: 5 ServerSeq: 3 ClientSeq: 4
02 04 01 00 01 01 01 05 
........

GAME->Client [12:43:33 07/15/09] packet size: 223 CRYPTED, Flags: f ServerSeq: 5 ClientSeq: 4
82 2a 19 fb 48 03 01 00 0c 0c 00 45 cd ab 1c 8b 81 ff 71 02 00 00 41 6e 64 65 72 73 6f 6e 00 00 
00 00 00 00 00 00 00 00 00 00 00 00 00 00 00 00 00 00 00 00 00 00 90 54 68 6f 6d 61 73 00 00 00 
00 00 00 00 00 00 00 00 00 00 00 00 00 00 00 00 00 00 00 00 00 00 00 80 d8 28 0a 0c 00 00 00 01 
8e 81 ff f7 00 31 5e 00 00 c6 67 00 41 66 74 65 72 57 68 6f 72 75 4e 65 6f 00 00 00 00 00 00 00 
00 00 00 00 00 00 00 00 00 00 00 00 28 0a fd 64 01 00 00 67 00 75 d4 01 00 4b b1 00 00 00 00 73 
1a e9 88 80 60 04 00 02 8e 00 00 00 f7 00 9d 00 00 00 00 20 72 f3 40 00 00 00 00 00 6c 91 c0 00 
00 00 00 00 e0 a5 40 81 ff 32 22 80 89 e3 c0 a5 1e 80 1c 01 11 00 00 00 67 00 02 00 00 00 00 
.*..H......E......q...Anderson.........................Thomas............................(......
.....1^...g.AfterWhoruNeo...................(..d...g.u...K.....s....`.............. r.@.....l...
......@..2".............g......

Client->GAME [12:43:33 07/15/09] packet size: 112 CRYPTED, Flags: 17 ServerSeq: 5 ClientSeq: 5
02 03 02 00 02 60 08 41 6e 64 65 72 73 6f 6e 06 54 68 6f 6d 61 73 00 00 04 01 00 02 08 12 80 c9 
0d 00 90 0d 00 e8 7d 47 00 c0 94 c4 00 60 6a c6 12 80 c9 0e 00 90 0d 00 e8 7d 47 00 c0 94 c4 00 
00 7a c4 12 80 c9 0a 00 40 14 00 34 9e 47 00 c0 94 c4 00 00 7a c4 02 80 be 07 3f 4e 00 10 00 00 
00 08 3e 6b 00 10 00 00 00 00 02 81 48 02 0c 01 
.....`.Anderson.Thomas................}G.....`j..........}G......z......@..4.G......z.....?N....
..>k........H...

GAME->Client [12:43:33 07/15/09] packet size: 696 CRYPTED, Flags: 1f ServerSeq: 6 ClientSeq: 5
02 04 01 00 04 1e 16 80 bc 56 00 b4 03 00 0a 95 00 00 06 04 02 00 00 00 01 00 00 00 00 16 80 bc 
56 00 b5 03 00 0a 95 00 00 b4 00 11 00 00 00 01 00 00 00 00 16 80 bc 56 00 b6 03 00 0a 95 00 00 
b5 00 11 00 00 00 01 00 00 00 00 16 80 bc 56 00 b7 03 00 0a 95 00 00 07 04 02 00 00 00 01 00 00 
00 00 16 80 bc 56 00 f8 03 00 0a 95 00 00 06 04 02 00 00 00 00 00 00 00 00 16 80 bc 56 00 f9 03 
00 0a 95 00 00 b4 00 11 00 00 00 00 00 00 00 00 16 80 bc 56 00 fa 03 00 0a 95 00 00 b5 00 11 00 
00 00 00 00 00 00 00 16 80 bc 56 00 fb 03 00 0a 95 00 00 07 04 02 00 00 00 00 00 00 00 00 16 80 
bc 56 00 b8 03 00 8a b2 00 00 23 04 02 00 00 00 01 00 00 00 00 16 80 bc 56 00 b9 03 00 8a b2 00 
00 21 04 01 00 00 00 01 00 00 00 00 16 80 bc 56 00 ba 03 00 8a b2 00 00 b4 00 1d 00 00 00 01 00 
00 00 00 16 80 bc 56 00 bb 03 00 8a b2 00 00 09 04 1d 00 00 00 01 00 00 00 00 16 80 bc 56 00 bc 
03 00 8a b2 00 00 9d 00 1d 00 00 00 01 00 00 00 00 16 80 bc 56 00 bd 03 00 8a b2 00 00 06 04 01 
00 00 00 01 00 00 00 00 16 80 bc 56 00 fc 03 00 8a b2 00 00 23 04 02 00 00 00 00 00 00 00 00 16 
80 bc 56 00 fd 03 00 8a b2 00 00 21 04 01 00 00 00 00 00 00 00 00 16 80 bc 56 00 fe 03 00 8a b2 
00 00 b4 00 1d 00 00 00 00 00 00 00 00 16 80 bc 56 00 ff 03 00 8a b2 00 00 09 04 1d 00 00 00 00 
00 00 00 00 16 80 bc 56 00 00 04 00 8a b2 00 00 9d 00 1d 00 00 00 00 00 00 00 00 16 80 bc 56 00 
01 04 00 8a b2 00 00 06 04 01 00 00 00 00 00 00 00 00 16 80 bc 56 00 be 03 00 24 b3 00 00 89 02 
02 00 00 00 01 00 00 00 00 16 80 bc 56 00 bf 03 00 24 b3 00 00 1a 04 01 00 00 00 01 00 00 00 00 
16 80 bc 56 00 c0 03 00 24 b3 00 00 b4 00 21 00 00 00 01 00 00 00 00 16 80 bc 56 00 c1 03 00 24 
b3 00 00 09 04 21 00 00 00 01 00 00 00 00 16 80 bc 56 00 c2 03 00 24 b3 00 00 15 04 02 00 00 00 
01 00 00 00 00 16 80 bc 56 00 c3 03 00 24 b3 00 00 b5 00 21 00 00 00 01 00 00 00 00 16 80 bc 56 
00 02 04 00 24 b3 00 00 89 02 02 00 00 00 00 00 00 00 00 16 80 bc 56 00 03 04 00 24 b3 00 00 1a 
04 01 00 00 00 00 00 00 00 00 16 80 bc 56 00 04 04 00 24 b3 00 00 b4 00 21 00 00 00 00 00 00 00 
00 16 80 bc 56 00 05 04 00 24 b3 00 00 09 04 21 00 00 00 00 00 00 00 00 
.........V......................V......................V......................V.................
.....V......................V......................V......................V.....................
.V........#.............V........!.............V......................V......................V..
....................V......................V........#.............V........!.............V......
................V......................V......................V......................V....$.....
............V....$.................V....$.....!...........V....$.....!...........V....$.........
........V....$.....!...........V....$.................V....$.................V....$.....!.......
....V....$.....!........

GAME->Client [12:43:33 07/15/09] packet size: 696 CRYPTED, Flags: 1f ServerSeq: 7 ClientSeq: 5
02 04 01 00 22 1e 16 80 bc 56 00 06 04 00 24 b3 00 00 15 04 02 00 00 00 00 00 00 00 00 16 80 bc 
56 00 07 04 00 24 b3 00 00 b5 00 21 00 00 00 00 00 00 00 00 16 80 bc 56 00 c4 03 00 95 a7 00 00 
b4 00 12 00 00 00 01 00 00 00 00 16 80 bc 56 00 c5 03 00 95 a7 00 00 b5 00 12 00 00 00 01 00 00 
00 00 16 80 bc 56 00 c6 03 00 95 a7 00 00 09 04 12 00 00 00 01 00 00 00 00 16 80 bc 56 00 c7 03 
00 95 a7 00 00 70 00 0f 00 00 00 01 00 00 00 00 16 80 bc 56 00 08 04 00 95 a7 00 00 b4 00 12 00 
00 00 00 00 00 00 00 16 80 bc 56 00 09 04 00 95 a7 00 00 b5 00 12 00 00 00 00 00 00 00 00 16 80 
bc 56 00 0a 04 00 95 a7 00 00 09 04 12 00 00 00 00 00 00 00 00 16 80 bc 56 00 0b 04 00 95 a7 00 
00 70 00 0f 00 00 00 00 00 00 00 00 16 80 bc 56 00 c8 03 00 2c b3 00 00 17 04 01 00 00 00 01 00 
00 00 00 16 80 bc 56 00 c9 03 00 2c b3 00 00 b4 00 21 00 00 00 01 00 00 00 00 16 80 bc 56 00 ca 
03 00 2c b3 00 00 09 04 21 00 00 00 01 00 00 00 00 16 80 bc 56 00 cb 03 00 2c b3 00 00 12 04 02 
00 00 00 01 00 00 00 00 16 80 bc 56 00 cc 03 00 2c b3 00 00 07 04 02 00 00 00 01 00 00 00 00 16 
80 bc 56 00 cd 03 00 2c b3 00 00 b5 00 21 00 00 00 01 00 00 00 00 16 80 bc 56 00 0c 04 00 2c b3 
00 00 17 04 01 00 00 00 00 00 00 00 00 16 80 bc 56 00 0d 04 00 2c b3 00 00 b4 00 21 00 00 00 00 
00 00 00 00 16 80 bc 56 00 0e 04 00 2c b3 00 00 09 04 21 00 00 00 00 00 00 00 00 16 80 bc 56 00 
0f 04 00 2c b3 00 00 12 04 02 00 00 00 00 00 00 00 00 16 80 bc 56 00 10 04 00 2c b3 00 00 07 04 
02 00 00 00 00 00 00 00 00 16 80 bc 56 00 11 04 00 2c b3 00 00 b5 00 21 00 00 00 00 00 00 00 00 
16 80 bc 56 00 ce 03 00 c3 b2 00 00 89 02 02 00 00 00 01 00 00 00 00 16 80 bc 56 00 cf 03 00 c3 
b2 00 00 21 04 02 00 00 00 01 00 00 00 00 16 80 bc 56 00 d0 03 00 c3 b2 00 00 b4 00 1f 00 00 00 
01 00 00 00 00 16 80 bc 56 00 d1 03 00 c3 b2 00 00 09 04 1f 00 00 00 01 00 00 00 00 16 80 bc 56 
00 d2 03 00 c3 b2 00 00 1e 04 01 00 00 00 01 00 00 00 00 16 80 bc 56 00 d3 03 00 c3 b2 00 00 9d 
00 1f 00 00 00 01 00 00 00 00 16 80 bc 56 00 12 04 00 c3 b2 00 00 89 02 02 00 00 00 00 00 00 00 
00 16 80 bc 56 00 13 04 00 c3 b2 00 00 21 04 02 00 00 00 00 00 00 00 00 
...."....V....$.................V....$.....!...........V......................V.................
.....V......................V........p.............V......................V.....................
.V......................V........p.............V....,.................V....,.....!...........V..
..,.....!...........V....,.................V....,.................V....,.....!...........V....,.
................V....,.....!...........V....,.....!...........V....,.................V....,.....
............V....,.....!...........V......................V........!.............V..............
........V......................V......................V......................V..................
....V........!..........

Client->GAME [12:43:33 07/15/09] packet size: 1 CRYPTED, Flags: 5f ServerSeq: 7 ClientSeq: 6
02 
.

GAME->Client [12:43:33 07/15/09] packet size: 700 CRYPTED, Flags: 1f ServerSeq: 8 ClientSeq: 5
02 04 02 00 40 03 16 80 bc 56 00 14 04 00 c3 b2 00 00 b4 00 1f 00 00 00 00 00 00 00 00 16 80 bc 
56 00 15 04 00 c3 b2 00 00 09 04 1f 00 00 00 00 00 00 00 00 16 80 bc 56 00 16 04 00 c3 b2 00 00 
1e 04 01 00 00 00 00 00 00 00 00 00 43 1c 16 80 bc 56 00 17 04 00 c3 b2 00 00 9d 00 1f 00 00 00 
00 00 00 00 00 16 80 bc 15 00 ef 03 00 11 00 00 00 ab 00 0d 00 00 00 01 00 00 00 00 16 80 bc 15 
00 f0 03 00 11 00 00 00 0a 02 4d 00 00 00 01 00 00 00 00 16 80 bc 15 00 f1 03 00 11 00 00 00 f2 
03 34 00 00 00 01 00 00 00 00 16 80 bc 15 00 f2 03 00 11 00 00 00 ed 03 4d 00 00 00 01 00 00 00 
00 16 80 bc 15 00 f3 03 00 11 00 00 00 9f 00 19 00 00 00 01 00 00 00 00 16 80 bc 15 00 f4 03 00 
11 00 00 00 f1 03 34 00 00 00 01 00 00 00 00 16 80 bc 15 00 f5 03 00 11 00 00 00 0c 02 34 00 00 
00 01 00 00 00 00 16 80 bc 15 00 f6 03 00 11 00 00 00 b7 00 4d 00 00 00 01 00 00 00 00 16 80 bc 
15 00 f7 03 00 11 00 00 00 f3 03 46 00 00 00 01 00 00 00 00 0b 80 bd 05 11 00 00 00 00 00 00 00 
16 80 bc 15 00 18 04 00 11 00 00 00 ab 00 0d 00 00 00 00 00 00 00 00 16 80 bc 15 00 19 04 00 11 
00 00 00 0a 02 4d 00 00 00 00 00 00 00 00 16 80 bc 15 00 1a 04 00 11 00 00 00 f2 03 34 00 00 00 
00 00 00 00 00 16 80 bc 15 00 1b 04 00 11 00 00 00 ed 03 4d 00 00 00 00 00 00 00 00 16 80 bc 15 
00 1c 04 00 11 00 00 00 9f 00 19 00 00 00 00 00 00 00 00 16 80 bc 15 00 1d 04 00 11 00 00 00 f1 
03 34 00 00 00 00 00 00 00 00 16 80 bc 15 00 1e 04 00 11 00 00 00 0c 02 34 00 00 00 00 00 00 00 
00 16 80 bc 15 00 1f 04 00 11 00 00 00 b7 00 4d 00 00 00 00 00 00 00 00 16 80 bc 15 00 20 04 00 
11 00 00 00 f3 03 46 00 00 00 00 00 00 00 00 0b 80 bd 05 11 00 00 00 00 00 00 01 16 80 bc 15 00 
18 04 00 11 00 00 00 ab 00 0d 00 00 00 01 00 00 00 00 16 80 bc 15 00 19 04 00 11 00 00 00 0a 02 
4d 00 00 00 01 00 00 00 00 16 80 bc 15 00 1a 04 00 11 00 00 00 f2 03 34 00 00 00 01 00 00 00 00 
16 80 bc 15 00 1b 04 00 11 00 00 00 ed 03 4d 00 00 00 01 00 00 00 00 16 80 bc 15 00 1c 04 00 11 
00 00 00 9f 00 19 00 00 00 01 00 00 00 00 16 80 bc 15 00 1d 04 00 11 00 00 00 f1 03 34 00 00 00 
01 00 00 00 00 16 80 bc 15 00 1e 04 00 11 00 00 00 0c 02 34 00 00 00 01 00 00 00 00 
....@....V......................V......................V....................C....V..............
..........................................M......................4......................M.......
......................................4......................4......................M...........
...........F.........................................................M......................4...
...................M.............................................4......................4.......
...............M............. ........F.........................................................
M......................4......................M.............................................4...
...................4........

Client->GAME [12:43:33 07/15/09] packet size: 1 CRYPTED, Flags: 3f ServerSeq: 8 ClientSeq: 7
02 
.

GAME->Client [12:43:33 07/15/09] packet size: 701 CRYPTED, Flags: 3f ServerSeq: 9 ClientSeq: 6
02 04 01 00 5f 21 16 80 bc 15 00 1f 04 00 11 00 00 00 b7 00 4d 00 00 00 01 00 00 00 00 16 80 bc 
15 00 20 04 00 11 00 00 00 f3 03 46 00 00 00 01 00 00 00 00 04 80 b3 11 00 16 80 bc 45 03 11 00 
00 02 00 00 00 11 00 32 00 00 00 01 00 00 00 00 16 80 bc 55 00 d4 03 00 02 00 00 00 cc 00 0c 00 
00 00 01 00 00 00 00 08 80 b2 11 00 32 00 08 02 16 80 bc 45 03 11 00 00 02 00 00 00 11 00 32 00 
00 00 00 00 00 00 00 16 80 bc 55 00 21 04 00 02 00 00 00 cc 00 0c 00 00 00 00 00 00 00 00 16 80 
bc 15 00 22 04 00 11 00 00 00 ab 00 0d 00 00 00 00 00 00 00 00 16 80 bc 15 00 23 04 00 11 00 00 
00 0a 02 4d 00 00 00 00 00 00 00 00 16 80 bc 15 00 24 04 00 11 00 00 00 f2 03 34 00 00 00 00 00 
00 00 00 16 80 bc 15 00 25 04 00 11 00 00 00 ed 03 4d 00 00 00 00 00 00 00 00 16 80 bc 15 00 26 
04 00 11 00 00 00 9f 00 19 00 00 00 00 00 00 00 00 16 80 bc 15 00 27 04 00 11 00 00 00 f1 03 34 
00 00 00 00 00 00 00 00 16 80 bc 15 00 28 04 00 11 00 00 00 0c 02 34 00 00 00 00 00 00 00 00 16 
80 bc 15 00 29 04 00 11 00 00 00 b7 00 4d 00 00 00 00 00 00 00 00 16 80 bc 15 00 2a 04 00 11 00 
00 00 f3 03 46 00 00 00 00 00 00 00 00 16 80 bc 55 00 d5 03 00 0b 00 00 00 37 02 96 00 00 00 01 
00 00 00 00 16 80 bc 55 00 2b 04 00 0b 00 00 00 37 02 96 00 00 00 00 00 00 00 00 16 80 bc 55 00 
d6 03 00 2d 00 00 00 23 04 0a 00 00 00 01 00 00 00 00 16 80 bc 55 00 d7 03 00 2d 00 00 00 20 04 
0a 00 00 00 01 00 00 00 00 16 80 bc 55 00 d8 03 00 2d 00 00 00 19 04 05 00 00 00 01 00 00 00 00 
16 80 bc 55 00 d9 03 00 2d 00 00 00 42 04 05 00 00 00 01 00 00 00 00 16 80 bc 55 00 2c 04 00 2d 
00 00 00 23 04 0a 00 00 00 00 00 00 00 00 16 80 bc 55 00 2d 04 00 2d 00 00 00 20 04 0a 00 00 00 
00 00 00 00 00 16 80 bc 55 00 2e 04 00 2d 00 00 00 19 04 05 00 00 00 00 00 00 00 00 16 80 bc 55 
00 2f 04 00 2d 00 00 00 42 04 05 00 00 00 00 00 00 00 00 16 80 bc 55 00 da 03 00 34 00 00 00 83 
02 c8 00 00 00 01 00 00 00 00 16 80 bc 55 00 30 04 00 34 00 00 00 83 02 c8 00 00 00 00 00 00 00 
00 04 80 b3 3d 04 16 80 bc 45 03 3d 04 00 43 00 00 00 3d 04 00 00 00 00 01 00 00 00 00 08 80 b2 
3d 04 00 00 08 02 16 80 bc 45 03 3d 04 00 43 00 00 00 3d 04 00 00 00 00 00 00 00 00 00 
...._!..............M............. ........F................E..........2...........U............
............2......E..........2...........U.!......................"......................#.....
...M.............$........4.............%........M.............&......................'........4
.............(........4.............)........M.............*........F...........U........7......
.......U.+......7.............U....-...#.............U....-... .............U....-..............
...U....-...B.............U.,..-...#.............U.-..-... .............U....-.................U
./..-...B.............U....4.................U.0..4.................=....E.=..C...=.............
=........E.=..C...=..........

Client->GAME [12:43:33 07/15/09] packet size: 1 CRYPTED, Flags: 7f ServerSeq: 9 ClientSeq: 8
02 
.

GAME->Client [12:43:33 07/15/09] packet size: 695 CRYPTED, Flags: 7f ServerSeq: 10 ClientSeq: 7
02 04 02 00 80 06 16 80 bc 55 00 db 03 00 4b 00 00 00 1f 04 19 00 00 00 01 00 00 00 00 16 80 bc 
55 00 31 04 00 4b 00 00 00 1f 04 19 00 00 00 00 00 00 00 00 16 80 bc 55 00 dc 03 00 5f 00 00 00 
7c 04 0f 00 00 00 01 00 00 00 00 16 80 bc 55 00 dd 03 00 5f 00 00 00 07 04 0f 00 00 00 01 00 00 
00 00 16 80 bc 55 00 32 04 00 5f 00 00 00 7c 04 0f 00 00 00 00 00 00 00 00 16 80 bc 55 00 33 04 
00 5f 00 00 00 07 04 0f 00 00 00 00 00 00 00 00 00 86 1c 16 80 bc 55 00 de 03 00 62 00 00 00 06 
04 01 00 00 00 01 00 00 00 00 04 80 b3 35 04 16 80 bc 45 03 35 04 00 62 00 00 00 35 04 00 00 00 
00 01 00 00 00 00 16 80 bc 55 00 df 03 00 62 00 00 00 15 04 01 00 00 00 01 00 00 00 00 16 80 bc 
55 00 34 04 00 62 00 00 00 06 04 01 00 00 00 00 00 00 00 00 08 80 b2 35 04 00 00 08 02 16 80 bc 
45 03 35 04 00 62 00 00 00 35 04 00 00 00 00 00 00 00 00 00 16 80 bc 55 00 35 04 00 62 00 00 00 
15 04 01 00 00 00 00 00 00 00 00 04 80 b3 3e 04 16 80 bc 45 03 3e 04 00 4f 01 00 00 3e 04 00 00 
00 00 01 00 00 00 00 08 80 b2 3e 04 00 00 08 02 16 80 bc 45 03 3e 04 00 4f 01 00 00 3e 04 00 00 
00 00 00 00 00 00 00 16 80 bc 55 00 e0 03 00 5a 01 00 00 07 04 05 00 00 00 01 00 00 00 00 16 80 
bc 55 00 e1 03 00 5a 01 00 00 1d 04 0f 00 00 00 01 00 00 00 00 16 80 bc 55 00 36 04 00 5a 01 00 
00 07 04 05 00 00 00 00 00 00 00 00 16 80 bc 55 00 37 04 00 5a 01 00 00 1d 04 0f 00 00 00 00 00 
00 00 00 04 80 b3 3f 04 16 80 bc 45 03 3f 04 00 64 01 00 00 3f 04 00 00 00 00 01 00 00 00 00 16 
80 bc 55 00 e2 03 00 64 01 00 00 1f 04 05 00 00 00 01 00 00 00 00 08 80 b2 3f 04 00 00 08 02 16 
80 bc 45 03 3f 04 00 64 01 00 00 3f 04 00 00 00 00 00 00 00 00 00 16 80 bc 55 00 38 04 00 64 01 
00 00 1f 04 05 00 00 00 00 00 00 00 00 16 80 bc 55 00 e3 03 00 66 01 00 00 7b 04 05 00 00 00 01 
00 00 00 00 16 80 bc 55 00 e4 03 00 66 01 00 00 12 04 0a 00 00 00 01 00 00 00 00 16 80 bc 55 00 
e5 03 00 66 01 00 00 06 04 0b 00 00 00 01 00 00 00 00 16 80 bc 55 00 39 04 00 66 01 00 00 7b 04 
05 00 00 00 00 00 00 00 00 16 80 bc 55 00 3a 04 00 66 01 00 00 12 04 0a 00 00 00 00 00 00 00 00 
16 80 bc 55 00 3b 04 00 66 01 00 00 06 04 0b 00 00 00 00 00 00 00 00 
.........U....K.................U.1..K.................U...._...|.............U...._............
.....U.2.._...|.............U.3.._....................U....b.................5....E.5..b...5....
.........U....b.................U.4..b.................5........E.5..b...5.............U.5..b...
..............>....E.>..O...>.............>........E.>..O...>.............U....Z................
.U....Z.................U.6..Z.................U.7..Z.................?....E.?..d...?...........
..U....d.................?........E.?..d...?.............U.8..d.................U....f...{......
.......U....f.................U....f.................U.9..f...{.............U.:..f..............
...U.;..f..............

Client->GAME [12:43:34 07/15/09] packet size: 1 CRYPTED, Flags: 7f ServerSeq: 10 ClientSeq: 9
02 
.

GAME->Client [12:43:34 07/15/09] packet size: 732 CRYPTED, Flags: 7f ServerSeq: 11 ClientSeq: 8
02 03 01 00 0c 57 02 46 cd ab 13 8e 50 68 6f 65 6e 69 78 20 43 6f 6e 66 6c 61 67 72 61 74 69 6f 
6e 00 00 00 00 00 00 00 00 00 00 00 00 10 00 00 22 d4 65 70 1c 00 c6 01 80 d1 e6 09 00 58 0a 00 
00 00 c2 64 e2 f4 40 00 00 00 00 00 44 91 c0 00 00 00 40 b9 23 a5 c0 c0 01 83 01 02 a8 0f 7d 02 
b2 09 7d 02 07 08 00 00 81 ef 1a 00 00 02 03 15 00 00 01 00 0c 57 02 47 cd ab 11 8e 50 68 6f 65 
6e 69 78 20 49 6e 69 74 69 61 74 65 00 00 00 00 00 00 00 00 00 00 00 00 00 00 00 00 00 10 00 00 
22 d4 87 67 1c 00 c6 01 80 c1 e5 09 00 58 00 00 00 70 78 c4 f2 40 00 00 00 00 00 6c 91 c0 00 00 
00 20 7a 7d 9c 40 c0 01 82 03 a8 0b 45 01 b2 09 45 01 07 08 00 00 81 b5 02 00 00 02 02 13 00 00 
01 00 0c 57 02 48 cd ab 11 8e 50 68 6f 65 6e 69 78 20 41 73 68 00 00 00 00 00 00 00 00 00 00 00 
00 00 00 00 00 00 00 00 00 00 00 10 00 00 22 d4 20 68 1c 00 c6 01 80 c1 e6 09 00 58 00 00 00 3c 
ec 11 f2 40 00 00 00 00 00 44 91 c0 00 00 00 60 a9 8f b6 40 c0 01 82 02 a8 0b e7 01 b2 09 e7 01 
07 08 00 00 81 b5 02 00 00 02 02 11 00 00 01 00 0c 57 02 49 cd ab 11 8e 50 68 6f 65 6e 69 78 20 
41 73 68 00 00 00 00 00 00 00 00 00 00 00 00 00 00 00 00 00 00 00 00 00 00 10 00 00 22 d4 98 68 
1c 00 c6 01 80 c1 e6 09 00 58 00 00 00 d0 73 ce f2 40 00 00 00 00 00 6c 91 c0 00 00 00 80 53 f8 
9d 40 c0 01 82 02 a8 0b e7 01 b2 09 e7 01 07 08 00 00 81 b5 02 00 00 02 02 0f 00 00 00 00 04 01 
00 a2 0d 16 80 bc 55 00 e6 03 00 8e 01 00 00 03 04 05 00 00 00 01 00 00 00 00 16 80 bc 55 00 e7 
03 00 8e 01 00 00 12 04 0f 00 00 00 01 00 00 00 00 16 80 bc 55 00 e8 03 00 8e 01 00 00 77 04 05 
00 00 00 01 00 00 00 00 16 80 bc 55 00 3c 04 00 8e 01 00 00 03 04 05 00 00 00 00 00 00 00 00 16 
80 bc 55 00 3d 04 00 8e 01 00 00 12 04 0f 00 00 00 00 00 00 00 00 16 80 bc 55 00 3e 04 00 8e 01 
00 00 77 04 05 00 00 00 00 00 00 00 00 16 80 bc 55 00 e9 03 00 cd 01 00 00 e5 03 05 00 00 00 01 
00 00 00 00 16 80 bc 55 00 ea 03 00 cd 01 00 00 73 04 05 00 00 00 01 00 00 00 00 16 80 bc 55 00 
eb 03 00 cd 01 00 00 e3 03 0f 00 00 00 01 00 00 00 00 16 80 bc 55 00 3f 04 00 cd 01 00 00 e5 03 
05 00 00 00 00 00 00 00 00 16 80 bc 55 00 40 04 00 cd 01 00 00 73 04 05 00 00 00 00 00 00 00 00 
16 80 bc 55 00 41 04 00 cd 01 00 00 e3 03 0f 00 00 00 00 00 00 00 00 04 80 b3 40 04 
.....W.F....Phoenix Conflagration...............".ep.........X.....d..@.....D.....@.#.........}.
..}..................W.G....Phoenix Initiate...................."..g.........X...px..@.....l....
. z}.@......E...E..................W.H....Phoenix Ash.........................". h.........X...<
...@.....D.....`...@.............................W.I....Phoenix Ash........................."..h
.........X....s..@.....l......S..@....................................U......................U..
....................U........w.............U.<....................U.=....................U.>....
..w.............U......................U........s.............U......................U.?........
............U.@......s.............U.A....................@.

Client->GAME [12:43:34 07/15/09] packet size: 1 CRYPTED, Flags: 7f ServerSeq: 11 ClientSeq: 10
02 
.

GAME->Client [12:43:34 07/15/09] packet size: 711 CRYPTED, Flags: 7f ServerSeq: 12 ClientSeq: 9
82 50 19 fb 48 03 01 00 02 13 00 13 00 02 0c 8f c4 23 96 47 00 60 8b c4 d1 eb e3 44 01 00 02 13 
00 11 00 02 0c 1a 62 8f 90 47 00 20 8a c4 4b 7d b4 45 01 00 08 50 02 b7 01 60 0a 41 cd ab 02 09 
00 00 00 00 20 72 f3 40 00 00 00 00 00 e0 90 c0 00 00 00 00 00 a8 a6 40 00 00 00 00 00 00 80 3f 
00 00 00 00 2e bd 3b b3 0d 00 00 01 00 0c 57 02 4a cd ab 13 8e 50 68 6f 65 6e 69 78 20 41 73 68 
00 00 00 00 00 00 00 00 00 00 00 00 00 00 00 00 00 00 00 00 00 00 10 00 00 22 d4 a2 68 1c 00 c6 
01 80 d1 e6 09 00 58 0a 00 00 00 fc bc ff f2 40 00 00 00 00 00 44 91 c0 00 00 00 a0 39 17 b2 40 
c0 01 83 01 02 a8 0b e7 01 b2 09 e7 01 07 08 00 00 81 b5 02 00 00 02 02 0b 00 00 01 00 08 d0 20 
02 00 30 0f 63 cd ab 08 fd 00 00 00 00 c0 ad f4 40 00 00 00 00 00 40 91 c0 00 00 00 00 00 00 a9 
c0 4b 68 6f 6f 00 00 00 00 00 00 00 00 00 00 00 00 00 00 00 00 00 00 00 00 00 00 00 00 00 00 00 
00 00 00 00 00 00 00 00 00 00 00 00 00 00 00 00 00 00 00 00 00 00 00 00 00 00 00 00 00 00 00 00 
00 02 00 00 3a 02 ab 01 00 88 01 00 03 00 00 00 00 00 a9 a8 05 3e 00 00 00 00 55 cf 7d 3f 09 00 
00 01 00 0c 57 02 4b cd ab 13 8e 50 68 6f 65 6e 69 78 20 41 73 68 00 00 00 00 00 00 00 00 00 00 
00 00 00 00 00 00 00 00 00 00 00 00 10 00 00 22 d4 b4 68 1c 00 c6 01 80 d1 e6 09 00 58 0a 00 00 
00 04 0b e0 f2 40 00 00 00 00 00 44 91 c0 00 00 00 c0 b1 29 b0 40 c0 01 83 01 02 a8 0b e7 01 b2 
09 e7 01 07 08 00 00 81 b5 02 00 00 02 02 07 00 00 00 00 04 01 00 af 0b 16 80 bc 45 03 40 04 00 
d5 01 00 00 40 04 00 00 00 00 01 00 00 00 00 16 80 bc 55 00 ec 03 00 d5 01 00 00 e3 03 05 00 00 
00 01 00 00 00 00 08 80 b2 40 04 00 00 08 02 16 80 bc 45 03 40 04 00 d5 01 00 00 40 04 00 00 00 
00 00 00 00 00 00 16 80 bc 55 00 42 04 00 d5 01 00 00 e3 03 05 00 00 00 00 00 00 00 00 16 80 bc 
55 00 ed 03 00 36 02 00 00 37 02 0a 00 00 00 01 00 00 00 00 16 80 bc 55 00 43 04 00 36 02 00 00 
37 02 0a 00 00 00 00 00 00 00 00 16 80 bc 55 00 ee 03 00 74 02 00 00 34 02 1e 00 00 00 01 00 00 
00 00 16 80 bc 55 00 44 04 00 74 02 00 00 34 02 1e 00 00 00 00 00 00 00 00 16 80 bc 15 00 22 04 
00 11 00 00 00 ab 00 0d 00 00 00 01 00 00 00 00 16 80 bc 15 00 23 04 00 11 00 00 00 0a 02 4d 00 
00 00 01 00 00 00 00 
.P..H............#.G.`.....D..........b..G. ..K}.E...P...`.A........ r.@...............@.......?
......;.......W.J....Phoenix Ash........................."..h.........X........@.....D......9..@
............................... ..0.c...........@.....@..........Khoo...........................
....................................:................>....U.}?......W.K....Phoenix Ash..........
..............."..h.........X........@.....D.......).@.....................................E.@..
....@.............U......................@........E.@......@.............U.B....................
U....6...7.............U.C..6...7.............U....t...4.............U.D..t...4...............".
.....................#........M........

Client->GAME [12:43:34 07/15/09] packet size: 1 CRYPTED, Flags: 7f ServerSeq: 12 ClientSeq: 11
02 
.

GAME->Client [12:43:34 07/15/09] packet size: 712 CRYPTED, Flags: 7f ServerSeq: 13 ClientSeq: 10
02 03 01 00 02 14 00 07 00 02 0e 00 b2 00 fb 96 47 00 20 8a c4 50 31 81 45 01 00 0c 57 02 4c cd 
ab 11 8e 50 68 6f 65 6e 69 78 20 49 6e 69 74 69 61 74 65 00 00 00 00 00 00 00 00 00 00 00 00 00 
00 00 00 00 10 00 00 22 d4 70 67 1c 00 c6 01 80 c1 e5 09 00 58 00 00 00 f4 29 aa f2 40 00 00 00 
00 00 6c 91 c0 00 00 00 00 4f e0 a3 40 c0 01 82 03 a8 0b 45 01 b2 09 45 01 07 08 00 00 81 b5 02 
00 00 02 02 05 00 00 01 00 08 7d 9a 01 00 30 0f 05 cd ab 02 03 00 00 00 00 f1 83 84 be 00 00 00 
00 ea 46 77 3f 00 00 00 00 40 d3 f4 40 00 00 00 e0 2d 3f 91 c0 00 00 00 00 00 00 a9 c0 03 00 00 
00 00 04 02 00 ba 12 16 80 bc 15 00 24 04 00 11 00 00 00 f2 03 34 00 00 00 01 00 00 00 00 16 80 
bc 15 00 25 04 00 11 00 00 00 ed 03 4d 00 00 00 01 00 00 00 00 16 80 bc 15 00 26 04 00 11 00 00 
00 9f 00 19 00 00 00 01 00 00 00 00 16 80 bc 15 00 27 04 00 11 00 00 00 f1 03 34 00 00 00 01 00 
00 00 00 16 80 bc 15 00 28 04 00 11 00 00 00 0c 02 34 00 00 00 01 00 00 00 00 16 80 bc 15 00 29 
04 00 11 00 00 00 b7 00 4d 00 00 00 01 00 00 00 00 16 80 bc 15 00 2a 04 00 11 00 00 00 f3 03 46 
00 00 00 01 00 00 00 00 0b 80 bd 05 11 00 00 00 00 00 00 00 16 80 bc 15 00 45 04 00 11 00 00 00 
ab 00 0d 00 00 00 00 00 00 00 00 16 80 bc 15 00 46 04 00 11 00 00 00 0a 02 4d 00 00 00 00 00 00 
00 00 16 80 bc 15 00 47 04 00 11 00 00 00 f2 03 34 00 00 00 00 00 00 00 00 16 80 bc 15 00 48 04 
00 11 00 00 00 ed 03 4d 00 00 00 00 00 00 00 00 16 80 bc 15 00 49 04 00 11 00 00 00 9f 00 19 00 
00 00 00 00 00 00 00 16 80 bc 15 00 4a 04 00 11 00 00 00 f1 03 34 00 00 00 00 00 00 00 00 16 80 
bc 15 00 4b 04 00 11 00 00 00 0c 02 34 00 00 00 00 00 00 00 00 16 80 bc 15 00 4c 04 00 11 00 00 
00 b7 00 4d 00 00 00 00 00 00 00 00 16 80 bc 15 00 4d 04 00 11 00 00 00 f3 03 46 00 00 00 00 00 
00 00 00 0b 80 bd 05 11 00 00 00 00 00 00 01 00 cc 03 17 3a 05 00 11 00 0a 00 50 76 50 53 65 72 
76 65 72 00 04 00 06 00 00 00 1d 3a 05 00 17 00 10 00 50 76 50 4d 61 78 53 61 66 65 4c 65 76 65 
6c 00 04 00 0f 00 00 00 3f 3a 05 00 14 00 0d 00 57 52 5f 52 65 7a 45 76 65 6e 74 73 00 29 00 48 
61 6c 6c 6f 77 65 65 6e 5f 45 76 65 6e 74 2c 57 69 6e 74 65 72 33 50 6c 75 73 48 61 6c 6c 6f 77 
65 65 6e 54 53 45 43 00 
................G. ..P1.E...W.L....Phoenix Initiate....................".pg.........X....)..@...
..l......O..@......E...E..................}...0...................Fw?....@..@....-?.............
............$........4.............%........M.............&......................'........4.....
........(........4.............)........M.............*........F.........................E......
................F........M.............G........4.............H........M.............I..........
............J........4.............K........4.............L........M.............M........F.....
...................:......PvPServer........:......PvPMaxSafeLevel.......?:......WR_RezEvents.).H
alloween_Event,Winter3PlusHalloweenTSEC.

Client->GAME [12:43:34 07/15/09] packet size: 1 CRYPTED, Flags: 7f ServerSeq: 13 ClientSeq: 12
02 
.

GAME->Client [12:43:34 07/15/09] packet size: 695 CRYPTED, Flags: 7f ServerSeq: 14 ClientSeq: 11
02 03 07 00 02 0e 00 b2 00 fb 96 47 00 20 8a c4 50 31 81 45 00 00 04 01 00 cf 1b 1b 3a 05 00 19 
00 12 00 45 76 65 6e 74 53 6c 6f 74 31 5f 45 66 66 65 63 74 00 00 00 28 3a 05 00 19 00 12 00 45 
76 65 6e 74 53 6c 6f 74 32 5f 45 66 66 65 63 74 00 0d 00 66 6c 79 6d 61 6e 5f 69 64 6c 65 33 00 
25 3a 05 00 19 00 12 00 45 76 65 6e 74 53 6c 6f 74 33 5f 45 66 66 65 63 74 00 0a 00 66 6c 79 5f 
76 69 72 75 73 00 1f 3a 05 00 1b 00 14 00 46 69 78 65 64 42 69 6e 6b 49 44 4f 76 65 72 72 69 64 
65 00 02 00 20 00 16 80 bc 15 00 ad 03 00 f7 03 00 00 08 02 00 00 00 00 00 00 00 00 00 16 80 bc 
15 00 ae 03 00 f7 03 00 00 07 02 ec ff ff ff 00 00 00 00 00 16 80 bc 15 00 af 03 00 f7 03 00 00 
50 04 00 00 00 00 00 00 00 00 00 16 80 bc 15 00 b0 03 00 f7 03 00 00 f4 03 00 00 00 00 00 00 00 
00 00 16 80 bc 15 00 b1 03 00 f7 03 00 00 51 04 f6 ff ff ff 00 00 00 00 00 16 80 bc 15 00 b2 03 
00 f7 03 00 00 52 04 0f 00 00 00 00 00 00 00 00 16 80 bc 11 00 b3 03 00 00 00 00 00 cb 02 00 00 
00 00 00 00 00 00 00 16 80 bc 56 00 f8 03 00 0a 95 00 00 06 04 02 00 00 00 00 00 00 00 00 16 80 
bc 56 00 f9 03 00 0a 95 00 00 b4 00 11 00 00 00 00 00 00 00 00 16 80 bc 56 00 fa 03 00 0a 95 00 
00 b5 00 11 00 00 00 00 00 00 00 00 16 80 bc 56 00 fb 03 00 0a 95 00 00 07 04 02 00 00 00 00 00 
00 00 00 16 80 bc 56 00 fc 03 00 8a b2 00 00 23 04 02 00 00 00 00 00 00 00 00 16 80 bc 56 00 fd 
03 00 8a b2 00 00 21 04 01 00 00 00 00 00 00 00 00 16 80 bc 56 00 fe 03 00 8a b2 00 00 b4 00 1d 
00 00 00 00 00 00 00 00 16 80 bc 56 00 ff 03 00 8a b2 00 00 09 04 1d 00 00 00 00 00 00 00 00 16 
80 bc 56 00 00 04 00 8a b2 00 00 9d 00 1d 00 00 00 00 00 00 00 00 16 80 bc 56 00 01 04 00 8a b2 
00 00 06 04 01 00 00 00 00 00 00 00 00 16 80 bc 56 00 02 04 00 24 b3 00 00 89 02 02 00 00 00 00 
00 00 00 00 16 80 bc 56 00 03 04 00 24 b3 00 00 1a 04 01 00 00 00 00 00 00 00 00 16 80 bc 56 00 
04 04 00 24 b3 00 00 b4 00 21 00 00 00 00 00 00 00 00 16 80 bc 56 00 05 04 00 24 b3 00 00 09 04 
21 00 00 00 00 00 00 00 00 16 80 bc 56 00 06 04 00 24 b3 00 00 15 04 02 00 00 00 00 00 00 00 00 
16 80 bc 56 00 07 04 00 24 b3 00 00 b5 00 21 00 00 00 00 00 00 00 00 
...........G. ..P1.E........:......EventSlot1_Effect...(:......EventSlot2_Effect...flyman_idle3.
%:......EventSlot3_Effect...fly_virus..:......FixedBinkIDOverride... ...........................
................................P.............................................Q.................
.....R....................................V......................V......................V.......
...............V......................V........#.............V........!.............V...........
...........V......................V......................V......................V....$..........
.......V....$.................V....$.....!...........V....$.....!...........V....$..............
...V....$.....!........

Client->GAME [12:43:34 07/15/09] packet size: 1 CRYPTED, Flags: 7f ServerSeq: 14 ClientSeq: 13
02 
.

GAME->Client [12:43:34 07/15/09] packet size: 715 CRYPTED, Flags: 7f ServerSeq: 15 ClientSeq: 12
02 03 0b 00 04 80 80 80 80 c0 4c 0a 00 28 01 01 07 00 06 27 00 40 00 00 00 10 00 00 00 b2 80 80 
80 80 c0 4c 0a 00 28 01 01 00 00 04 01 00 ea 1d 16 80 bc 56 00 08 04 00 95 a7 00 00 b4 00 12 00 
00 00 00 00 00 00 00 16 80 bc 56 00 09 04 00 95 a7 00 00 b5 00 12 00 00 00 00 00 00 00 00 16 80 
bc 56 00 0a 04 00 95 a7 00 00 09 04 12 00 00 00 00 00 00 00 00 16 80 bc 56 00 0b 04 00 95 a7 00 
00 70 00 0f 00 00 00 00 00 00 00 00 16 80 bc 56 00 0c 04 00 2c b3 00 00 17 04 01 00 00 00 00 00 
00 00 00 16 80 bc 56 00 0d 04 00 2c b3 00 00 b4 00 21 00 00 00 00 00 00 00 00 16 80 bc 56 00 0e 
04 00 2c b3 00 00 09 04 21 00 00 00 00 00 00 00 00 16 80 bc 56 00 0f 04 00 2c b3 00 00 12 04 02 
00 00 00 00 00 00 00 00 16 80 bc 56 00 10 04 00 2c b3 00 00 07 04 02 00 00 00 00 00 00 00 00 16 
80 bc 56 00 11 04 00 2c b3 00 00 b5 00 21 00 00 00 00 00 00 00 00 16 80 bc 56 00 12 04 00 c3 b2 
00 00 89 02 02 00 00 00 00 00 00 00 00 16 80 bc 56 00 13 04 00 c3 b2 00 00 21 04 02 00 00 00 00 
00 00 00 00 16 80 bc 56 00 14 04 00 c3 b2 00 00 b4 00 1f 00 00 00 00 00 00 00 00 16 80 bc 56 00 
15 04 00 c3 b2 00 00 09 04 1f 00 00 00 00 00 00 00 00 16 80 bc 56 00 16 04 00 c3 b2 00 00 1e 04 
01 00 00 00 00 00 00 00 00 16 80 bc 56 00 17 04 00 c3 b2 00 00 9d 00 1f 00 00 00 00 00 00 00 00 
16 80 bc 55 00 21 04 00 02 00 00 00 cc 00 0c 00 00 00 00 00 00 00 00 16 80 bc 55 00 2b 04 00 0b 
00 00 00 37 02 96 00 00 00 00 00 00 00 00 16 80 bc 55 00 2c 04 00 2d 00 00 00 23 04 0a 00 00 00 
00 00 00 00 00 16 80 bc 55 00 2d 04 00 2d 00 00 00 20 04 0a 00 00 00 00 00 00 00 00 16 80 bc 55 
00 2e 04 00 2d 00 00 00 19 04 05 00 00 00 00 00 00 00 00 16 80 bc 55 00 2f 04 00 2d 00 00 00 42 
04 05 00 00 00 00 00 00 00 00 16 80 bc 55 00 30 04 00 34 00 00 00 83 02 c8 00 00 00 00 00 00 00 
00 16 80 bc 55 00 31 04 00 4b 00 00 00 1f 04 19 00 00 00 00 00 00 00 00 16 80 bc 55 00 32 04 00 
5f 00 00 00 7c 04 0f 00 00 00 00 00 00 00 00 16 80 bc 55 00 33 04 00 5f 00 00 00 07 04 0f 00 00 
00 00 00 00 00 00 16 80 bc 55 00 34 04 00 62 00 00 00 06 04 01 00 00 00 00 00 00 00 00 16 80 bc 
55 00 35 04 00 62 00 00 00 15 04 01 00 00 00 00 00 00 00 00 16 80 bc 55 00 36 04 00 5a 01 00 00 
07 04 05 00 00 00 00 00 00 00 00 
..........L..(.....'.@.............L..(............V......................V.....................
.V......................V........p.............V....,.................V....,.....!...........V..
..,.....!...........V....,.................V....,.................V....,.....!...........V......
................V........!.............V......................V......................V..........
............V......................U.!....................U.+......7.............U.,..-...#.....
........U.-..-... .............U....-.................U./..-...B.............U.0..4.............
....U.1..K.................U.2.._...|.............U.3.._.................U.4..b.................
U.5..b.................U.6..Z..............

Client->GAME [12:43:34 07/15/09] packet size: 1 CRYPTED, Flags: 7f ServerSeq: 15 ClientSeq: 14
02 
.

GAME->Client [12:43:34 07/15/09] packet size: 712 CRYPTED, Flags: 7f ServerSeq: 16 ClientSeq: 13
02 03 15 00 02 0e 05 5b 65 2e a7 47 00 20 8a c4 b4 97 2d c5 11 00 04 80 80 80 80 c0 4c 0a 00 28 
01 01 0b 00 06 08 32 dc 97 47 00 20 8a c4 d8 dc 8e 45 ff 00 00 00 10 00 00 00 00 00 01 ff 00 00 
00 00 00 00 00 00 00 00 00 00 00 00 00 00 00 00 00 00 00 00 00 00 00 00 02 ff 00 00 00 00 00 00 
00 00 e7 01 00 00 00 00 0b 00 00 00 00 00 00 ff 00 00 00 00 00 00 00 00 00 00 00 00 00 00 00 00 
00 00 00 00 00 00 00 00 00 00 00 00 00 00 01 00 e7 01 ff 00 00 00 00 00 00 00 00 b5 02 00 00 4c 
0a 00 28 ff 01 00 00 00 00 00 00 00 00 00 00 00 e6 09 00 58 37 08 00 00 1f 07 08 00 00 00 00 00 
00 22 00 00 00 00 00 00 00 04 01 01 07 16 16 80 bc 55 00 37 04 00 5a 01 00 00 1d 04 0f 00 00 00 
00 00 00 00 00 16 80 bc 55 00 38 04 00 64 01 00 00 1f 04 05 00 00 00 00 00 00 00 00 16 80 bc 55 
00 39 04 00 66 01 00 00 7b 04 05 00 00 00 00 00 00 00 00 16 80 bc 55 00 3a 04 00 66 01 00 00 12 
04 0a 00 00 00 00 00 00 00 00 16 80 bc 55 00 3b 04 00 66 01 00 00 06 04 0b 00 00 00 00 00 00 00 
00 16 80 bc 55 00 3c 04 00 8e 01 00 00 03 04 05 00 00 00 00 00 00 00 00 16 80 bc 55 00 3d 04 00 
8e 01 00 00 12 04 0f 00 00 00 00 00 00 00 00 16 80 bc 55 00 3e 04 00 8e 01 00 00 77 04 05 00 00 
00 00 00 00 00 00 16 80 bc 55 00 3f 04 00 cd 01 00 00 e5 03 05 00 00 00 00 00 00 00 00 16 80 bc 
55 00 40 04 00 cd 01 00 00 73 04 05 00 00 00 00 00 00 00 00 16 80 bc 55 00 41 04 00 cd 01 00 00 
e3 03 0f 00 00 00 00 00 00 00 00 16 80 bc 55 00 42 04 00 d5 01 00 00 e3 03 05 00 00 00 00 00 00 
00 00 16 80 bc 55 00 43 04 00 36 02 00 00 37 02 0a 00 00 00 00 00 00 00 00 16 80 bc 55 00 44 04 
00 74 02 00 00 34 02 1e 00 00 00 00 00 00 00 00 16 80 bc 15 00 45 04 00 11 00 00 00 ab 00 0d 00 
00 00 00 00 00 00 00 16 80 bc 15 00 46 04 00 11 00 00 00 0a 02 4d 00 00 00 00 00 00 00 00 16 80 
bc 15 00 47 04 00 11 00 00 00 f2 03 34 00 00 00 00 00 00 00 00 16 80 bc 15 00 48 04 00 11 00 00 
00 ed 03 4d 00 00 00 00 00 00 00 00 16 80 bc 15 00 49 04 00 11 00 00 00 9f 00 19 00 00 00 00 00 
00 00 00 16 80 bc 15 00 4a 04 00 11 00 00 00 f1 03 34 00 00 00 00 00 00 00 00 16 80 bc 15 00 4b 
04 00 11 00 00 00 0c 02 34 00 00 00 00 00 00 00 00 16 80 bc 15 00 4c 04 00 11 00 00 00 b7 00 4d 
00 00 00 00 00 00 00 00 
.......[e..G. ....-.........L..(......2..G. .....E..............................................
...............................................................L..(................X7...........
."...............U.7..Z.................U.8..d.................U.9..f...{.............U.:..f....
.............U.;..f.................U.<....................U.=....................U.>......w....
.........U.?....................U.@......s.............U.A....................U.B...............
.....U.C..6...7.............U.D..t...4...............E......................F........M..........
...G........4.............H........M.............I......................J........4.............K
........4.............L........M........

Client->GAME [12:43:34 07/15/09] packet size: 1 CRYPTED, Flags: 7f ServerSeq: 0 ClientSeq: 15
02 
.

GAME->Client [12:43:34 07/15/09] packet size: 398 CRYPTED, Flags: 7f ServerSeq: 17 ClientSeq: 14
02 03 15 00 02 0e 00 51 65 2e a7 47 00 20 8a c4 b4 97 2d c5 00 00 04 01 01 1d 0b 16 80 bc 15 00 
4d 04 00 11 00 00 00 f3 03 46 00 00 00 00 00 00 00 00 16 80 bc 45 03 11 00 00 02 00 00 00 11 00 
32 00 00 00 00 00 00 00 00 16 80 bc 45 03 35 04 00 62 00 00 00 35 04 00 00 00 00 00 00 00 00 00 
16 80 bc 45 03 3d 04 00 43 00 00 00 3d 04 00 00 00 00 00 00 00 00 00 16 80 bc 45 03 3e 04 00 4f 
01 00 00 3e 04 00 00 00 00 00 00 00 00 00 16 80 bc 45 03 3f 04 00 64 01 00 00 3f 04 00 00 00 00 
00 00 00 00 00 16 80 bc 45 03 40 04 00 d5 01 00 00 40 04 00 00 00 00 00 00 00 00 00 0b 80 bd 05 
11 00 00 00 00 00 00 01 41 81 67 17 00 27 00 1c 22 00 c6 01 11 00 00 00 00 00 00 00 37 00 00 08 
0e 00 41 66 74 65 72 57 68 6f 72 75 4e 65 6f 00 0e 00 41 66 74 65 72 57 68 6f 72 75 4e 65 6f 00 
02 00 4d 00 00 00 00 00 00 00 41 81 67 17 00 27 00 1c 22 00 c6 01 11 00 00 00 00 00 00 00 37 00 
00 08 0e 00 41 66 74 65 72 57 68 6f 72 75 4e 65 6f 00 0e 00 41 66 74 65 72 57 68 6f 72 75 4e 65 
6f 00 02 00 4d 00 00 00 00 00 00 00 41 81 67 17 00 27 00 1c 22 00 c6 01 11 00 00 00 00 00 00 00 
37 00 00 08 0e 00 41 66 74 65 72 57 68 6f 72 75 4e 65 6f 00 0e 00 41 66 74 65 72 57 68 6f 72 75 
4e 65 6f 00 02 00 4d 00 00 00 00 00 00 00 
.......Qe..G. ....-.............M........F...........E..........2...........E.5..b...5..........
...E.=..C...=.............E.>..O...>.............E.?..d...?.............E.@......@..............
........A.g..'.."...........7.....AfterWhoruNeo...AfterWhoruNeo...M.......A.g..'.."...........7.
....AfterWhoruNeo...AfterWhoruNeo...M.......A.g..'.."...........7.....AfterWhoruNeo...AfterWhoru
Neo...M.......

Client->GAME [12:43:34 07/15/09] packet size: 1 CRYPTED, Flags: 7f ServerSeq: 1 ClientSeq: 16
02 
.

GAME->Client [12:43:34 07/15/09] packet size: 68 CRYPTED, Flags: 7f ServerSeq: 18 ClientSeq: 15
02 03 15 00 02 0e 00 47 65 2e a7 47 00 20 8a c4 b4 97 2d c5 0f 00 04 80 80 80 80 c0 4c 0a 00 28 
01 01 0b 00 02 0e 00 ab bd d3 97 47 00 20 8a c4 39 65 8e 45 05 00 04 80 80 80 80 c0 4c 0a 00 28 
01 01 00 00 
.......Ge..G. ....-.........L..(...........G. ..9e.E........L..(....

Client->GAME [12:43:34 07/15/09] packet size: 1 CRYPTED, Flags: 7f ServerSeq: 2 ClientSeq: 17
02 
.

