Client->GAME [12:47:56 07/15/09] packet size: 25 CRYPTED, Flags: 7f ServerSeq: 518 ClientSeq: 690
02 04 01 00 19 01 12 81 8e 16 00 00 00 03 00 00 00 05 00 00 00 03 00 00 00 
.........................

GAME->Client [12:47:56 07/15/09] packet size: 55 CRYPTED, Flags: 7f ServerSeq: 679 ClientSeq: 512
02 03 25 00 02 0c cf 2c 02 35 47 00 20 8a c4 cb 9d 63 c7 23 00 02 08 8a 15 3a 47 00 20 8a c4 2a 
a2 63 c7 09 00 02 0e 01 e6 b5 03 43 47 00 20 8a c4 b1 51 3e c7 00 00 
..%....,.5G. ....c.#.....:G. ..*.c.........CG. ...Q>...

Client->GAME [12:47:56 07/15/09] packet size: 1 CRYPTED, Flags: 7f ServerSeq: 519 ClientSeq: 691
02 
.

GAME->Client [12:47:56 07/15/09] packet size: 43 CRYPTED, Flags: 7f ServerSeq: 680 ClientSeq: 513
82 1a 3a fb 48 03 25 00 02 0c db 2c 02 35 47 00 20 8a c4 cb 9d 63 c7 09 00 02 0e 01 da 73 ee 42 
47 00 20 8a c4 5b 3f 3e c7 00 00 
..:.H.%....,.5G. ....c.......s.BG. ..[?>...

Client->GAME [12:47:56 07/15/09] packet size: 1 CRYPTED, Flags: 7f ServerSeq: 520 ClientSeq: 692
02 
.

GAME->Client [12:47:56 07/15/09] packet size: 696 CRYPTED, Flags: 7f ServerSeq: 681 ClientSeq: 515
02 04 01 01 29 1e 16 80 bc 15 00 4e 04 00 f7 03 00 00 08 02 00 00 00 00 01 00 00 00 00 16 80 bc 
15 00 4f 04 00 f7 03 00 00 07 02 ec ff ff ff 01 00 00 00 00 16 80 bc 15 00 50 04 00 f7 03 00 00 
50 04 00 00 00 00 01 00 00 00 00 16 80 bc 15 00 51 04 00 f7 03 00 00 f4 03 00 00 00 00 01 00 00 
00 00 16 80 bc 15 00 52 04 00 f7 03 00 00 51 04 f6 ff ff ff 01 00 00 00 00 16 80 bc 15 00 53 04 
00 f7 03 00 00 52 04 0f 00 00 00 01 00 00 00 00 16 80 bc 11 00 54 04 00 00 00 00 00 cb 02 00 00 
00 00 01 00 00 00 00 16 80 bc 56 00 99 04 00 0a 95 00 00 06 04 02 00 00 00 01 00 00 00 00 16 80 
bc 56 00 9a 04 00 0a 95 00 00 b4 00 11 00 00 00 01 00 00 00 00 16 80 bc 56 00 9b 04 00 0a 95 00 
00 b5 00 11 00 00 00 01 00 00 00 00 16 80 bc 56 00 9c 04 00 0a 95 00 00 07 04 02 00 00 00 01 00 
00 00 00 16 80 bc 56 00 9d 04 00 8a b2 00 00 23 04 02 00 00 00 01 00 00 00 00 16 80 bc 56 00 9e 
04 00 8a b2 00 00 21 04 01 00 00 00 01 00 00 00 00 16 80 bc 56 00 9f 04 00 8a b2 00 00 b4 00 1d 
00 00 00 01 00 00 00 00 16 80 bc 56 00 a0 04 00 8a b2 00 00 09 04 1d 00 00 00 01 00 00 00 00 16 
80 bc 56 00 a1 04 00 8a b2 00 00 9d 00 1d 00 00 00 01 00 00 00 00 16 80 bc 56 00 a2 04 00 8a b2 
00 00 06 04 01 00 00 00 01 00 00 00 00 16 80 bc 56 00 a3 04 00 24 b3 00 00 89 02 02 00 00 00 01 
00 00 00 00 16 80 bc 56 00 a4 04 00 24 b3 00 00 1a 04 01 00 00 00 01 00 00 00 00 16 80 bc 56 00 
a5 04 00 24 b3 00 00 b4 00 21 00 00 00 01 00 00 00 00 16 80 bc 56 00 a6 04 00 24 b3 00 00 09 04 
21 00 00 00 01 00 00 00 00 16 80 bc 56 00 a7 04 00 24 b3 00 00 15 04 02 00 00 00 01 00 00 00 00 
16 80 bc 56 00 a8 04 00 24 b3 00 00 b5 00 21 00 00 00 01 00 00 00 00 16 80 bc 56 00 a9 04 00 95 
a7 00 00 b4 00 12 00 00 00 01 00 00 00 00 16 80 bc 56 00 aa 04 00 95 a7 00 00 b5 00 12 00 00 00 
01 00 00 00 00 16 80 bc 56 00 ab 04 00 95 a7 00 00 09 04 12 00 00 00 01 00 00 00 00 16 80 bc 56 
00 ac 04 00 95 a7 00 00 70 00 0f 00 00 00 01 00 00 00 00 16 80 bc 56 00 ad 04 00 2c b3 00 00 17 
04 01 00 00 00 01 00 00 00 00 16 80 bc 56 00 ae 04 00 2c b3 00 00 b4 00 21 00 00 00 01 00 00 00 
00 16 80 bc 56 00 af 04 00 2c b3 00 00 09 04 21 00 00 00 01 00 00 00 00 
....)......N......................O......................P......P...............Q...............
.......R......Q...............S......R...............T....................V.....................
.V......................V......................V......................V........#.............V..
......!.............V......................V......................V......................V......
................V....$.................V....$.................V....$.....!...........V....$.....
!...........V....$.................V....$.....!...........V......................V..............
........V......................V........p.............V....,.................V....,.....!.......
....V....,.....!........

Client->GAME [12:47:56 07/15/09] packet size: 1 CRYPTED, Flags: 7f ServerSeq: 521 ClientSeq: 693
02 
.

GAME->Client [12:47:56 07/15/09] packet size: 696 CRYPTED, Flags: 7f ServerSeq: 682 ClientSeq: 516
02 04 01 01 47 1e 16 80 bc 56 00 b0 04 00 2c b3 00 00 12 04 02 00 00 00 01 00 00 00 00 16 80 bc 
56 00 b1 04 00 2c b3 00 00 07 04 02 00 00 00 01 00 00 00 00 16 80 bc 56 00 b2 04 00 2c b3 00 00 
b5 00 21 00 00 00 01 00 00 00 00 16 80 bc 56 00 b3 04 00 c3 b2 00 00 89 02 02 00 00 00 01 00 00 
00 00 16 80 bc 56 00 b4 04 00 c3 b2 00 00 21 04 02 00 00 00 01 00 00 00 00 16 80 bc 56 00 b5 04 
00 c3 b2 00 00 b4 00 1f 00 00 00 01 00 00 00 00 16 80 bc 56 00 b6 04 00 c3 b2 00 00 09 04 1f 00 
00 00 01 00 00 00 00 16 80 bc 56 00 b7 04 00 c3 b2 00 00 1e 04 01 00 00 00 01 00 00 00 00 16 80 
bc 56 00 b8 04 00 c3 b2 00 00 9d 00 1f 00 00 00 01 00 00 00 00 16 80 bc 55 00 c2 04 00 02 00 00 
00 cc 00 0c 00 00 00 01 00 00 00 00 16 80 bc 55 00 cc 04 00 0b 00 00 00 37 02 96 00 00 00 01 00 
00 00 00 16 80 bc 55 00 cd 04 00 2d 00 00 00 23 04 0a 00 00 00 01 00 00 00 00 16 80 bc 55 00 ce 
04 00 2d 00 00 00 20 04 0a 00 00 00 01 00 00 00 00 16 80 bc 55 00 cf 04 00 2d 00 00 00 19 04 05 
00 00 00 01 00 00 00 00 16 80 bc 55 00 d0 04 00 2d 00 00 00 42 04 05 00 00 00 01 00 00 00 00 16 
80 bc 55 00 d1 04 00 34 00 00 00 83 02 c8 00 00 00 01 00 00 00 00 16 80 bc 55 00 d2 04 00 4b 00 
00 00 1f 04 19 00 00 00 01 00 00 00 00 16 80 bc 55 00 d3 04 00 5f 00 00 00 7c 04 0f 00 00 00 01 
00 00 00 00 16 80 bc 55 00 d4 04 00 5f 00 00 00 07 04 0f 00 00 00 01 00 00 00 00 16 80 bc 55 00 
d5 04 00 62 00 00 00 06 04 01 00 00 00 01 00 00 00 00 16 80 bc 55 00 d6 04 00 62 00 00 00 15 04 
01 00 00 00 01 00 00 00 00 16 80 bc 55 00 d7 04 00 5a 01 00 00 07 04 05 00 00 00 01 00 00 00 00 
16 80 bc 55 00 d8 04 00 5a 01 00 00 1d 04 0f 00 00 00 01 00 00 00 00 16 80 bc 55 00 d9 04 00 64 
01 00 00 1f 04 05 00 00 00 01 00 00 00 00 16 80 bc 55 00 da 04 00 66 01 00 00 7b 04 05 00 00 00 
01 00 00 00 00 16 80 bc 55 00 db 04 00 66 01 00 00 12 04 0a 00 00 00 01 00 00 00 00 16 80 bc 55 
00 dc 04 00 66 01 00 00 06 04 0b 00 00 00 01 00 00 00 00 16 80 bc 55 00 dd 04 00 8e 01 00 00 03 
04 05 00 00 00 01 00 00 00 00 16 80 bc 55 00 de 04 00 8e 01 00 00 12 04 0f 00 00 00 01 00 00 00 
00 16 80 bc 55 00 df 04 00 8e 01 00 00 77 04 05 00 00 00 01 00 00 00 00 
....G....V....,.................V....,.................V....,.....!...........V.................
.....V........!.............V......................V......................V.....................
.V......................U......................U........7.............U....-...#.............U..
..-... .............U....-.................U....-...B.............U....4.................U....K.
................U...._...|.............U...._.................U....b.................U....b.....
............U....Z.................U....Z.................U....d.................U....f...{.....
........U....f.................U....f.................U......................U..................
....U........w..........

Client->GAME [12:47:56 07/15/09] packet size: 1 CRYPTED, Flags: 7f ServerSeq: 522 ClientSeq: 694
02 
.

GAME->Client [12:47:56 07/15/09] packet size: 700 CRYPTED, Flags: 7f ServerSeq: 683 ClientSeq: 517
02 04 02 01 65 03 16 80 bc 55 00 e0 04 00 cd 01 00 00 e5 03 05 00 00 00 01 00 00 00 00 16 80 bc 
55 00 e1 04 00 cd 01 00 00 73 04 05 00 00 00 01 00 00 00 00 16 80 bc 55 00 e2 04 00 cd 01 00 00 
e3 03 0f 00 00 00 01 00 00 00 00 01 68 1c 16 80 bc 55 00 e3 04 00 d5 01 00 00 e3 03 05 00 00 00 
01 00 00 00 00 16 80 bc 55 00 e4 04 00 36 02 00 00 37 02 0a 00 00 00 01 00 00 00 00 16 80 bc 55 
00 e5 04 00 74 02 00 00 34 02 1e 00 00 00 01 00 00 00 00 16 80 bc 15 00 e6 04 00 11 00 00 00 ab 
00 0d 00 00 00 01 00 00 00 00 16 80 bc 15 00 e7 04 00 11 00 00 00 0a 02 4d 00 00 00 01 00 00 00 
00 16 80 bc 15 00 e8 04 00 11 00 00 00 f2 03 34 00 00 00 01 00 00 00 00 16 80 bc 15 00 e9 04 00 
11 00 00 00 ed 03 4d 00 00 00 01 00 00 00 00 16 80 bc 15 00 ea 04 00 11 00 00 00 9f 00 19 00 00 
00 01 00 00 00 00 16 80 bc 15 00 eb 04 00 11 00 00 00 f1 03 34 00 00 00 01 00 00 00 00 16 80 bc 
15 00 ec 04 00 11 00 00 00 0c 02 34 00 00 00 01 00 00 00 00 16 80 bc 15 00 ed 04 00 11 00 00 00 
b7 00 4d 00 00 00 01 00 00 00 00 16 80 bc 15 00 ee 04 00 11 00 00 00 f3 03 46 00 00 00 01 00 00 
00 00 0b 80 bd 05 11 00 00 00 00 00 00 00 16 80 bc 15 00 ef 04 00 11 00 00 00 ab 00 0c 00 00 00 
00 00 00 00 00 16 80 bc 15 00 f0 04 00 11 00 00 00 0a 02 4b 00 00 00 00 00 00 00 00 16 80 bc 15 
00 f1 04 00 11 00 00 00 f2 03 31 00 00 00 00 00 00 00 00 16 80 bc 15 00 f2 04 00 11 00 00 00 ed 
03 4b 00 00 00 00 00 00 00 00 16 80 bc 15 00 f3 04 00 11 00 00 00 9f 00 19 00 00 00 00 00 00 00 
00 16 80 bc 15 00 f4 04 00 11 00 00 00 f1 03 31 00 00 00 00 00 00 00 00 16 80 bc 15 00 f5 04 00 
11 00 00 00 0c 02 34 00 00 00 00 00 00 00 00 16 80 bc 15 00 f6 04 00 11 00 00 00 b7 00 46 00 00 
00 00 00 00 00 00 16 80 bc 15 00 f7 04 00 11 00 00 00 f3 03 46 00 00 00 00 00 00 00 00 0b 80 bd 
05 11 00 00 00 00 00 00 01 16 80 bc 15 00 ef 04 00 11 00 00 00 ab 00 0c 00 00 00 01 00 00 00 00 
16 80 bc 15 00 f0 04 00 11 00 00 00 0a 02 4b 00 00 00 01 00 00 00 00 16 80 bc 15 00 f1 04 00 11 
00 00 00 f2 03 31 00 00 00 01 00 00 00 00 16 80 bc 15 00 f2 04 00 11 00 00 00 ed 03 4b 00 00 00 
01 00 00 00 00 16 80 bc 15 00 f3 04 00 11 00 00 00 9f 00 19 00 00 00 01 00 00 00 00 
....e....U......................U........s.............U....................h....U..............
........U....6...7.............U....t...4...............................................M.......
...............4......................M.............................................4...........
...........4......................M......................F......................................
...................K......................1......................K..............................
...............1......................4......................F......................F...........
..............................................K......................1......................K...
............................

Client->GAME [12:47:56 07/15/09] packet size: 1 CRYPTED, Flags: 7f ServerSeq: 523 ClientSeq: 695
02 
.

GAME->Client [12:47:56 07/15/09] packet size: 269 CRYPTED, Flags: 7f ServerSeq: 684 ClientSeq: 518
02 04 01 01 84 11 16 80 bc 15 00 f4 04 00 11 00 00 00 f1 03 31 00 00 00 01 00 00 00 00 16 80 bc 
15 00 f5 04 00 11 00 00 00 0c 02 34 00 00 00 01 00 00 00 00 16 80 bc 15 00 f6 04 00 11 00 00 00 
b7 00 46 00 00 00 01 00 00 00 00 16 80 bc 15 00 f7 04 00 11 00 00 00 f3 03 46 00 00 00 01 00 00 
00 00 04 80 b3 11 00 16 80 bc 45 03 11 00 00 02 00 00 00 11 00 32 00 00 00 01 00 00 00 00 04 80 
b3 35 04 16 80 bc 45 03 35 04 00 62 00 00 00 35 04 00 00 00 00 01 00 00 00 00 04 80 b3 3d 04 16 
80 bc 45 03 3d 04 00 43 00 00 00 3d 04 00 00 00 00 01 00 00 00 00 04 80 b3 3e 04 16 80 bc 45 03 
3e 04 00 4f 01 00 00 3e 04 00 00 00 00 01 00 00 00 00 04 80 b3 3f 04 16 80 bc 45 03 3f 04 00 64 
01 00 00 3f 04 00 00 00 00 01 00 00 00 00 04 80 b3 40 04 16 80 bc 45 03 40 04 00 d5 01 00 00 40 
04 00 00 00 00 01 00 00 00 00 02 81 07 
....................1......................4......................F......................F......
..........E..........2...........5....E.5..b...5.............=....E.=..C...=.............>....E.
>..O...>.............?....E.?..d...?.............@....E.@......@.............

Client->GAME [12:47:56 07/15/09] packet size: 13 CRYPTED, Flags: 7f ServerSeq: 524 ClientSeq: 696
02 04 01 00 1a 01 06 81 08 00 00 00 00 
.............

GAME->Client [12:47:57 07/15/09] packet size: 1 CRYPTED, Flags: 7f ServerSeq: 685 ClientSeq: 520
02 
.

GAME->Client [12:47:57 07/15/09] packet size: 1 CRYPTED, Flags: 7f ServerSeq: 686 ClientSeq: 520
42 
B

GAME->Client [12:47:57 07/15/09] packet size: 5 CRYPTED, Flags: 7f ServerSeq: 687 ClientSeq: 520
c2 46 3a fb 48 
.F:.H

Client->GAME [12:47:57 07/15/09] packet size: 1 CRYPTED, Flags: 7f ServerSeq: 527 ClientSeq: 697
02 
.

GAME->Client [12:47:57 07/15/09] packet size: 1 CRYPTED, Flags: 7f ServerSeq: 688 ClientSeq: 520
42 
B

GAME->Client [12:47:58 07/15/09] packet size: 1 CRYPTED, Flags: 7f ServerSeq: 689 ClientSeq: 521
42 
B

Client->GAME [12:47:58 07/15/09] packet size: 1 CRYPTED, Flags: 7f ServerSeq: 513 ClientSeq: 698
42 
B

GAME->Client [12:47:58 07/15/09] packet size: 1 CRYPTED, Flags: 7f ServerSeq: 690 ClientSeq: 521
42 
B

Client->GAME [12:47:58 07/15/09] packet size: 13 CRYPTED, Flags: 0 ServerSeq: 0 ClientSeq: 1
22 04 01 00 00 01 06 81 51 00 00 00 00 
".......Q....

GAME->Client [12:47:58 07/15/09] packet size: 1 CRYPTED, Flags: 7f ServerSeq: 691 ClientSeq: 522
42 
B

GAME->Client [12:47:58 07/15/09] packet size: 142 CRYPTED, Flags: 0 ServerSeq: 1 ClientSeq: 0
82 5a 3a fb 48 04 01 00 00 03 6d 06 0e 00 03 00 00 00 5a 3a fb 48 01 42 00 32 00 72 65 73 6f 75 
72 63 65 2f 77 6f 72 6c 64 73 2f 66 69 6e 61 6c 5f 77 6f 72 6c 64 2f 69 6e 74 65 72 6e 61 74 69 
6f 6e 61 6c 2f 69 74 2e 6d 65 74 72 00 29 00 48 61 6c 6c 6f 77 65 65 6e 5f 45 76 65 6e 74 2c 57 
69 6e 74 65 72 33 50 6c 75 73 48 61 6c 6c 6f 77 65 65 6e 54 53 45 43 00 0a 80 e5 e7 cb c0 12 00 
00 00 00 0a 80 e4 bc 58 7a 00 00 00 00 00 
.Z:.H.....m.......Z:.H.B.2.resource/worlds/final_world/international/it.metr.).Halloween_Event,W
inter3PlusHalloweenTSEC................Xz.....

Client->GAME [12:47:58 07/15/09] packet size: 6 CRYPTED, Flags: 1 ServerSeq: 1 ClientSeq: 2
02 05 02 0c 00 00 
......

GAME->Client [12:47:58 07/15/09] packet size: 72 CRYPTED, Flags: 2 ServerSeq: 2 ClientSeq: 2
02 04 01 00 03 01 41 81 67 17 00 27 00 1c 22 00 c6 01 11 00 00 00 00 00 00 00 37 00 00 08 0e 00 
41 66 74 65 72 57 68 6f 72 75 4e 65 6f 00 0e 00 41 66 74 65 72 57 68 6f 72 75 4e 65 6f 00 02 00 
4b 00 00 00 00 00 00 00 
......A.g..'.."...........7.....AfterWhoruNeo...AfterWhoruNeo...K.......

GAME->Client [12:48:00 07/15/09] packet size: 72 CRYPTED, Flags: 2 ServerSeq: 3 ClientSeq: 2
02 04 01 00 03 01 41 81 67 17 00 27 00 1c 22 00 c6 01 11 00 00 00 00 00 00 00 37 00 00 08 0e 00 
41 66 74 65 72 57 68 6f 72 75 4e 65 6f 00 0e 00 41 66 74 65 72 57 68 6f 72 75 4e 65 6f 00 02 00 
4b 00 00 00 00 00 00 00 
......A.g..'.."...........7.....AfterWhoruNeo...AfterWhoruNeo...K.......

GAME->Client [12:48:01 07/15/09] packet size: 76 CRYPTED, Flags: 2 ServerSeq: 4 ClientSeq: 2
82 b6 3a fb 48 04 01 00 03 01 41 81 67 17 00 27 00 1c 22 00 c6 01 11 00 00 00 00 00 00 00 37 00 
00 08 0e 00 41 66 74 65 72 57 68 6f 72 75 4e 65 6f 00 0e 00 41 66 74 65 72 57 68 6f 72 75 4e 65 
6f 00 02 00 4b 00 00 00 00 00 00 00 
..:.H.....A.g..'.."...........7.....AfterWhoruNeo...AfterWhoruNeo...K.......

Client->GAME [12:48:01 07/15/09] packet size: 8 CRYPTED, Flags: 1 ServerSeq: 1 ClientSeq: 3
02 04 01 00 01 01 01 05 
........

Client->GAME [12:48:01 07/15/09] packet size: 13 CRYPTED, Flags: f ServerSeq: 4 ClientSeq: 4
02 04 01 00 00 01 06 81 51 00 00 00 00 
........Q....

GAME->Client [12:48:02 07/15/09] packet size: 219 CRYPTED, Flags: b ServerSeq: 5 ClientSeq: 4
02 03 01 00 0c 0c 00 04 cd ab 1c 8b 81 ff 71 02 00 00 41 6e 64 65 72 73 6f 6e 00 00 00 00 00 00 
00 00 00 00 00 00 00 00 00 00 00 00 00 00 00 00 00 00 90 54 68 6f 6d 61 73 00 00 00 00 00 00 00 
00 00 00 00 00 00 00 00 00 00 00 00 00 00 00 00 00 00 00 80 d8 28 0a 0c 00 00 00 01 8e 81 ff f7 
00 31 5e 00 00 c6 67 00 41 66 74 65 72 57 68 6f 72 75 4e 65 6f 00 00 00 00 00 00 00 00 00 00 00 
00 00 00 00 00 00 00 00 28 0a fd 64 01 00 00 67 00 75 d4 01 00 4b b1 00 00 00 00 73 1a e9 88 80 
60 04 00 02 8e 00 00 00 f7 00 9d 00 00 00 00 00 d6 cf c0 00 00 00 00 00 c0 57 40 00 00 00 00 00 
3d d3 c0 81 ff 32 22 80 89 2b 66 a9 1e 40 1c 01 11 00 00 00 67 00 02 00 00 00 00 
..............q...Anderson.........................Thomas............................(..........
.1^...g.AfterWhoruNeo...................(..d...g.u...K.....s....`........................W@.....
=....2"..+f..@......g......

GAME->Client [12:48:04 07/15/09] packet size: 219 CRYPTED, Flags: b ServerSeq: 6 ClientSeq: 4
02 03 01 00 0c 0c 00 04 cd ab 1c 8b 81 ff 71 02 00 00 41 6e 64 65 72 73 6f 6e 00 00 00 00 00 00 
00 00 00 00 00 00 00 00 00 00 00 00 00 00 00 00 00 00 90 54 68 6f 6d 61 73 00 00 00 00 00 00 00 
00 00 00 00 00 00 00 00 00 00 00 00 00 00 00 00 00 00 00 80 d8 28 0a 0c 00 00 00 01 8e 81 ff f7 
00 31 5e 00 00 c6 67 00 41 66 74 65 72 57 68 6f 72 75 4e 65 6f 00 00 00 00 00 00 00 00 00 00 00 
00 00 00 00 00 00 00 00 28 0a fd 64 01 00 00 67 00 75 d4 01 00 4b b1 00 00 00 00 73 1a e9 88 80 
60 04 00 02 8e 00 00 00 f7 00 9d 00 00 00 00 00 d6 cf c0 00 00 00 00 00 c0 57 40 00 00 00 00 00 
3d d3 c0 81 ff 32 22 80 89 2b 66 a9 1e 40 1c 01 11 00 00 00 67 00 02 00 00 00 00 
..............q...Anderson.........................Thomas............................(..........
.1^...g.AfterWhoruNeo...................(..d...g.u...K.....s....`........................W@.....
=....2"..+f..@......g......

Client->GAME [12:48:04 07/15/09] packet size: 55 CRYPTED, Flags: 1f ServerSeq: 5 ClientSeq: 5
02 03 02 00 02 60 08 41 6e 64 65 72 73 6f 6e 06 54 68 6f 6d 61 73 00 00 04 01 00 02 05 02 80 be 
07 3f 4e 00 10 00 00 00 08 3e 6b 00 10 00 00 00 00 02 81 48 02 0c 01 
.....`.Anderson.Thomas...........?N......>k........H...

Client->GAME [12:48:04 07/15/09] packet size: 1 CRYPTED, Flags: 3f ServerSeq: 6 ClientSeq: 6
02 
.

GAME->Client [12:48:04 07/15/09] packet size: 700 CRYPTED, Flags: 17 ServerSeq: 7 ClientSeq: 5
82 1a 3b fb 48 04 01 00 04 1e 16 80 bc 15 00 ef 04 00 f7 03 00 00 08 02 00 00 00 00 00 00 00 00 
00 16 80 bc 15 00 f0 04 00 f7 03 00 00 07 02 ec ff ff ff 00 00 00 00 00 16 80 bc 15 00 f1 04 00 
f7 03 00 00 50 04 00 00 00 00 00 00 00 00 00 16 80 bc 15 00 f2 04 00 f7 03 00 00 f4 03 00 00 00 
00 00 00 00 00 00 16 80 bc 15 00 f3 04 00 f7 03 00 00 51 04 f6 ff ff ff 00 00 00 00 00 16 80 bc 
15 00 f4 04 00 f7 03 00 00 52 04 0f 00 00 00 00 00 00 00 00 16 80 bc 11 00 f5 04 00 00 00 00 00 
cb 02 00 00 00 00 00 00 00 00 00 16 80 bc 56 00 f6 04 00 0a 95 00 00 06 04 02 00 00 00 00 00 00 
00 00 16 80 bc 56 00 f7 04 00 0a 95 00 00 b4 00 11 00 00 00 00 00 00 00 00 16 80 bc 56 00 f8 04 
00 0a 95 00 00 b5 00 11 00 00 00 00 00 00 00 00 16 80 bc 56 00 f9 04 00 0a 95 00 00 07 04 02 00 
00 00 00 00 00 00 00 16 80 bc 56 00 fa 04 00 8a b2 00 00 23 04 02 00 00 00 00 00 00 00 00 16 80 
bc 56 00 fb 04 00 8a b2 00 00 21 04 01 00 00 00 00 00 00 00 00 16 80 bc 56 00 fc 04 00 8a b2 00 
00 b4 00 1d 00 00 00 00 00 00 00 00 16 80 bc 56 00 fd 04 00 8a b2 00 00 09 04 1d 00 00 00 00 00 
00 00 00 16 80 bc 56 00 fe 04 00 8a b2 00 00 9d 00 1d 00 00 00 00 00 00 00 00 16 80 bc 56 00 ff 
04 00 8a b2 00 00 06 04 01 00 00 00 00 00 00 00 00 16 80 bc 56 00 00 05 00 24 b3 00 00 89 02 02 
00 00 00 00 00 00 00 00 16 80 bc 56 00 01 05 00 24 b3 00 00 1a 04 01 00 00 00 00 00 00 00 00 16 
80 bc 56 00 02 05 00 24 b3 00 00 b4 00 21 00 00 00 00 00 00 00 00 16 80 bc 56 00 03 05 00 24 b3 
00 00 09 04 21 00 00 00 00 00 00 00 00 16 80 bc 56 00 04 05 00 24 b3 00 00 15 04 02 00 00 00 00 
00 00 00 00 16 80 bc 56 00 05 05 00 24 b3 00 00 b5 00 21 00 00 00 00 00 00 00 00 16 80 bc 56 00 
06 05 00 95 a7 00 00 b4 00 12 00 00 00 00 00 00 00 00 16 80 bc 56 00 07 05 00 95 a7 00 00 b5 00 
12 00 00 00 00 00 00 00 00 16 80 bc 56 00 08 05 00 95 a7 00 00 09 04 12 00 00 00 00 00 00 00 00 
16 80 bc 56 00 09 05 00 95 a7 00 00 70 00 0f 00 00 00 00 00 00 00 00 16 80 bc 56 00 0a 05 00 2c 
b3 00 00 17 04 01 00 00 00 00 00 00 00 00 16 80 bc 56 00 0b 05 00 2c b3 00 00 b4 00 21 00 00 00 
00 00 00 00 00 16 80 bc 56 00 0c 05 00 2c b3 00 00 09 04 21 00 00 00 00 00 00 00 00 
..;.H...............................................................P...........................
..................Q......................R....................................V.................
.....V......................V......................V......................V........#............
.V........!.............V......................V......................V......................V..
....................V....$.................V....$.................V....$.....!...........V....$.
....!...........V....$.................V....$.....!...........V......................V..........
............V......................V........p.............V....,.................V....,.....!...
........V....,.....!........

Client->GAME [12:48:04 07/15/09] packet size: 1 CRYPTED, Flags: 7f ServerSeq: 7 ClientSeq: 7
02 
.

GAME->Client [12:48:04 07/15/09] packet size: 696 CRYPTED, Flags: 2f ServerSeq: 8 ClientSeq: 6
02 04 01 00 22 1e 16 80 bc 56 00 0d 05 00 2c b3 00 00 12 04 02 00 00 00 00 00 00 00 00 16 80 bc 
56 00 0e 05 00 2c b3 00 00 07 04 02 00 00 00 00 00 00 00 00 16 80 bc 56 00 0f 05 00 2c b3 00 00 
b5 00 21 00 00 00 00 00 00 00 00 16 80 bc 56 00 10 05 00 c3 b2 00 00 89 02 02 00 00 00 00 00 00 
00 00 16 80 bc 56 00 11 05 00 c3 b2 00 00 21 04 02 00 00 00 00 00 00 00 00 16 80 bc 56 00 12 05 
00 c3 b2 00 00 b4 00 1f 00 00 00 00 00 00 00 00 16 80 bc 56 00 13 05 00 c3 b2 00 00 09 04 1f 00 
00 00 00 00 00 00 00 16 80 bc 56 00 14 05 00 c3 b2 00 00 1e 04 01 00 00 00 00 00 00 00 00 16 80 
bc 56 00 15 05 00 c3 b2 00 00 9d 00 1f 00 00 00 00 00 00 00 00 16 80 bc 55 00 16 05 00 02 00 00 
00 cc 00 0c 00 00 00 00 00 00 00 00 16 80 bc 55 00 17 05 00 0b 00 00 00 37 02 96 00 00 00 00 00 
00 00 00 16 80 bc 55 00 18 05 00 2d 00 00 00 23 04 0a 00 00 00 00 00 00 00 00 16 80 bc 55 00 19 
05 00 2d 00 00 00 20 04 0a 00 00 00 00 00 00 00 00 16 80 bc 55 00 1a 05 00 2d 00 00 00 19 04 05 
00 00 00 00 00 00 00 00 16 80 bc 55 00 1b 05 00 2d 00 00 00 42 04 05 00 00 00 00 00 00 00 00 16 
80 bc 55 00 1c 05 00 34 00 00 00 83 02 c8 00 00 00 00 00 00 00 00 16 80 bc 55 00 1d 05 00 4b 00 
00 00 1f 04 19 00 00 00 00 00 00 00 00 16 80 bc 55 00 1e 05 00 5f 00 00 00 7c 04 0f 00 00 00 00 
00 00 00 00 16 80 bc 55 00 1f 05 00 5f 00 00 00 07 04 0f 00 00 00 00 00 00 00 00 16 80 bc 55 00 
20 05 00 62 00 00 00 06 04 01 00 00 00 00 00 00 00 00 16 80 bc 55 00 21 05 00 62 00 00 00 15 04 
01 00 00 00 00 00 00 00 00 16 80 bc 55 00 22 05 00 5a 01 00 00 07 04 05 00 00 00 00 00 00 00 00 
16 80 bc 55 00 23 05 00 5a 01 00 00 1d 04 0f 00 00 00 00 00 00 00 00 16 80 bc 55 00 24 05 00 64 
01 00 00 1f 04 05 00 00 00 00 00 00 00 00 16 80 bc 55 00 25 05 00 66 01 00 00 7b 04 05 00 00 00 
00 00 00 00 00 16 80 bc 55 00 26 05 00 66 01 00 00 12 04 0a 00 00 00 00 00 00 00 00 16 80 bc 55 
00 27 05 00 66 01 00 00 06 04 0b 00 00 00 00 00 00 00 00 16 80 bc 55 00 28 05 00 8e 01 00 00 03 
04 05 00 00 00 00 00 00 00 00 16 80 bc 55 00 29 05 00 8e 01 00 00 12 04 0f 00 00 00 00 00 00 00 
00 16 80 bc 55 00 2a 05 00 8e 01 00 00 77 04 05 00 00 00 00 00 00 00 00 
...."....V....,.................V....,.................V....,.....!...........V.................
.....V........!.............V......................V......................V.....................
.V......................U......................U........7.............U....-...#.............U..
..-... .............U....-.................U....-...B.............U....4.................U....K.
................U...._...|.............U...._.................U. ..b.................U.!..b.....
............U."..Z.................U.#..Z.................U.$..d.................U.%..f...{.....
........U.&..f.................U.'..f.................U.(....................U.)................
....U.*......w..........

Client->GAME [12:48:04 07/15/09] packet size: 1 CRYPTED, Flags: 7f ServerSeq: 8 ClientSeq: 8
02 
.

GAME->Client [12:48:04 07/15/09] packet size: 714 CRYPTED, Flags: 2f ServerSeq: 9 ClientSeq: 6
02 04 03 00 40 03 16 80 bc 55 00 2b 05 00 cd 01 00 00 e5 03 05 00 00 00 00 00 00 00 00 16 80 bc 
55 00 2c 05 00 cd 01 00 00 73 04 05 00 00 00 00 00 00 00 00 16 80 bc 55 00 2d 05 00 cd 01 00 00 
e3 03 0f 00 00 00 00 00 00 00 00 00 43 13 16 80 bc 55 00 2e 05 00 d5 01 00 00 e3 03 05 00 00 00 
00 00 00 00 00 16 80 bc 55 00 2f 05 00 36 02 00 00 37 02 0a 00 00 00 00 00 00 00 00 16 80 bc 55 
00 30 05 00 74 02 00 00 34 02 1e 00 00 00 00 00 00 00 00 16 80 bc 15 00 31 05 00 11 00 00 00 ab 
00 0d 00 00 00 00 00 00 00 00 16 80 bc 15 00 32 05 00 11 00 00 00 0a 02 4d 00 00 00 00 00 00 00 
00 16 80 bc 15 00 33 05 00 11 00 00 00 f2 03 34 00 00 00 00 00 00 00 00 16 80 bc 15 00 34 05 00 
11 00 00 00 ed 03 4d 00 00 00 00 00 00 00 00 16 80 bc 15 00 35 05 00 11 00 00 00 9f 00 19 00 00 
00 00 00 00 00 00 16 80 bc 15 00 36 05 00 11 00 00 00 f1 03 34 00 00 00 00 00 00 00 00 16 80 bc 
15 00 37 05 00 11 00 00 00 0c 02 34 00 00 00 00 00 00 00 00 16 80 bc 15 00 38 05 00 11 00 00 00 
b7 00 4d 00 00 00 00 00 00 00 00 16 80 bc 15 00 39 05 00 11 00 00 00 f3 03 46 00 00 00 00 00 00 
00 00 16 80 bc 45 03 11 00 00 02 00 00 00 11 00 32 00 00 00 00 00 00 00 00 16 80 bc 45 03 35 04 
00 62 00 00 00 35 04 00 00 00 00 00 00 00 00 00 16 80 bc 45 03 3d 04 00 43 00 00 00 3d 04 00 00 
00 00 00 00 00 00 00 16 80 bc 45 03 3e 04 00 4f 01 00 00 3e 04 00 00 00 00 00 00 00 00 00 16 80 
bc 45 03 3f 04 00 64 01 00 00 3f 04 00 00 00 00 00 00 00 00 00 16 80 bc 45 03 40 04 00 d5 01 00 
00 40 04 00 00 00 00 00 00 00 00 00 0b 80 bd 05 11 00 00 00 00 00 00 01 00 56 09 16 80 bc 56 00 
f6 04 00 0a 95 00 00 06 04 02 00 00 00 01 00 00 00 00 16 80 bc 56 00 f7 04 00 0a 95 00 00 b4 00 
11 00 00 00 01 00 00 00 00 16 80 bc 56 00 f8 04 00 0a 95 00 00 b5 00 11 00 00 00 01 00 00 00 00 
16 80 bc 56 00 f9 04 00 0a 95 00 00 07 04 02 00 00 00 01 00 00 00 00 16 80 bc 56 00 3a 05 00 0a 
95 00 00 06 04 02 00 00 00 00 00 00 00 00 16 80 bc 56 00 3b 05 00 0a 95 00 00 b4 00 11 00 00 00 
00 00 00 00 00 16 80 bc 56 00 3c 05 00 0a 95 00 00 b5 00 11 00 00 00 00 00 00 00 00 16 80 bc 56 
00 3d 05 00 0a 95 00 00 07 04 02 00 00 00 00 00 00 00 00 16 80 bc 56 00 fa 04 00 8a b2 00 00 23 
04 02 00 00 00 01 00 00 00 00 
....@....U.+....................U.,......s.............U.-..................C....U..............
........U./..6...7.............U.0..t...4...............1......................2........M.......
......3........4.............4........M.............5......................6........4...........
..7........4.............8........M.............9........F...........E..........2...........E.5.
.b...5.............E.=..C...=.............E.>..O...>.............E.?..d...?.............E.@.....
.@.......................V....V......................V......................V...................
...V......................V.:....................V.;....................V.<....................V
.=....................V........#..........

Client->GAME [12:48:04 07/15/09] packet size: 1 CRYPTED, Flags: 7f ServerSeq: 9 ClientSeq: 9
02 
.

GAME->Client [12:48:04 07/15/09] packet size: 696 CRYPTED, Flags: 3f ServerSeq: 10 ClientSeq: 8
02 04 01 00 5f 1e 16 80 bc 56 00 fb 04 00 8a b2 00 00 21 04 01 00 00 00 01 00 00 00 00 16 80 bc 
56 00 fc 04 00 8a b2 00 00 b4 00 1d 00 00 00 01 00 00 00 00 16 80 bc 56 00 fd 04 00 8a b2 00 00 
09 04 1d 00 00 00 01 00 00 00 00 16 80 bc 56 00 fe 04 00 8a b2 00 00 9d 00 1d 00 00 00 01 00 00 
00 00 16 80 bc 56 00 ff 04 00 8a b2 00 00 06 04 01 00 00 00 01 00 00 00 00 16 80 bc 56 00 3e 05 
00 8a b2 00 00 23 04 02 00 00 00 00 00 00 00 00 16 80 bc 56 00 3f 05 00 8a b2 00 00 21 04 01 00 
00 00 00 00 00 00 00 16 80 bc 56 00 40 05 00 8a b2 00 00 b4 00 1d 00 00 00 00 00 00 00 00 16 80 
bc 56 00 41 05 00 8a b2 00 00 09 04 1d 00 00 00 00 00 00 00 00 16 80 bc 56 00 42 05 00 8a b2 00 
00 9d 00 1d 00 00 00 00 00 00 00 00 16 80 bc 56 00 43 05 00 8a b2 00 00 06 04 01 00 00 00 00 00 
00 00 00 16 80 bc 56 00 00 05 00 24 b3 00 00 89 02 02 00 00 00 01 00 00 00 00 16 80 bc 56 00 01 
05 00 24 b3 00 00 1a 04 01 00 00 00 01 00 00 00 00 16 80 bc 56 00 02 05 00 24 b3 00 00 b4 00 21 
00 00 00 01 00 00 00 00 16 80 bc 56 00 03 05 00 24 b3 00 00 09 04 21 00 00 00 01 00 00 00 00 16 
80 bc 56 00 04 05 00 24 b3 00 00 15 04 02 00 00 00 01 00 00 00 00 16 80 bc 56 00 05 05 00 24 b3 
00 00 b5 00 21 00 00 00 01 00 00 00 00 16 80 bc 56 00 44 05 00 24 b3 00 00 89 02 02 00 00 00 00 
00 00 00 00 16 80 bc 56 00 45 05 00 24 b3 00 00 1a 04 01 00 00 00 00 00 00 00 00 16 80 bc 56 00 
46 05 00 24 b3 00 00 b4 00 21 00 00 00 00 00 00 00 00 16 80 bc 56 00 47 05 00 24 b3 00 00 09 04 
21 00 00 00 00 00 00 00 00 16 80 bc 56 00 48 05 00 24 b3 00 00 15 04 02 00 00 00 00 00 00 00 00 
16 80 bc 56 00 49 05 00 24 b3 00 00 b5 00 21 00 00 00 00 00 00 00 00 16 80 bc 56 00 06 05 00 95 
a7 00 00 b4 00 12 00 00 00 01 00 00 00 00 16 80 bc 56 00 07 05 00 95 a7 00 00 b5 00 12 00 00 00 
01 00 00 00 00 16 80 bc 56 00 08 05 00 95 a7 00 00 09 04 12 00 00 00 01 00 00 00 00 16 80 bc 56 
00 09 05 00 95 a7 00 00 70 00 0f 00 00 00 01 00 00 00 00 16 80 bc 56 00 4a 05 00 95 a7 00 00 b4 
00 12 00 00 00 00 00 00 00 00 16 80 bc 56 00 4b 05 00 95 a7 00 00 b5 00 12 00 00 00 00 00 00 00 
00 16 80 bc 56 00 4c 05 00 95 a7 00 00 09 04 12 00 00 00 00 00 00 00 00 
...._....V........!.............V......................V......................V.................
.....V......................V.>......#.............V.?......!.............V.@...................
.V.A....................V.B....................V.C....................V....$.................V..
..$.................V....$.....!...........V....$.....!...........V....$.................V....$.
....!...........V.D..$.................V.E..$.................V.F..$.....!...........V.G..$.....
!...........V.H..$.................V.I..$.....!...........V......................V..............
........V......................V........p.............V.J....................V.K................
....V.L.................

Client->GAME [12:48:04 07/15/09] packet size: 1 CRYPTED, Flags: 7f ServerSeq: 10 ClientSeq: 10
02 
.

GAME->Client [12:48:04 07/15/09] packet size: 699 CRYPTED, Flags: 7f ServerSeq: 11 ClientSeq: 9
02 04 02 00 7d 18 16 80 bc 56 00 4d 05 00 95 a7 00 00 70 00 0f 00 00 00 00 00 00 00 00 16 80 bc 
56 00 0a 05 00 2c b3 00 00 17 04 01 00 00 00 01 00 00 00 00 16 80 bc 56 00 0b 05 00 2c b3 00 00 
b4 00 21 00 00 00 01 00 00 00 00 16 80 bc 56 00 0c 05 00 2c b3 00 00 09 04 21 00 00 00 01 00 00 
00 00 16 80 bc 56 00 0d 05 00 2c b3 00 00 12 04 02 00 00 00 01 00 00 00 00 16 80 bc 56 00 0e 05 
00 2c b3 00 00 07 04 02 00 00 00 01 00 00 00 00 16 80 bc 56 00 0f 05 00 2c b3 00 00 b5 00 21 00 
00 00 01 00 00 00 00 16 80 bc 56 00 4e 05 00 2c b3 00 00 17 04 01 00 00 00 00 00 00 00 00 16 80 
bc 56 00 4f 05 00 2c b3 00 00 b4 00 21 00 00 00 00 00 00 00 00 16 80 bc 56 00 50 05 00 2c b3 00 
00 09 04 21 00 00 00 00 00 00 00 00 16 80 bc 56 00 51 05 00 2c b3 00 00 12 04 02 00 00 00 00 00 
00 00 00 16 80 bc 56 00 52 05 00 2c b3 00 00 07 04 02 00 00 00 00 00 00 00 00 16 80 bc 56 00 53 
05 00 2c b3 00 00 b5 00 21 00 00 00 00 00 00 00 00 16 80 bc 56 00 10 05 00 c3 b2 00 00 89 02 02 
00 00 00 01 00 00 00 00 16 80 bc 56 00 11 05 00 c3 b2 00 00 21 04 02 00 00 00 01 00 00 00 00 16 
80 bc 56 00 12 05 00 c3 b2 00 00 b4 00 1f 00 00 00 01 00 00 00 00 16 80 bc 56 00 13 05 00 c3 b2 
00 00 09 04 1f 00 00 00 01 00 00 00 00 16 80 bc 56 00 14 05 00 c3 b2 00 00 1e 04 01 00 00 00 01 
00 00 00 00 16 80 bc 56 00 15 05 00 c3 b2 00 00 9d 00 1f 00 00 00 01 00 00 00 00 16 80 bc 56 00 
54 05 00 c3 b2 00 00 89 02 02 00 00 00 00 00 00 00 00 16 80 bc 56 00 55 05 00 c3 b2 00 00 21 04 
02 00 00 00 00 00 00 00 00 16 80 bc 56 00 56 05 00 c3 b2 00 00 b4 00 1f 00 00 00 00 00 00 00 00 
16 80 bc 56 00 57 05 00 c3 b2 00 00 09 04 1f 00 00 00 00 00 00 00 00 16 80 bc 56 00 58 05 00 c3 
b2 00 00 1e 04 01 00 00 00 00 00 00 00 00 00 95 06 16 80 bc 56 00 59 05 00 c3 b2 00 00 9d 00 1f 
00 00 00 00 00 00 00 00 16 80 bc 15 00 31 05 00 11 00 00 00 ab 00 0d 00 00 00 01 00 00 00 00 16 
80 bc 15 00 32 05 00 11 00 00 00 0a 02 4d 00 00 00 01 00 00 00 00 16 80 bc 15 00 33 05 00 11 00 
00 00 f2 03 34 00 00 00 01 00 00 00 00 16 80 bc 15 00 34 05 00 11 00 00 00 ed 03 4d 00 00 00 01 
00 00 00 00 16 80 bc 15 00 35 05 00 11 00 00 00 9f 00 19 00 00 00 01 00 00 00 00 
....}....V.M......p.............V....,.................V....,.....!...........V....,.....!......
.....V....,.................V....,.................V....,.....!...........V.N..,................
.V.O..,.....!...........V.P..,.....!...........V.Q..,.................V.R..,.................V.S
..,.....!...........V......................V........!.............V......................V......
................V......................V......................V.T....................V.U......!.
............V.V....................V.W....................V.X.......................V.Y.........
.............1......................2........M.............3........4.............4........M....
.........5.................

Client->GAME [12:48:04 07/15/09] packet size: 1 CRYPTED, Flags: 7f ServerSeq: 11 ClientSeq: 11
02 
.

GAME->Client [12:48:04 07/15/09] packet size: 711 CRYPTED, Flags: 7f ServerSeq: 12 ClientSeq: 10
02 04 01 00 9b 21 16 80 bc 15 00 36 05 00 11 00 00 00 f1 03 34 00 00 00 01 00 00 00 00 16 80 bc 
15 00 37 05 00 11 00 00 00 0c 02 34 00 00 00 01 00 00 00 00 16 80 bc 15 00 38 05 00 11 00 00 00 
b7 00 4d 00 00 00 01 00 00 00 00 16 80 bc 15 00 39 05 00 11 00 00 00 f3 03 46 00 00 00 01 00 00 
00 00 0b 80 bd 05 11 00 00 00 00 00 00 00 16 80 bc 15 00 5a 05 00 11 00 00 00 ab 00 0d 00 00 00 
00 00 00 00 00 16 80 bc 15 00 5b 05 00 11 00 00 00 0a 02 4d 00 00 00 00 00 00 00 00 16 80 bc 15 
00 5c 05 00 11 00 00 00 f2 03 34 00 00 00 00 00 00 00 00 16 80 bc 15 00 5d 05 00 11 00 00 00 ed 
03 4d 00 00 00 00 00 00 00 00 16 80 bc 15 00 5e 05 00 11 00 00 00 9f 00 19 00 00 00 00 00 00 00 
00 16 80 bc 15 00 5f 05 00 11 00 00 00 f1 03 34 00 00 00 00 00 00 00 00 16 80 bc 15 00 60 05 00 
11 00 00 00 0c 02 34 00 00 00 00 00 00 00 00 16 80 bc 15 00 61 05 00 11 00 00 00 b7 00 4d 00 00 
00 00 00 00 00 00 16 80 bc 15 00 62 05 00 11 00 00 00 f3 03 46 00 00 00 00 00 00 00 00 0b 80 bd 
05 11 00 00 00 00 00 00 01 16 80 bc 15 00 5a 05 00 11 00 00 00 ab 00 0d 00 00 00 01 00 00 00 00 
16 80 bc 15 00 5b 05 00 11 00 00 00 0a 02 4d 00 00 00 01 00 00 00 00 16 80 bc 15 00 5c 05 00 11 
00 00 00 f2 03 34 00 00 00 01 00 00 00 00 16 80 bc 15 00 5d 05 00 11 00 00 00 ed 03 4d 00 00 00 
01 00 00 00 00 16 80 bc 15 00 5e 05 00 11 00 00 00 9f 00 19 00 00 00 01 00 00 00 00 16 80 bc 15 
00 5f 05 00 11 00 00 00 f1 03 34 00 00 00 01 00 00 00 00 16 80 bc 15 00 60 05 00 11 00 00 00 0c 
02 34 00 00 00 01 00 00 00 00 16 80 bc 15 00 61 05 00 11 00 00 00 b7 00 4d 00 00 00 01 00 00 00 
00 16 80 bc 15 00 62 05 00 11 00 00 00 f3 03 46 00 00 00 01 00 00 00 00 04 80 b3 11 00 16 80 bc 
45 03 11 00 00 02 00 00 00 11 00 32 00 00 00 01 00 00 00 00 16 80 bc 55 00 16 05 00 02 00 00 00 
cc 00 0c 00 00 00 01 00 00 00 00 08 80 b2 11 00 32 00 08 02 16 80 bc 45 03 11 00 00 02 00 00 00 
11 00 32 00 00 00 00 00 00 00 00 16 80 bc 55 00 63 05 00 02 00 00 00 cc 00 0c 00 00 00 00 00 00 
00 00 16 80 bc 15 00 64 05 00 11 00 00 00 ab 00 0d 00 00 00 00 00 00 00 00 16 80 bc 15 00 65 05 
00 11 00 00 00 0a 02 4d 00 00 00 00 00 00 00 00 16 80 bc 15 00 66 05 00 11 00 00 00 f2 03 34 00 
00 00 00 00 00 00 00 
.....!.....6........4.............7........4.............8........M.............9........F......
...................Z......................[........M.............\........4.............].......
.M.............^......................_........4.............`........4.............a........M..
...........b........F.........................Z......................[........M.............\...
.....4.............]........M.............^......................_........4.............`.......
.4.............a........M.............b........F................E..........2...........U........
................2......E..........2...........U.c......................d......................e.
.......M.............f........4........

Client->GAME [12:48:04 07/15/09] packet size: 1 CRYPTED, Flags: 7f ServerSeq: 12 ClientSeq: 12
02 
.

GAME->Client [12:48:05 07/15/09] packet size: 695 CRYPTED, Flags: 7f ServerSeq: 13 ClientSeq: 11
02 04 02 00 bc 1c 16 80 bc 15 00 67 05 00 11 00 00 00 ed 03 4d 00 00 00 00 00 00 00 00 16 80 bc 
15 00 68 05 00 11 00 00 00 9f 00 19 00 00 00 00 00 00 00 00 16 80 bc 15 00 69 05 00 11 00 00 00 
f1 03 34 00 00 00 00 00 00 00 00 16 80 bc 15 00 6a 05 00 11 00 00 00 0c 02 34 00 00 00 00 00 00 
00 00 16 80 bc 15 00 6b 05 00 11 00 00 00 b7 00 4d 00 00 00 00 00 00 00 00 16 80 bc 15 00 6c 05 
00 11 00 00 00 f3 03 46 00 00 00 00 00 00 00 00 16 80 bc 55 00 17 05 00 0b 00 00 00 37 02 96 00 
00 00 01 00 00 00 00 16 80 bc 55 00 6d 05 00 0b 00 00 00 37 02 96 00 00 00 00 00 00 00 00 16 80 
bc 55 00 18 05 00 2d 00 00 00 23 04 0a 00 00 00 01 00 00 00 00 16 80 bc 55 00 19 05 00 2d 00 00 
00 20 04 0a 00 00 00 01 00 00 00 00 16 80 bc 55 00 1a 05 00 2d 00 00 00 19 04 05 00 00 00 01 00 
00 00 00 16 80 bc 55 00 1b 05 00 2d 00 00 00 42 04 05 00 00 00 01 00 00 00 00 16 80 bc 55 00 6e 
05 00 2d 00 00 00 23 04 0a 00 00 00 00 00 00 00 00 16 80 bc 55 00 6f 05 00 2d 00 00 00 20 04 0a 
00 00 00 00 00 00 00 00 16 80 bc 55 00 70 05 00 2d 00 00 00 19 04 05 00 00 00 00 00 00 00 00 16 
80 bc 55 00 71 05 00 2d 00 00 00 42 04 05 00 00 00 00 00 00 00 00 16 80 bc 55 00 1c 05 00 34 00 
00 00 83 02 c8 00 00 00 01 00 00 00 00 16 80 bc 55 00 72 05 00 34 00 00 00 83 02 c8 00 00 00 00 
00 00 00 00 04 80 b3 3d 04 16 80 bc 45 03 3d 04 00 43 00 00 00 3d 04 00 00 00 00 01 00 00 00 00 
08 80 b2 3d 04 00 00 08 02 16 80 bc 45 03 3d 04 00 43 00 00 00 3d 04 00 00 00 00 00 00 00 00 00 
16 80 bc 55 00 1d 05 00 4b 00 00 00 1f 04 19 00 00 00 01 00 00 00 00 16 80 bc 55 00 73 05 00 4b 
00 00 00 1f 04 19 00 00 00 00 00 00 00 00 16 80 bc 55 00 1e 05 00 5f 00 00 00 7c 04 0f 00 00 00 
01 00 00 00 00 16 80 bc 55 00 1f 05 00 5f 00 00 00 07 04 0f 00 00 00 01 00 00 00 00 16 80 bc 55 
00 74 05 00 5f 00 00 00 7c 04 0f 00 00 00 00 00 00 00 00 16 80 bc 55 00 75 05 00 5f 00 00 00 07 
04 0f 00 00 00 00 00 00 00 00 00 d8 04 16 80 bc 55 00 20 05 00 62 00 00 00 06 04 01 00 00 00 01 
00 00 00 00 04 80 b3 35 04 16 80 bc 45 03 35 04 00 62 00 00 00 35 04 00 00 00 00 01 00 00 00 00 
16 80 bc 55 00 21 05 00 62 00 00 00 15 04 01 00 00 00 01 00 00 00 00 
...........g........M.............h......................i........4.............j........4......
.......k........M.............l........F...........U........7.............U.m......7............
.U....-...#.............U....-... .............U....-.................U....-...B.............U.n
..-...#.............U.o..-... .............U.p..-.................U.q..-...B.............U....4.
................U.r..4.................=....E.=..C...=.............=........E.=..C...=..........
...U....K.................U.s..K.................U...._...|.............U...._.................U
.t.._...|.............U.u.._....................U. ..b.................5....E.5..b...5..........
...U.!..b..............

Client->GAME [12:48:05 07/15/09] packet size: 1 CRYPTED, Flags: 7f ServerSeq: 13 ClientSeq: 13
02 
.

GAME->Client [12:48:05 07/15/09] packet size: 710 CRYPTED, Flags: 7f ServerSeq: 14 ClientSeq: 12
02 04 01 00 dc 22 16 80 bc 55 00 76 05 00 62 00 00 00 06 04 01 00 00 00 00 00 00 00 00 08 80 b2 
35 04 00 00 08 02 16 80 bc 45 03 35 04 00 62 00 00 00 35 04 00 00 00 00 00 00 00 00 00 16 80 bc 
55 00 77 05 00 62 00 00 00 15 04 01 00 00 00 00 00 00 00 00 04 80 b3 3e 04 16 80 bc 45 03 3e 04 
00 4f 01 00 00 3e 04 00 00 00 00 01 00 00 00 00 08 80 b2 3e 04 00 00 08 02 16 80 bc 45 03 3e 04 
00 4f 01 00 00 3e 04 00 00 00 00 00 00 00 00 00 16 80 bc 55 00 22 05 00 5a 01 00 00 07 04 05 00 
00 00 01 00 00 00 00 16 80 bc 55 00 23 05 00 5a 01 00 00 1d 04 0f 00 00 00 01 00 00 00 00 16 80 
bc 55 00 78 05 00 5a 01 00 00 07 04 05 00 00 00 00 00 00 00 00 16 80 bc 55 00 79 05 00 5a 01 00 
00 1d 04 0f 00 00 00 00 00 00 00 00 04 80 b3 3f 04 16 80 bc 45 03 3f 04 00 64 01 00 00 3f 04 00 
00 00 00 01 00 00 00 00 16 80 bc 55 00 24 05 00 64 01 00 00 1f 04 05 00 00 00 01 00 00 00 00 08 
80 b2 3f 04 00 00 08 02 16 80 bc 45 03 3f 04 00 64 01 00 00 3f 04 00 00 00 00 00 00 00 00 00 16 
80 bc 55 00 7a 05 00 64 01 00 00 1f 04 05 00 00 00 00 00 00 00 00 16 80 bc 55 00 25 05 00 66 01 
00 00 7b 04 05 00 00 00 01 00 00 00 00 16 80 bc 55 00 26 05 00 66 01 00 00 12 04 0a 00 00 00 01 
00 00 00 00 16 80 bc 55 00 27 05 00 66 01 00 00 06 04 0b 00 00 00 01 00 00 00 00 16 80 bc 55 00 
7b 05 00 66 01 00 00 7b 04 05 00 00 00 00 00 00 00 00 16 80 bc 55 00 7c 05 00 66 01 00 00 12 04 
0a 00 00 00 00 00 00 00 00 16 80 bc 55 00 7d 05 00 66 01 00 00 06 04 0b 00 00 00 00 00 00 00 00 
16 80 bc 55 00 28 05 00 8e 01 00 00 03 04 05 00 00 00 01 00 00 00 00 16 80 bc 55 00 29 05 00 8e 
01 00 00 12 04 0f 00 00 00 01 00 00 00 00 16 80 bc 55 00 2a 05 00 8e 01 00 00 77 04 05 00 00 00 
01 00 00 00 00 16 80 bc 55 00 7e 05 00 8e 01 00 00 03 04 05 00 00 00 00 00 00 00 00 16 80 bc 55 
00 7f 05 00 8e 01 00 00 12 04 0f 00 00 00 00 00 00 00 00 16 80 bc 55 00 80 05 00 8e 01 00 00 77 
04 05 00 00 00 00 00 00 00 00 16 80 bc 55 00 2b 05 00 cd 01 00 00 e5 03 05 00 00 00 01 00 00 00 
00 16 80 bc 55 00 2c 05 00 cd 01 00 00 73 04 05 00 00 00 01 00 00 00 00 16 80 bc 55 00 2d 05 00 
cd 01 00 00 e3 03 0f 00 00 00 01 00 00 00 00 16 80 bc 55 00 81 05 00 cd 01 00 00 e5 03 05 00 00 
00 00 00 00 00 00 
....."...U.v..b.................5........E.5..b...5.............U.w..b.................>....E.>.
.O...>.............>........E.>..O...>.............U."..Z.................U.#..Z................
.U.x..Z.................U.y..Z.................?....E.?..d...?.............U.$..d...............
..?........E.?..d...?.............U.z..d.................U.%..f...{.............U.&..f..........
.......U.'..f.................U.{..f...{.............U.|..f.................U.}..f..............
...U.(....................U.)....................U.*......w.............U.~....................U
......................U........w.............U.+....................U.,......s.............U.-..
..................U...................

Client->GAME [12:48:05 07/15/09] packet size: 1 CRYPTED, Flags: 7f ServerSeq: 14 ClientSeq: 14
02 
.

Client->GAME [12:48:05 07/15/09] packet size: 12
00 00 00 00 00 01 04 08 da e4 c7 00 
............

GAME->Client [12:48:05 07/15/09] packet size: 688 CRYPTED, Flags: 7f ServerSeq: 15 ClientSeq: 13
02 04 01 00 fe 20 16 80 bc 55 00 82 05 00 cd 01 00 00 73 04 05 00 00 00 00 00 00 00 00 16 80 bc 
55 00 83 05 00 cd 01 00 00 e3 03 0f 00 00 00 00 00 00 00 00 04 80 b3 40 04 16 80 bc 45 03 40 04 
00 d5 01 00 00 40 04 00 00 00 00 01 00 00 00 00 16 80 bc 55 00 2e 05 00 d5 01 00 00 e3 03 05 00 
00 00 01 00 00 00 00 08 80 b2 40 04 00 00 08 02 16 80 bc 45 03 40 04 00 d5 01 00 00 40 04 00 00 
00 00 00 00 00 00 00 16 80 bc 55 00 84 05 00 d5 01 00 00 e3 03 05 00 00 00 00 00 00 00 00 16 80 
bc 55 00 2f 05 00 36 02 00 00 37 02 0a 00 00 00 01 00 00 00 00 16 80 bc 55 00 85 05 00 36 02 00 
00 37 02 0a 00 00 00 00 00 00 00 00 16 80 bc 55 00 30 05 00 74 02 00 00 34 02 1e 00 00 00 01 00 
00 00 00 16 80 bc 55 00 86 05 00 74 02 00 00 34 02 1e 00 00 00 00 00 00 00 00 16 80 bc 15 00 64 
05 00 11 00 00 00 ab 00 0d 00 00 00 01 00 00 00 00 16 80 bc 15 00 65 05 00 11 00 00 00 0a 02 4d 
00 00 00 01 00 00 00 00 16 80 bc 15 00 66 05 00 11 00 00 00 f2 03 34 00 00 00 01 00 00 00 00 16 
80 bc 15 00 67 05 00 11 00 00 00 ed 03 4d 00 00 00 01 00 00 00 00 16 80 bc 15 00 68 05 00 11 00 
00 00 9f 00 19 00 00 00 01 00 00 00 00 16 80 bc 15 00 69 05 00 11 00 00 00 f1 03 34 00 00 00 01 
00 00 00 00 16 80 bc 15 00 6a 05 00 11 00 00 00 0c 02 34 00 00 00 01 00 00 00 00 16 80 bc 15 00 
6b 05 00 11 00 00 00 b7 00 4d 00 00 00 01 00 00 00 00 16 80 bc 15 00 6c 05 00 11 00 00 00 f3 03 
46 00 00 00 01 00 00 00 00 0b 80 bd 05 11 00 00 00 00 00 00 00 16 80 bc 15 00 87 05 00 11 00 00 
00 ab 00 0d 00 00 00 00 00 00 00 00 16 80 bc 15 00 88 05 00 11 00 00 00 0a 02 4d 00 00 00 00 00 
00 00 00 16 80 bc 15 00 89 05 00 11 00 00 00 f2 03 34 00 00 00 00 00 00 00 00 16 80 bc 15 00 8a 
05 00 11 00 00 00 ed 03 4d 00 00 00 00 00 00 00 00 16 80 bc 15 00 8b 05 00 11 00 00 00 9f 00 19 
00 00 00 00 00 00 00 00 16 80 bc 15 00 8c 05 00 11 00 00 00 f1 03 34 00 00 00 00 00 00 00 00 16 
80 bc 15 00 8d 05 00 11 00 00 00 0c 02 34 00 00 00 00 00 00 00 00 16 80 bc 15 00 8e 05 00 11 00 
00 00 b7 00 4d 00 00 00 00 00 00 00 00 16 80 bc 15 00 8f 05 00 11 00 00 00 f3 03 46 00 00 00 00 
00 00 00 00 0b 80 bd 05 11 00 00 00 00 00 00 01 
..... ...U........s.............U......................@....E.@......@.............U............
..........@........E.@......@.............U......................U./..6...7.............U....6..
.7.............U.0..t...4.............U....t...4...............d......................e........M
.............f........4.............g........M.............h......................i........4....
.........j........4.............k........M.............l........F...............................
..........................M......................4......................M.......................
......................4......................4......................M......................F....
................

Client->GAME [12:48:05 07/15/09] packet size: 1 CRYPTED, Flags: 7f ServerSeq: 15 ClientSeq: 15
02 
.

GAME->Client [12:48:05 07/15/09] packet size: 725 CRYPTED, Flags: 7f ServerSeq: 16 ClientSeq: 14
02 03 01 00 0c 57 02 05 cd ab 12 8e 44 65 73 74 69 74 75 74 65 20 53 63 61 76 00 00 00 00 00 00 
00 00 00 00 00 00 00 00 00 00 00 00 00 10 00 00 22 d4 2b 4b 1c 00 c6 01 80 c1 1a 00 00 5c 00 00 
00 64 a9 5d d5 c0 00 00 00 00 00 c0 57 40 00 00 00 d4 c7 7c d6 c0 c0 01 83 05 03 a8 14 26 02 b2 
09 26 02 07 08 00 00 81 f0 1a 00 00 02 05 19 00 00 01 00 08 50 02 75 00 a0 0d 81 cd ab 02 09 00 
00 00 00 00 04 d0 c0 00 00 00 00 00 40 60 40 00 00 00 00 00 3d d3 c0 00 00 00 00 f2 04 35 3f 00 
00 00 00 f3 04 35 3f 17 00 00 01 00 0c 57 02 01 cd ab 11 8e 44 65 73 74 69 74 75 74 65 20 52 65 
6d 6e 61 6e 74 00 00 00 00 00 00 00 00 00 00 00 00 00 00 00 00 10 00 00 22 d4 f7 45 1c 00 c6 01 
80 c1 15 00 00 4e 00 00 00 27 6f 64 ce c0 00 00 00 00 00 c0 57 40 00 00 00 9c 79 7b cc c0 c0 01 
82 01 a8 10 84 03 b2 04 84 03 07 08 00 00 81 ef 1a 00 00 02 04 15 00 00 01 00 0c 57 02 06 cd ab 
13 8e 44 65 73 74 69 74 75 74 65 20 54 72 61 73 68 00 00 00 00 00 00 00 00 00 00 00 00 00 00 00 
00 00 00 10 00 00 22 d5 01 ba 43 1c 00 c6 01 80 c3 1b 00 00 5c 4c 0a 00 28 00 00 00 50 0b 3a c9 
c0 00 00 00 00 00 c0 57 40 00 00 f0 37 01 63 d8 c0 c0 01 82 03 a8 10 c2 01 b2 09 c2 01 07 08 00 
00 81 ef 1a 00 00 02 04 13 00 00 00 00 04 01 01 1e 08 17 3a 05 00 11 00 0a 00 50 76 50 53 65 72 
76 65 72 00 04 00 06 00 00 00 1d 3a 05 00 17 00 10 00 50 76 50 4d 61 78 53 61 66 65 4c 65 76 65 
6c 00 04 00 0f 00 00 00 3f 3a 05 00 14 00 0d 00 57 52 5f 52 65 7a 45 76 65 6e 74 73 00 29 00 48 
61 6c 6c 6f 77 65 65 6e 5f 45 76 65 6e 74 2c 57 69 6e 74 65 72 33 50 6c 75 73 48 61 6c 6c 6f 77 
65 65 6e 54 53 45 43 00 1b 3a 05 00 19 00 12 00 45 76 65 6e 74 53 6c 6f 74 31 5f 45 66 66 65 63 
74 00 00 00 28 3a 05 00 19 00 12 00 45 76 65 6e 74 53 6c 6f 74 32 5f 45 66 66 65 63 74 00 0d 00 
66 6c 79 6d 61 6e 5f 69 64 6c 65 33 00 25 3a 05 00 19 00 12 00 45 76 65 6e 74 53 6c 6f 74 33 5f 
45 66 66 65 63 74 00 0a 00 66 6c 79 5f 76 69 72 75 73 00 1f 3a 05 00 1b 00 14 00 46 69 78 65 64 
42 69 6e 6b 49 44 4f 76 65 72 72 69 64 65 00 02 00 20 00 41 81 67 17 00 27 00 1c 22 00 c6 01 11 
00 00 00 00 00 00 00 37 00 00 08 0e 00 41 66 74 65 72 57 68 6f 72 75 4e 65 6f 00 0e 00 41 66 74 
65 72 57 68 6f 72 75 4e 65 6f 00 02 00 4d 00 00 00 00 00 00 00 
.....W......Destitute Scav......................".+K.........\...d.]........W@.....|.........&..
.&..................P.u.....................@`@.....=........5?......5?......W......Destitute Re
mnant..................."..E.........N...'od........W@....y{...............................W....
..Destitute Trash....................."...C.........\L..(...P.:........W@...7.c.................
...................:......PvPServer........:......PvPMaxSafeLevel.......?:......WR_RezEvents.).H
alloween_Event,Winter3PlusHalloweenTSEC..:......EventSlot1_Effect...(:......EventSlot2_Effect...
flyman_idle3.%:......EventSlot3_Effect...fly_virus..:......FixedBinkIDOverride... .A.g..'.."....
.......7.....AfterWhoruNeo...AfterWhoruNeo...M.......

GAME->Client [12:48:05 07/15/09] packet size: 12
00 00 00 00 00 01 04 08 da e4 c7 00 
............

Client->GAME [12:48:05 07/15/09] packet size: 1 CRYPTED, Flags: 7f ServerSeq: 0 ClientSeq: 16
02 
.

GAME->Client [12:48:05 07/15/09] packet size: 620 CRYPTED, Flags: 7f ServerSeq: 17 ClientSeq: 15
82 3f 3b fb 48 03 01 00 02 14 00 19 00 02 0e 00 21 4b ed aa c6 00 00 be 42 3f e6 b3 c6 01 00 0c 
57 02 ff cd ab 13 8e 44 65 73 74 69 74 75 74 65 20 54 72 61 73 68 00 00 00 00 00 00 00 00 00 00 
00 00 00 00 00 00 00 00 10 00 00 22 d4 65 43 1c 00 c6 01 80 d1 1d 00 00 5c 0a 00 00 00 a8 2f e6 
cc c0 00 00 00 00 00 c0 57 40 00 00 00 d4 6d f6 cd c0 c0 01 83 01 03 a8 10 c2 01 b2 09 c2 01 07 
08 00 00 81 ef 1a 00 00 02 04 11 00 00 01 00 0c 57 02 07 cd ab 13 8e 44 65 73 74 69 74 75 74 65 
20 54 72 61 73 68 00 00 00 00 00 00 00 00 00 00 00 00 00 00 00 00 00 00 10 00 00 22 d5 01 94 43 
1c 00 c6 01 80 c3 1d 00 00 5c 4c 0a 00 28 00 00 00 a0 09 64 c8 c0 00 00 00 00 00 c0 57 40 00 00 
00 b7 bd cd d7 c0 c0 01 82 03 a8 10 c2 01 b2 09 c2 01 07 08 00 00 81 ef 1a 00 00 02 04 0f 00 00 
01 00 0c 57 02 03 cd ab 11 8e 44 65 73 74 69 74 75 74 65 20 54 72 61 73 68 00 00 00 00 00 00 00 
00 00 00 00 00 00 00 00 00 00 00 10 00 00 22 d4 b7 43 1c 00 c6 01 80 c1 1d 00 00 5c 00 00 00 6a 
cc 46 cd c0 00 00 00 00 00 c0 57 40 00 00 00 78 66 fb cc c0 c0 01 82 03 a8 10 c2 01 b2 09 c2 01 
07 08 00 00 81 ef 1a 00 00 02 04 0d 00 00 01 00 0c 57 02 08 cd ab 13 8e 44 65 73 74 69 74 75 74 
65 20 54 72 61 73 68 00 00 00 00 00 00 00 00 00 00 00 00 00 00 00 00 00 00 10 00 00 22 d5 01 de 
43 1c 00 c6 01 80 c3 1a 00 00 5c 4c 0a 00 28 00 00 00 70 b4 65 c9 c0 00 00 00 00 00 c0 57 40 00 
00 00 c8 65 88 d8 c0 c0 01 82 03 a8 10 c2 01 b2 09 c2 01 07 08 00 00 81 ef 1a 00 00 02 04 0b 00 
00 00 00 04 01 01 26 02 41 81 67 17 00 27 00 1c 22 00 c6 01 11 00 00 00 00 00 00 00 37 00 00 08 
0e 00 41 66 74 65 72 57 68 6f 72 75 4e 65 6f 00 0e 00 41 66 74 65 72 57 68 6f 72 75 4e 65 6f 00 
02 00 4d 00 00 00 00 00 00 00 41 81 67 17 00 27 00 1c 22 00 c6 01 11 00 00 00 00 00 00 00 37 00 
00 08 0e 00 41 66 74 65 72 57 68 6f 72 75 4e 65 6f 00 0e 00 41 66 74 65 72 57 68 6f 72 75 4e 65 
6f 00 02 00 4d 00 00 00 00 00 00 00 
.?;.H...........!K......B?......W......Destitute Trash.....................".eC.........\...../.
........W@....m.................................W......Destitute Trash....................."...C
.........\L..(.....d........W@.....................................W......Destitute Trash.......
.............."..C.........\...j.F........W@...xf................................W......Destitut
