Client->GAME [12:52:59 07/15/09] packet size: 25 CRYPTED, Flags: 7f ServerSeq: 1036 ClientSeq: 1135
02 04 01 00 27 01 12 81 8e 06 00 00 00 03 00 00 00 10 00 00 00 03 00 00 00 
....'....................

GAME->Client [12:52:59 07/15/09] packet size: 24 CRYPTED, Flags: 7f ServerSeq: 1133 ClientSeq: 1038
82 17 60 fb 48 03 21 00 02 08 f0 a6 18 46 00 00 be 42 d3 e0 fb c6 00 00 
..`.H.!......F...B......

Client->GAME [12:52:59 07/15/09] packet size: 1 CRYPTED, Flags: 7f ServerSeq: 1037 ClientSeq: 1136
02 
.

GAME->Client [12:52:59 07/15/09] packet size: 696 CRYPTED, Flags: 7f ServerSeq: 1134 ClientSeq: 1039
02 04 01 01 29 1e 16 80 bc 15 00 31 06 00 f7 03 00 00 08 02 00 00 00 00 01 00 00 00 00 16 80 bc 
15 00 32 06 00 f7 03 00 00 07 02 ec ff ff ff 01 00 00 00 00 16 80 bc 15 00 33 06 00 f7 03 00 00 
50 04 00 00 00 00 01 00 00 00 00 16 80 bc 15 00 34 06 00 f7 03 00 00 f4 03 00 00 00 00 01 00 00 
00 00 16 80 bc 15 00 35 06 00 f7 03 00 00 51 04 f6 ff ff ff 01 00 00 00 00 16 80 bc 15 00 36 06 
00 f7 03 00 00 52 04 0f 00 00 00 01 00 00 00 00 16 80 bc 11 00 37 06 00 00 00 00 00 cb 02 00 00 
00 00 01 00 00 00 00 16 80 bc 56 00 7c 06 00 0a 95 00 00 06 04 02 00 00 00 01 00 00 00 00 16 80 
bc 56 00 7d 06 00 0a 95 00 00 b4 00 11 00 00 00 01 00 00 00 00 16 80 bc 56 00 7e 06 00 0a 95 00 
00 b5 00 11 00 00 00 01 00 00 00 00 16 80 bc 56 00 7f 06 00 0a 95 00 00 07 04 02 00 00 00 01 00 
00 00 00 16 80 bc 56 00 80 06 00 8a b2 00 00 23 04 02 00 00 00 01 00 00 00 00 16 80 bc 56 00 81 
06 00 8a b2 00 00 21 04 01 00 00 00 01 00 00 00 00 16 80 bc 56 00 82 06 00 8a b2 00 00 b4 00 1d 
00 00 00 01 00 00 00 00 16 80 bc 56 00 83 06 00 8a b2 00 00 09 04 1d 00 00 00 01 00 00 00 00 16 
80 bc 56 00 84 06 00 8a b2 00 00 9d 00 1d 00 00 00 01 00 00 00 00 16 80 bc 56 00 85 06 00 8a b2 
00 00 06 04 01 00 00 00 01 00 00 00 00 16 80 bc 56 00 86 06 00 24 b3 00 00 89 02 02 00 00 00 01 
00 00 00 00 16 80 bc 56 00 87 06 00 24 b3 00 00 1a 04 01 00 00 00 01 00 00 00 00 16 80 bc 56 00 
88 06 00 24 b3 00 00 b4 00 21 00 00 00 01 00 00 00 00 16 80 bc 56 00 89 06 00 24 b3 00 00 09 04 
21 00 00 00 01 00 00 00 00 16 80 bc 56 00 8a 06 00 24 b3 00 00 15 04 02 00 00 00 01 00 00 00 00 
16 80 bc 56 00 8b 06 00 24 b3 00 00 b5 00 21 00 00 00 01 00 00 00 00 16 80 bc 56 00 8c 06 00 95 
a7 00 00 b4 00 12 00 00 00 01 00 00 00 00 16 80 bc 56 00 8d 06 00 95 a7 00 00 b5 00 12 00 00 00 
01 00 00 00 00 16 80 bc 56 00 8e 06 00 95 a7 00 00 09 04 12 00 00 00 01 00 00 00 00 16 80 bc 56 
00 8f 06 00 95 a7 00 00 70 00 0f 00 00 00 01 00 00 00 00 16 80 bc 56 00 90 06 00 2c b3 00 00 17 
04 01 00 00 00 01 00 00 00 00 16 80 bc 56 00 91 06 00 2c b3 00 00 b4 00 21 00 00 00 01 00 00 00 
00 16 80 bc 56 00 92 06 00 2c b3 00 00 09 04 21 00 00 00 01 00 00 00 00 
....)......1......................2......................3......P...............4...............
.......5......Q...............6......R...............7....................V.|...................
.V.}....................V.~....................V......................V........#.............V..
......!.............V......................V......................V......................V......
................V....$.................V....$.................V....$.....!...........V....$.....
!...........V....$.................V....$.....!...........V......................V..............
........V......................V........p.............V....,.................V....,.....!.......
....V....,.....!........

Client->GAME [12:52:59 07/15/09] packet size: 1 CRYPTED, Flags: 7f ServerSeq: 1038 ClientSeq: 1137
02 
.

GAME->Client [12:52:59 07/15/09] packet size: 696 CRYPTED, Flags: 7f ServerSeq: 1135 ClientSeq: 1024
02 04 01 01 47 1e 16 80 bc 56 00 93 06 00 2c b3 00 00 12 04 02 00 00 00 01 00 00 00 00 16 80 bc 
56 00 94 06 00 2c b3 00 00 07 04 02 00 00 00 01 00 00 00 00 16 80 bc 56 00 95 06 00 2c b3 00 00 
b5 00 21 00 00 00 01 00 00 00 00 16 80 bc 56 00 96 06 00 c3 b2 00 00 89 02 02 00 00 00 01 00 00 
00 00 16 80 bc 56 00 97 06 00 c3 b2 00 00 21 04 02 00 00 00 01 00 00 00 00 16 80 bc 56 00 98 06 
00 c3 b2 00 00 b4 00 1f 00 00 00 01 00 00 00 00 16 80 bc 56 00 99 06 00 c3 b2 00 00 09 04 1f 00 
00 00 01 00 00 00 00 16 80 bc 56 00 9a 06 00 c3 b2 00 00 1e 04 01 00 00 00 01 00 00 00 00 16 80 
bc 56 00 9b 06 00 c3 b2 00 00 9d 00 1f 00 00 00 01 00 00 00 00 16 80 bc 55 00 a5 06 00 02 00 00 
00 cc 00 0c 00 00 00 01 00 00 00 00 16 80 bc 55 00 af 06 00 0b 00 00 00 37 02 96 00 00 00 01 00 
00 00 00 16 80 bc 55 00 b0 06 00 2d 00 00 00 23 04 0a 00 00 00 01 00 00 00 00 16 80 bc 55 00 b1 
06 00 2d 00 00 00 20 04 0a 00 00 00 01 00 00 00 00 16 80 bc 55 00 b2 06 00 2d 00 00 00 19 04 05 
00 00 00 01 00 00 00 00 16 80 bc 55 00 b3 06 00 2d 00 00 00 42 04 05 00 00 00 01 00 00 00 00 16 
80 bc 55 00 b4 06 00 34 00 00 00 83 02 c8 00 00 00 01 00 00 00 00 16 80 bc 55 00 b5 06 00 4b 00 
00 00 1f 04 19 00 00 00 01 00 00 00 00 16 80 bc 55 00 b6 06 00 5f 00 00 00 7c 04 0f 00 00 00 01 
00 00 00 00 16 80 bc 55 00 b7 06 00 5f 00 00 00 07 04 0f 00 00 00 01 00 00 00 00 16 80 bc 55 00 
b8 06 00 62 00 00 00 06 04 01 00 00 00 01 00 00 00 00 16 80 bc 55 00 b9 06 00 62 00 00 00 15 04 
01 00 00 00 01 00 00 00 00 16 80 bc 55 00 ba 06 00 5a 01 00 00 07 04 05 00 00 00 01 00 00 00 00 
16 80 bc 55 00 bb 06 00 5a 01 00 00 1d 04 0f 00 00 00 01 00 00 00 00 16 80 bc 55 00 bc 06 00 64 
01 00 00 1f 04 05 00 00 00 01 00 00 00 00 16 80 bc 55 00 bd 06 00 66 01 00 00 7b 04 05 00 00 00 
01 00 00 00 00 16 80 bc 55 00 be 06 00 66 01 00 00 12 04 0a 00 00 00 01 00 00 00 00 16 80 bc 55 
00 bf 06 00 66 01 00 00 06 04 0b 00 00 00 01 00 00 00 00 16 80 bc 55 00 c0 06 00 8e 01 00 00 03 
04 05 00 00 00 01 00 00 00 00 16 80 bc 55 00 c1 06 00 8e 01 00 00 12 04 0f 00 00 00 01 00 00 00 
00 16 80 bc 55 00 c2 06 00 8e 01 00 00 77 04 05 00 00 00 01 00 00 00 00 
....G....V....,.................V....,.................V....,.....!...........V.................
.....V........!.............V......................V......................V.....................
.V......................U......................U........7.............U....-...#.............U..
..-... .............U....-.................U....-...B.............U....4.................U....K.
................U...._...|.............U...._.................U....b.................U....b.....
............U....Z.................U....Z.................U....d.................U....f...{.....
........U....f.................U....f.................U......................U..................
....U........w..........

Client->GAME [12:52:59 07/15/09] packet size: 1 CRYPTED, Flags: 7f ServerSeq: 1039 ClientSeq: 1138
02 
.

GAME->Client [12:52:59 07/15/09] packet size: 700 CRYPTED, Flags: 7f ServerSeq: 1136 ClientSeq: 1025
02 04 02 01 65 03 16 80 bc 55 00 c3 06 00 cd 01 00 00 e5 03 05 00 00 00 01 00 00 00 00 16 80 bc 
55 00 c4 06 00 cd 01 00 00 73 04 05 00 00 00 01 00 00 00 00 16 80 bc 55 00 c5 06 00 cd 01 00 00 
e3 03 0f 00 00 00 01 00 00 00 00 01 68 1c 16 80 bc 55 00 c6 06 00 d5 01 00 00 e3 03 05 00 00 00 
01 00 00 00 00 16 80 bc 55 00 c7 06 00 36 02 00 00 37 02 0a 00 00 00 01 00 00 00 00 16 80 bc 55 
00 c8 06 00 74 02 00 00 34 02 1e 00 00 00 01 00 00 00 00 16 80 bc 15 00 c9 06 00 11 00 00 00 ab 
00 0d 00 00 00 01 00 00 00 00 16 80 bc 15 00 ca 06 00 11 00 00 00 0a 02 4d 00 00 00 01 00 00 00 
00 16 80 bc 15 00 cb 06 00 11 00 00 00 f2 03 34 00 00 00 01 00 00 00 00 16 80 bc 15 00 cc 06 00 
11 00 00 00 ed 03 4d 00 00 00 01 00 00 00 00 16 80 bc 15 00 cd 06 00 11 00 00 00 9f 00 19 00 00 
00 01 00 00 00 00 16 80 bc 15 00 ce 06 00 11 00 00 00 f1 03 34 00 00 00 01 00 00 00 00 16 80 bc 
15 00 cf 06 00 11 00 00 00 0c 02 34 00 00 00 01 00 00 00 00 16 80 bc 15 00 d0 06 00 11 00 00 00 
b7 00 4d 00 00 00 01 00 00 00 00 16 80 bc 15 00 d1 06 00 11 00 00 00 f3 03 46 00 00 00 01 00 00 
00 00 0b 80 bd 05 11 00 00 00 00 00 00 00 16 80 bc 15 00 d2 06 00 11 00 00 00 ab 00 0c 00 00 00 
00 00 00 00 00 16 80 bc 15 00 d3 06 00 11 00 00 00 0a 02 4b 00 00 00 00 00 00 00 00 16 80 bc 15 
00 d4 06 00 11 00 00 00 f2 03 31 00 00 00 00 00 00 00 00 16 80 bc 15 00 d5 06 00 11 00 00 00 ed 
03 4b 00 00 00 00 00 00 00 00 16 80 bc 15 00 d6 06 00 11 00 00 00 9f 00 19 00 00 00 00 00 00 00 
00 16 80 bc 15 00 d7 06 00 11 00 00 00 f1 03 31 00 00 00 00 00 00 00 00 16 80 bc 15 00 d8 06 00 
11 00 00 00 0c 02 34 00 00 00 00 00 00 00 00 16 80 bc 15 00 d9 06 00 11 00 00 00 b7 00 46 00 00 
00 00 00 00 00 00 16 80 bc 15 00 da 06 00 11 00 00 00 f3 03 46 00 00 00 00 00 00 00 00 0b 80 bd 
05 11 00 00 00 00 00 00 01 16 80 bc 15 00 d2 06 00 11 00 00 00 ab 00 0c 00 00 00 01 00 00 00 00 
16 80 bc 15 00 d3 06 00 11 00 00 00 0a 02 4b 00 00 00 01 00 00 00 00 16 80 bc 15 00 d4 06 00 11 
00 00 00 f2 03 31 00 00 00 01 00 00 00 00 16 80 bc 15 00 d5 06 00 11 00 00 00 ed 03 4b 00 00 00 
01 00 00 00 00 16 80 bc 15 00 d6 06 00 11 00 00 00 9f 00 19 00 00 00 01 00 00 00 00 
....e....U......................U........s.............U....................h....U..............
........U....6...7.............U....t...4...............................................M.......
...............4......................M.............................................4...........
...........4......................M......................F......................................
...................K......................1......................K..............................
...............1......................4......................F......................F...........
..............................................K......................1......................K...
............................

Client->GAME [12:53:00 07/15/09] packet size: 1 CRYPTED, Flags: 7f ServerSeq: 1024 ClientSeq: 1139
02 
.

GAME->Client [12:53:00 07/15/09] packet size: 269 CRYPTED, Flags: 7f ServerSeq: 1137 ClientSeq: 1026
02 04 01 01 84 11 16 80 bc 15 00 d7 06 00 11 00 00 00 f1 03 31 00 00 00 01 00 00 00 00 16 80 bc 
15 00 d8 06 00 11 00 00 00 0c 02 34 00 00 00 01 00 00 00 00 16 80 bc 15 00 d9 06 00 11 00 00 00 
b7 00 46 00 00 00 01 00 00 00 00 16 80 bc 15 00 da 06 00 11 00 00 00 f3 03 46 00 00 00 01 00 00 
00 00 04 80 b3 11 00 16 80 bc 45 03 11 00 00 02 00 00 00 11 00 32 00 00 00 01 00 00 00 00 04 80 
b3 35 04 16 80 bc 45 03 35 04 00 62 00 00 00 35 04 00 00 00 00 01 00 00 00 00 04 80 b3 3d 04 16 
80 bc 45 03 3d 04 00 43 00 00 00 3d 04 00 00 00 00 01 00 00 00 00 04 80 b3 3e 04 16 80 bc 45 03 
3e 04 00 4f 01 00 00 3e 04 00 00 00 00 01 00 00 00 00 04 80 b3 3f 04 16 80 bc 45 03 3f 04 00 64 
01 00 00 3f 04 00 00 00 00 01 00 00 00 00 04 80 b3 40 04 16 80 bc 45 03 40 04 00 d5 01 00 00 40 
04 00 00 00 00 01 00 00 00 00 02 81 07 
....................1......................4......................F......................F......
..........E..........2...........5....E.5..b...5.............=....E.=..C...=.............>....E.
>..O...>.............?....E.?..d...?.............@....E.@......@.............

Client->GAME [12:53:00 07/15/09] packet size: 13 CRYPTED, Flags: 7f ServerSeq: 1025 ClientSeq: 1140
02 04 01 00 28 01 06 81 08 00 00 00 00 
....(........

GAME->Client [12:53:00 07/15/09] packet size: 1 CRYPTED, Flags: 7f ServerSeq: 1138 ClientSeq: 1028
02 
.

GAME->Client [12:53:00 07/15/09] packet size: 1 CRYPTED, Flags: 7f ServerSeq: 1139 ClientSeq: 1028
42 
B

GAME->Client [12:53:01 07/15/09] packet size: 5 CRYPTED, Flags: 7f ServerSeq: 1140 ClientSeq: 1028
c2 47 60 fb 48 
.G`.H

Client->GAME [12:53:01 07/15/09] packet size: 1 CRYPTED, Flags: 7f ServerSeq: 1028 ClientSeq: 1141
02 
.

GAME->Client [12:53:01 07/15/09] packet size: 1 CRYPTED, Flags: 7f ServerSeq: 1141 ClientSeq: 1028
42 
B

Client->GAME [12:53:01 07/15/09] packet size: 1 CRYPTED, Flags: 7f ServerSeq: 1029 ClientSeq: 1142
42 
B

GAME->Client [12:53:01 07/15/09] packet size: 1 CRYPTED, Flags: 7f ServerSeq: 1142 ClientSeq: 1029
42 
B

GAME->Client [12:53:01 07/15/09] packet size: 1 CRYPTED, Flags: 7f ServerSeq: 1143 ClientSeq: 1030
42 
B

GAME->Client [12:53:01 07/15/09] packet size: 142 CRYPTED, Flags: 0 ServerSeq: 1 ClientSeq: 0
82 55 60 fb 48 04 01 00 00 03 6d 06 0e 00 03 00 00 00 55 60 fb 48 01 42 00 32 00 72 65 73 6f 75 
72 63 65 2f 77 6f 72 6c 64 73 2f 66 69 6e 61 6c 5f 77 6f 72 6c 64 2f 69 6e 74 65 72 6e 61 74 69 
6f 6e 61 6c 2f 69 74 2e 6d 65 74 72 00 29 00 48 61 6c 6c 6f 77 65 65 6e 5f 45 76 65 6e 74 2c 57 
69 6e 74 65 72 33 50 6c 75 73 48 61 6c 6c 6f 77 65 65 6e 54 53 45 43 00 0a 80 e5 e7 cb c0 12 00 
00 00 00 0a 80 e4 bc 58 7a 00 00 00 00 00 
.U`.H.....m.......U`.H.B.2.resource/worlds/final_world/international/it.metr.).Halloween_Event,W
inter3PlusHalloweenTSEC................Xz.....

Client->GAME [12:53:01 07/15/09] packet size: 13 CRYPTED, Flags: 0 ServerSeq: 0 ClientSeq: 1
22 04 01 00 00 01 06 81 51 00 00 00 00 
".......Q....

Client->GAME [12:53:01 07/15/09] packet size: 6 CRYPTED, Flags: 1 ServerSeq: 1 ClientSeq: 2
02 05 02 0c 00 00 
......

GAME->Client [12:53:01 07/15/09] packet size: 72 CRYPTED, Flags: 3 ServerSeq: 2 ClientSeq: 2
02 04 01 00 03 01 41 81 67 17 00 27 00 1c 22 00 c6 01 11 00 00 00 00 00 00 00 37 00 00 08 0e 00 
41 66 74 65 72 57 68 6f 72 75 4e 65 6f 00 0e 00 41 66 74 65 72 57 68 6f 72 75 4e 65 6f 00 02 00 
4b 00 00 00 00 00 00 00 
......A.g..'.."...........7.....AfterWhoruNeo...AfterWhoruNeo...K.......

GAME->Client [12:53:03 07/15/09] packet size: 72 CRYPTED, Flags: 3 ServerSeq: 3 ClientSeq: 2
02 04 01 00 03 01 41 81 67 17 00 27 00 1c 22 00 c6 01 11 00 00 00 00 00 00 00 37 00 00 08 0e 00 
41 66 74 65 72 57 68 6f 72 75 4e 65 6f 00 0e 00 41 66 74 65 72 57 68 6f 72 75 4e 65 6f 00 02 00 
4b 00 00 00 00 00 00 00 
......A.g..'.."...........7.....AfterWhoruNeo...AfterWhoruNeo...K.......

Client->GAME [12:53:04 07/15/09] packet size: 8 CRYPTED, Flags: 1 ServerSeq: 1 ClientSeq: 3
02 04 01 00 01 01 01 05 
........

Client->GAME [12:53:04 07/15/09] packet size: 13 CRYPTED, Flags: 7 ServerSeq: 3 ClientSeq: 4
02 04 01 00 00 01 06 81 51 00 00 00 00 
........Q....

GAME->Client [12:53:04 07/15/09] packet size: 293 CRYPTED, Flags: f ServerSeq: 4 ClientSeq: 4
82 c1 60 fb 48 03 01 00 0c 0c 00 20 cd ab 1b 8b 81 ff 71 02 00 00 41 6e 64 65 72 73 6f 6e 00 00 
00 00 00 00 00 00 00 00 00 00 00 00 00 00 00 00 00 00 00 00 00 00 90 54 68 6f 6d 61 73 00 00 00 
00 00 00 00 00 00 00 00 00 00 00 00 00 00 00 00 00 00 00 00 00 00 00 80 d8 28 0a 0c 00 00 00 01 
8e 81 ff f7 00 31 5e 00 00 c6 67 00 41 66 74 65 72 57 68 6f 72 75 4e 65 6f 00 00 00 00 00 00 00 
00 00 00 00 00 00 00 00 00 00 00 00 28 0a fd 64 01 00 00 67 00 75 d4 01 00 4b b1 00 00 00 00 73 
1a e9 88 80 60 04 00 02 8e 00 00 00 f7 00 9d 00 00 00 00 00 c8 99 c0 00 00 00 00 00 c0 57 40 00 
00 00 00 40 0b e4 c0 81 ff 32 22 80 81 c4 23 ad 1e 1c 01 11 00 00 00 67 00 02 00 00 00 00 04 01 
00 03 01 41 81 67 17 00 27 00 1c 22 00 c6 01 11 00 00 00 00 00 00 00 37 00 00 08 0e 00 41 66 74 
65 72 57 68 6f 72 75 4e 65 6f 00 0e 00 41 66 74 65 72 57 68 6f 72 75 4e 65 6f 00 02 00 4b 00 00 
00 00 00 00 00 
..`.H...... ......q...Anderson.........................Thomas............................(......
.....1^...g.AfterWhoruNeo...................(..d...g.u...K.....s....`........................W@.
...@.....2"...#........g...........A.g..'.."...........7.....AfterWhoruNeo...AfterWhoruNeo...K..
.....

Client->GAME [12:53:05 07/15/09] packet size: 12
00 00 00 00 00 01 04 08 a2 7c cc 00 
.........|..

GAME->Client [12:53:05 07/15/09] packet size: 12
00 00 00 00 00 01 04 08 a2 7c cc 00 
.........|..

Client->GAME [12:53:05 07/15/09] packet size: 55 CRYPTED, Flags: f ServerSeq: 4 ClientSeq: 5
02 03 02 00 02 60 08 41 6e 64 65 72 73 6f 6e 06 54 68 6f 6d 61 73 00 00 04 01 00 02 05 02 80 be 
07 3f 4e 00 10 00 00 00 08 3e 6b 00 10 00 00 00 00 02 81 48 02 0c 01 
.....`.Anderson.Thomas...........?N......>k........H...

GAME->Client [12:53:05 07/15/09] packet size: 715 CRYPTED, Flags: 1f ServerSeq: 5 ClientSeq: 5
02 03 01 00 0c 57 02 21 cd ab 0f 8e 53 69 73 74 65 72 73 20 6f 66 20 46 61 74 65 20 53 74 75 64 
65 6e 74 00 00 00 00 00 00 00 00 00 00 10 00 00 22 c4 7f 01 80 c1 cf 09 00 58 00 00 00 00 84 5f 
82 c0 00 00 00 00 00 c0 57 40 00 00 00 5a d5 87 e5 c0 c0 01 82 03 a8 0b 45 01 b2 09 45 01 07 08 
00 00 80 02 02 37 00 00 01 00 0c 57 02 22 cd ab 11 8e 53 69 73 74 65 72 73 20 6f 66 20 46 61 74 
65 20 53 74 75 64 65 6e 74 00 00 00 00 00 00 00 00 00 00 10 00 00 22 c4 dd 01 80 d1 ce 09 00 58 
0a 00 00 00 80 64 9c a8 40 00 00 00 00 00 c0 57 40 00 00 00 46 79 dc e6 c0 c0 01 83 01 03 a8 0b 
45 01 b2 09 45 01 07 08 00 00 80 02 02 35 00 00 01 00 0c 57 02 23 cd ab 10 8e 53 69 73 74 65 72 
73 20 6f 66 20 46 61 74 65 20 53 74 75 64 65 6e 74 00 00 00 00 00 00 00 00 00 00 10 00 00 22 c4 
06 01 80 c1 cf 09 00 58 00 00 00 00 90 0a 51 c0 00 00 00 00 00 c0 57 40 00 00 00 48 59 5e e1 c0 
c0 01 83 05 03 a8 0b 45 01 b2 09 45 01 07 08 00 00 80 02 02 33 00 00 01 00 0c 57 02 24 cd ab 10 
8e 53 69 73 74 65 72 73 20 6f 66 20 46 61 74 65 20 53 74 75 64 65 6e 74 00 00 00 00 00 00 00 00 
00 00 10 00 00 22 c4 3d 01 80 c1 cf 09 00 58 00 00 00 20 23 a7 bb c0 00 00 00 00 00 c0 57 40 00 
00 00 f2 08 9b e5 c0 c0 01 83 05 03 a8 0b 45 01 b2 09 45 01 07 08 00 00 80 02 02 31 00 00 01 00 
08 50 02 3c 02 80 08 10 cd ab 01 01 00 00 00 00 00 c8 99 c0 00 00 00 00 00 40 60 40 00 00 00 00 
c0 17 e4 c0 21 00 00 00 00 04 01 00 04 0b 16 80 bc 56 00 d9 06 00 0a 95 00 00 06 04 02 00 00 00 
01 00 00 00 00 16 80 bc 56 00 da 06 00 0a 95 00 00 b4 00 11 00 00 00 01 00 00 00 00 16 80 bc 56 
00 db 06 00 0a 95 00 00 b5 00 11 00 00 00 01 00 00 00 00 16 80 bc 56 00 dc 06 00 0a 95 00 00 07 
04 02 00 00 00 01 00 00 00 00 16 80 bc 56 00 1d 07 00 0a 95 00 00 06 04 02 00 00 00 00 00 00 00 
00 16 80 bc 56 00 1e 07 00 0a 95 00 00 b4 00 11 00 00 00 00 00 00 00 00 16 80 bc 56 00 1f 07 00 
0a 95 00 00 b5 00 11 00 00 00 00 00 00 00 00 16 80 bc 56 00 20 07 00 0a 95 00 00 07 04 02 00 00 
00 00 00 00 00 00 16 80 bc 56 00 dd 06 00 8a b2 00 00 23 04 02 00 00 00 01 00 00 00 00 16 80 bc 
56 00 de 06 00 8a b2 00 00 21 04 01 00 00 00 01 00 00 00 00 16 80 bc 56 00 df 06 00 8a b2 00 00 
b4 00 1d 00 00 00 01 00 00 00 00 
.....W.!....Sisters of Fate Student............."........X....._........W@...Z..........E...E...
.....7.....W."....Sisters of Fate Student............."........X.....d..@......W@...Fy..........
E...E........5.....W.#....Sisters of Fate Student............."........X......Q.......W@...HY^..
.......E...E........3.....W.$....Sisters of Fate Student.............".=......X... #.........W@.
..............E...E........1.....P.<.....................@`@........!............V..............
........V......................V......................V......................V..................
....V......................V......................V. ....................V........#.............
V........!.............V...................

GAME->Client [12:53:05 07/15/09] packet size: 726 CRYPTED, Flags: 1f ServerSeq: 6 ClientSeq: 5
82 e4 60 fb 48 03 01 00 0c 57 02 25 cd ab 10 8e 53 69 73 74 65 72 73 20 6f 66 20 46 61 74 65 20 
53 74 75 64 65 6e 74 00 00 00 00 00 00 00 00 00 00 10 00 00 22 c4 69 01 80 c1 cf 09 00 58 00 00 
00 50 b7 d3 aa 40 00 00 00 00 00 c0 57 40 00 00 00 28 a2 dd e4 c0 c0 01 83 04 03 a8 0b 45 01 b2 
09 45 01 07 08 00 00 80 02 02 2f 00 00 01 00 0c 57 02 26 cd ab 11 8e 53 69 73 74 65 72 73 20 6f 
66 20 46 61 74 65 20 53 74 75 64 65 6e 74 00 00 00 00 00 00 00 00 00 00 10 00 00 22 c4 eb 01 80 
d1 ce 09 00 58 0a 00 00 00 00 c5 be 85 c0 00 00 00 00 00 c0 57 40 00 00 80 6b 51 fa e6 c0 c0 01 
83 01 03 a8 0b 45 01 b2 09 45 01 07 08 00 00 80 02 02 2d 00 00 01 00 0c 57 02 27 cd ab 10 8e 53 
69 73 74 65 72 73 20 6f 66 20 46 61 74 65 20 53 74 75 64 65 6e 74 00 00 00 00 00 00 00 00 00 00 
10 00 00 22 c4 1e 01 80 c1 cf 09 00 58 00 00 00 40 e7 48 5c 40 00 00 00 00 00 c0 57 40 00 00 00 
6c 1d e3 e3 c0 c0 01 83 05 03 a8 0b 45 01 b2 09 45 01 07 08 00 00 80 02 02 2b 00 00 01 00 0c 57 
02 28 cd ab 11 8e 53 69 73 74 65 72 73 20 6f 66 20 46 61 74 65 20 53 74 75 64 65 6e 74 00 00 00 
00 00 00 00 00 00 00 10 00 00 22 c4 5a 01 80 d1 ce 09 00 58 0a 00 00 00 20 23 c2 aa 40 00 00 00 
00 00 c0 57 40 00 00 00 a0 33 f5 e2 c0 c0 01 83 01 03 a8 0b 45 01 b2 09 45 01 07 08 00 00 80 02 
02 29 00 00 00 00 04 01 00 0f 0d 16 80 bc 56 00 e0 06 00 8a b2 00 00 09 04 1d 00 00 00 01 00 00 
00 00 16 80 bc 56 00 e1 06 00 8a b2 00 00 9d 00 1d 00 00 00 01 00 00 00 00 16 80 bc 56 00 e2 06 
00 8a b2 00 00 06 04 01 00 00 00 01 00 00 00 00 16 80 bc 56 00 21 07 00 8a b2 00 00 23 04 02 00 
00 00 00 00 00 00 00 16 80 bc 56 00 22 07 00 8a b2 00 00 21 04 01 00 00 00 00 00 00 00 00 16 80 
bc 56 00 23 07 00 8a b2 00 00 b4 00 1d 00 00 00 00 00 00 00 00 16 80 bc 56 00 24 07 00 8a b2 00 
00 09 04 1d 00 00 00 00 00 00 00 00 16 80 bc 56 00 25 07 00 8a b2 00 00 9d 00 1d 00 00 00 00 00 
00 00 00 16 80 bc 56 00 26 07 00 8a b2 00 00 06 04 01 00 00 00 00 00 00 00 00 16 80 bc 56 00 e3 
06 00 24 b3 00 00 89 02 02 00 00 00 01 00 00 00 00 16 80 bc 56 00 e4 06 00 24 b3 00 00 1a 04 01 
00 00 00 01 00 00 00 00 16 80 bc 56 00 e5 06 00 24 b3 00 00 b4 00 21 00 00 00 01 00 00 00 00 16 
80 bc 56 00 e6 06 00 24 b3 00 00 09 04 21 00 00 00 01 00 00 00 00 
..`.H....W.%....Sisters of Fate Student.............".i......X...P...@......W@...(...........E..
.E......../.....W.&....Sisters of Fate Student............."........X...............W@...kQ.....
.....E...E........-.....W.'....Sisters of Fate Student............."........X...@.H\@......W@...
l...........E...E........+.....W.(....Sisters of Fate Student.............".Z......X.... #..@...
...W@....3..........E...E........)............V......................V......................V...
...................V.!......#.............V."......!.............V.#....................V.$.....
...............V.%....................V.&....................V....$.................V....$......
...........V....$.....!...........V....$.....!........

Client->GAME [12:53:06 07/15/09] packet size: 1 CRYPTED, Flags: 1f ServerSeq: 5 ClientSeq: 6
02 
.

Client->GAME [12:53:06 07/15/09] packet size: 1 CRYPTED, Flags: 3f ServerSeq: 6 ClientSeq: 7
02 
.

GAME->Client [12:53:06 07/15/09] packet size: 725 CRYPTED, Flags: 1f ServerSeq: 7 ClientSeq: 5
02 03 01 00 02 12 00 35 00 02 08 c4 e9 43 45 00 00 be 42 a4 d6 36 c7 01 00 02 13 00 33 00 02 0c 
fd 80 54 88 c2 00 00 be 42 ca f2 0a c7 01 00 02 13 00 31 00 02 0c 31 19 39 dd c5 00 00 be 42 48 
d8 2c c7 01 00 02 13 00 2f 00 02 0c 72 ba 9d 56 45 00 00 be 42 11 ed 26 c7 01 00 02 14 00 2b 00 
02 0e 00 15 3a 47 e2 42 00 00 be 42 eb 18 1f c7 01 00 02 14 00 29 00 02 0e 04 63 19 11 56 45 00 
00 be 42 9d a9 17 c7 01 00 0c 57 02 29 cd ab 0f 8e 53 69 73 74 65 72 73 20 6f 66 20 46 61 74 65 
20 53 74 75 64 65 6e 74 00 00 00 00 00 00 00 00 00 00 10 00 00 22 c4 c0 01 80 c1 cf 09 00 58 00 
00 00 94 40 84 b7 c0 00 00 00 00 00 c0 57 40 00 00 00 3c bc 47 e5 c0 c0 01 82 03 a8 0b 45 01 b2 
09 45 01 07 08 00 00 80 02 02 27 00 00 01 00 0c 57 02 2a cd ab 11 8e 53 69 73 74 65 72 73 20 6f 
66 20 46 61 74 65 20 53 74 75 64 65 6e 74 00 00 00 00 00 00 00 00 00 00 10 00 00 22 c4 4c 01 80 
d1 ce 09 00 58 0a 00 00 00 60 ae 1a a9 40 00 00 00 00 00 c0 57 40 00 00 00 90 1b c1 e2 c0 c0 01 
83 01 03 a8 0b 45 01 b2 09 45 01 07 08 00 00 80 02 02 25 00 00 01 00 0c 57 02 2b cd ab 0e 8e 53 
69 73 74 65 72 73 20 6f 66 20 46 61 74 65 20 53 74 75 64 65 6e 74 00 00 00 00 00 00 00 00 00 00 
10 00 00 22 c0 01 80 c1 cf 09 00 58 00 00 00 00 00 c0 52 40 00 00 00 00 00 c0 57 40 00 00 00 70 
a1 98 e5 c0 c0 01 82 03 a8 0b 45 01 b2 09 45 01 07 08 00 00 80 02 02 23 00 00 00 00 04 01 00 1c 
0c 16 80 bc 56 00 e7 06 00 24 b3 00 00 15 04 02 00 00 00 01 00 00 00 00 16 80 bc 56 00 e8 06 00 
24 b3 00 00 b5 00 21 00 00 00 01 00 00 00 00 16 80 bc 56 00 27 07 00 24 b3 00 00 89 02 02 00 00 
00 00 00 00 00 00 16 80 bc 56 00 28 07 00 24 b3 00 00 1a 04 01 00 00 00 00 00 00 00 00 16 80 bc 
56 00 29 07 00 24 b3 00 00 b4 00 21 00 00 00 00 00 00 00 00 16 80 bc 56 00 2a 07 00 24 b3 00 00 
09 04 21 00 00 00 00 00 00 00 00 16 80 bc 56 00 2b 07 00 24 b3 00 00 15 04 02 00 00 00 00 00 00 
00 00 16 80 bc 56 00 2c 07 00 24 b3 00 00 b5 00 21 00 00 00 00 00 00 00 00 16 80 bc 56 00 e9 06 
00 95 a7 00 00 b4 00 12 00 00 00 01 00 00 00 00 16 80 bc 56 00 ea 06 00 95 a7 00 00 b5 00 12 00 
00 00 01 00 00 00 00 16 80 bc 56 00 eb 06 00 95 a7 00 00 09 04 12 00 00 00 01 00 00 00 00 16 80 
bc 56 00 ec 06 00 95 a7 00 00 70 00 0f 00 00 00 01 00 00 00 00 
.......5.....CE...B..6......3.....T.....B.........1...1.9.....BH.,....../...r..VE...B..&......+.
....:G.B...B.........)....c..VE...B.......W.)....Sisters of Fate Student............."........X.
...@.........W@...<.G........E...E........'.....W.*....Sisters of Fate Student.............".L..
....X....`...@......W@...............E...E........%.....W.+....Sisters of Fate Student..........
...".......X......R@......W@...p..........E...E........#............V....$.................V....
$.....!...........V.'..$.................V.(..$.................V.)..$.....!...........V.*..$...
..!...........V.+..$.................V.,..$.....!...........V......................V............
..........V......................V........p..........

Client->GAME [12:53:07 07/15/09] packet size: 1 CRYPTED, Flags: 7f ServerSeq: 7 ClientSeq: 8
02 
.

GAME->Client [12:53:07 07/15/09] packet size: 728 CRYPTED, Flags: 3f ServerSeq: 8 ClientSeq: 6
02 03 01 00 02 14 00 2f 00 02 0e 00 7c ba 9d 56 45 00 00 be 42 11 ed 26 c7 01 00 02 14 00 2b 00 
02 0e 00 0d 3a 47 e2 42 00 00 be 42 eb 18 1f c7 01 00 02 14 00 29 00 02 0e 04 6d 19 11 56 45 00 
00 be 42 9d a9 17 c7 01 00 02 12 00 25 00 02 08 28 2e 4a 45 00 00 be 42 66 0f 16 c7 01 00 0c 57 
02 2c cd ab 0f 8e 53 69 73 74 65 72 73 20 6f 66 20 46 61 74 65 20 53 74 75 64 65 6e 74 00 00 00 
00 00 00 00 00 00 00 10 00 00 22 c4 c2 01 80 c1 cf 09 00 58 00 00 00 00 80 65 85 c0 00 00 00 00 
00 c0 57 40 00 00 00 c0 81 aa e1 c0 c0 01 82 03 a8 0b 45 01 b2 09 45 01 07 08 00 00 80 02 02 1f 
00 00 01 00 0c 57 02 2d cd ab 11 8e 53 69 73 74 65 72 73 20 6f 66 20 46 61 74 65 20 53 74 75 64 
65 6e 74 00 00 00 00 00 00 00 00 00 00 10 00 00 22 c4 e7 01 80 d1 ce 09 00 58 0a 00 00 00 20 3d 
cf b4 c0 00 00 00 00 00 c0 57 40 00 00 00 e0 5e 42 e2 c0 c0 01 83 01 03 a8 0b 45 01 b2 09 45 01 
07 08 00 00 80 02 02 1d 00 00 01 00 0c 57 02 2e cd ab 0e 8e 53 69 73 74 65 72 73 20 6f 66 20 46 
61 74 65 20 53 74 75 64 65 6e 74 00 00 00 00 00 00 00 00 00 00 10 00 00 22 c0 01 80 c1 cf 09 00 
58 00 00 00 00 00 26 ab 40 00 00 00 00 00 c0 57 40 00 00 00 1c af b7 e6 c0 c0 01 82 03 a8 0b 45 
01 b2 09 45 01 07 08 00 00 80 02 02 1b 00 00 00 00 04 01 00 28 0e 16 80 bc 56 00 2d 07 00 95 a7 
00 00 b4 00 12 00 00 00 00 00 00 00 00 16 80 bc 56 00 2e 07 00 95 a7 00 00 b5 00 12 00 00 00 00 
00 00 00 00 16 80 bc 56 00 2f 07 00 95 a7 00 00 09 04 12 00 00 00 00 00 00 00 00 16 80 bc 56 00 
30 07 00 95 a7 00 00 70 00 0f 00 00 00 00 00 00 00 00 16 80 bc 56 00 ed 06 00 2c b3 00 00 17 04 
01 00 00 00 01 00 00 00 00 16 80 bc 56 00 ee 06 00 2c b3 00 00 b4 00 21 00 00 00 01 00 00 00 00 
16 80 bc 56 00 ef 06 00 2c b3 00 00 09 04 21 00 00 00 01 00 00 00 00 16 80 bc 56 00 f0 06 00 2c 
b3 00 00 12 04 02 00 00 00 01 00 00 00 00 16 80 bc 56 00 f1 06 00 2c b3 00 00 07 04 02 00 00 00 
01 00 00 00 00 16 80 bc 56 00 f2 06 00 2c b3 00 00 b5 00 21 00 00 00 01 00 00 00 00 16 80 bc 56 
00 31 07 00 2c b3 00 00 17 04 01 00 00 00 00 00 00 00 00 16 80 bc 56 00 32 07 00 2c b3 00 00 b4 
00 21 00 00 00 00 00 00 00 00 16 80 bc 56 00 33 07 00 2c b3 00 00 09 04 21 00 00 00 00 00 00 00 
00 16 80 bc 56 00 34 07 00 2c b3 00 00 12 04 02 00 00 00 00 00 00 00 00 
......./....|..VE...B..&......+.....:G.B...B.........)....m..VE...B.........%...(.JE...Bf......W
.,....Sisters of Fate Student............."........X.....e........W@..............E...E.........
.....W.-....Sisters of Fate Student............."........X.... =.........W@....^B.........E...E.
.............W......Sisters of Fate Student.............".......X.....&.@......W@..............E
...E................(....V.-....................V......................V./....................V.
0......p.............V....,.................V....,.....!...........V....,.....!...........V....,
.................V....,.................V....,.....!...........V.1..,.................V.2..,....
.!...........V.3..,.....!...........V.4..,..............

Client->GAME [12:53:07 07/15/09] packet size: 1 CRYPTED, Flags: 7f ServerSeq: 8 ClientSeq: 9
02 
.

GAME->Client [12:53:07 07/15/09] packet size: 712 CRYPTED, Flags: 7f ServerSeq: 9 ClientSeq: 8
02 03 01 00 02 13 00 1f 00 02 0c c2 00 2c 2b c4 00 00 be 42 0e 54 0d c7 01 00 0c 57 02 2f cd ab 
0e 8e 53 69 73 74 65 72 73 20 6f 66 20 46 61 74 65 20 53 74 75 64 65 6e 74 00 00 00 00 00 00 00 
00 00 00 10 00 00 22 c0 01 80 c1 ce 09 00 58 00 00 00 00 00 26 ab 40 00 00 00 00 00 c0 57 40 00 
00 00 6d 1e c1 e6 c0 c0 01 82 03 a8 0b 45 01 b2 09 45 01 07 08 00 00 80 02 02 19 00 00 01 00 0c 
57 02 30 cd ab 0f 8e 53 69 73 74 65 72 73 20 6f 66 20 46 61 74 65 20 53 74 75 64 65 6e 74 00 00 
00 00 00 00 00 00 00 00 10 00 00 22 c4 be 01 80 c1 ce 09 00 58 00 00 00 40 eb 6d 58 40 00 00 00 
00 00 c0 57 40 00 00 00 d0 12 d8 e3 c0 c0 01 82 03 a8 0b 45 01 b2 09 45 01 07 08 00 00 80 02 02 
17 00 00 01 00 0c 57 02 31 cd ab 0e 8e 53 69 73 74 65 72 73 20 6f 66 20 46 61 74 65 20 53 74 75 
64 65 6e 74 00 00 00 00 00 00 00 00 00 00 10 00 00 22 c0 01 80 c1 cf 09 00 58 00 00 00 00 bf 73 
81 c0 00 00 00 00 00 c0 57 40 00 00 00 00 a0 c9 e3 c0 c0 01 82 03 a8 0b 45 01 b2 09 45 01 07 08 
00 00 80 02 02 15 00 00 01 00 0c 57 02 32 cd ab 0e 8e 53 69 73 74 65 72 73 20 6f 66 20 46 61 74 
65 20 53 74 75 64 65 6e 74 00 00 00 00 00 00 00 00 00 00 10 00 00 22 c0 01 80 c1 cf 09 00 58 00 
00 00 00 00 26 ab 40 00 00 00 00 00 c0 57 40 00 00 00 94 8d b7 e4 c0 c0 01 82 03 a8 0b 45 01 b2 
09 45 01 07 08 00 00 80 02 02 13 00 00 00 00 04 01 00 36 0c 16 80 bc 56 00 35 07 00 2c b3 00 00 
07 04 02 00 00 00 00 00 00 00 00 16 80 bc 56 00 36 07 00 2c b3 00 00 b5 00 21 00 00 00 00 00 00 
00 00 16 80 bc 56 00 f3 06 00 c3 b2 00 00 89 02 02 00 00 00 01 00 00 00 00 16 80 bc 56 00 f4 06 
00 c3 b2 00 00 21 04 02 00 00 00 01 00 00 00 00 16 80 bc 56 00 f5 06 00 c3 b2 00 00 b4 00 1f 00 
00 00 01 00 00 00 00 16 80 bc 56 00 f6 06 00 c3 b2 00 00 09 04 1f 00 00 00 01 00 00 00 00 16 80 
bc 56 00 f7 06 00 c3 b2 00 00 1e 04 01 00 00 00 01 00 00 00 00 16 80 bc 56 00 f8 06 00 c3 b2 00 
00 9d 00 1f 00 00 00 01 00 00 00 00 16 80 bc 56 00 37 07 00 c3 b2 00 00 89 02 02 00 00 00 00 00 
00 00 00 16 80 bc 56 00 38 07 00 c3 b2 00 00 21 04 02 00 00 00 00 00 00 00 00 16 80 bc 56 00 39 
07 00 c3 b2 00 00 b4 00 1f 00 00 00 00 00 00 00 00 16 80 bc 56 00 3a 07 00 c3 b2 00 00 09 04 1f 
00 00 00 00 00 00 00 00 
.............,+....B.T.....W./....Sisters of Fate Student.............".......X.....&.@......W@.
..m..........E...E..............W.0....Sisters of Fate Student............."........X...@.mX@...
...W@..............E...E..............W.1....Sisters of Fate Student.............".......X.....s
........W@..............E...E..............W.2....Sisters of Fate Student.............".......X.
....&.@......W@..............E...E................6....V.5..,.................V.6..,.....!......
.....V......................V........!.............V......................V.....................
.V......................V......................V.7....................V.8......!.............V.9
....................V.:.................

Client->GAME [12:53:07 07/15/09] packet size: 1 CRYPTED, Flags: 7f ServerSeq: 9 ClientSeq: 10
02 
.

Client->GAME [12:53:07 07/15/09] packet size: 25 CRYPTED, Flags: 7f ServerSeq: 9 ClientSeq: 11
02 04 01 00 07 01 12 80 c9 4d 00 a0 0e 00 00 7a 44 00 80 18 44 00 68 3f c7 
.........M.....zD...D.h?.

GAME->Client [12:53:07 07/15/09] packet size: 713 CRYPTED, Flags: 7f ServerSeq: 10 ClientSeq: 9
02 03 01 00 0c 57 02 33 cd ab 0e 8e 53 69 73 74 65 72 73 20 6f 66 20 46 61 74 65 20 53 74 75 64 
65 6e 74 00 00 00 00 00 00 00 00 00 00 10 00 00 22 c0 01 80 c1 cf 09 00 58 00 00 00 00 00 26 ab 
40 00 00 00 00 00 c0 57 40 00 00 00 f4 19 ba e4 c0 c0 01 82 03 a8 0b 45 01 b2 09 45 01 07 08 00 
00 80 02 02 11 00 00 01 00 0c 57 02 34 cd ab 11 8e 53 69 73 74 65 72 73 20 6f 66 20 46 61 74 65 
20 53 74 75 64 65 6e 74 00 00 00 00 00 00 00 00 00 00 10 00 00 22 c4 e1 01 80 d1 cf 09 00 58 0a 
00 00 00 00 39 56 80 c0 00 00 00 00 00 c0 57 40 00 00 00 fc 96 51 e1 c0 c0 01 83 01 03 a8 0b 45 
01 b2 09 45 01 07 08 00 00 80 02 02 0f 00 00 01 00 0c 57 02 35 cd ab 11 8e 53 69 73 74 65 72 73 
20 6f 66 20 46 61 74 65 20 53 74 75 64 65 6e 74 00 00 00 00 00 00 00 00 00 00 10 00 00 22 c4 99 
01 80 d1 ce 09 00 58 0a 00 00 00 00 f4 20 64 c0 00 00 00 00 00 c0 57 40 00 00 00 80 13 ff e6 c0 
c0 01 83 01 03 a8 0b 45 01 b2 09 45 01 07 08 00 00 80 02 02 0d 00 00 01 00 0c 57 02 36 cd ab 11 
8e 53 69 73 74 65 72 73 20 6f 66 20 46 61 74 65 20 53 74 75 64 65 6e 74 00 00 00 00 00 00 00 00 
00 00 10 00 00 22 c4 1c 01 80 d1 ce 09 00 58 0a 00 00 00 d0 ca b9 b2 c0 00 00 00 00 00 c0 57 40 
00 00 00 6e e1 60 e2 c0 c0 01 83 01 03 a8 0b 45 01 b2 09 45 01 07 08 00 00 80 02 02 0b 00 00 00 
00 04 02 00 42 01 16 80 bc 56 00 3b 07 00 c3 b2 00 00 1e 04 01 00 00 00 00 00 00 00 00 00 43 0c 
16 80 bc 56 00 3c 07 00 c3 b2 00 00 9d 00 1f 00 00 00 00 00 00 00 00 16 80 bc 15 00 14 07 00 11 
00 00 00 ab 00 0d 00 00 00 01 00 00 00 00 16 80 bc 15 00 15 07 00 11 00 00 00 0a 02 4d 00 00 00 
01 00 00 00 00 16 80 bc 15 00 16 07 00 11 00 00 00 f2 03 34 00 00 00 01 00 00 00 00 16 80 bc 15 
00 17 07 00 11 00 00 00 ed 03 4d 00 00 00 01 00 00 00 00 16 80 bc 15 00 18 07 00 11 00 00 00 9f 
00 19 00 00 00 01 00 00 00 00 16 80 bc 15 00 19 07 00 11 00 00 00 f1 03 34 00 00 00 01 00 00 00 
00 16 80 bc 15 00 1a 07 00 11 00 00 00 0c 02 34 00 00 00 01 00 00 00 00 16 80 bc 15 00 1b 07 00 
11 00 00 00 b7 00 4d 00 00 00 01 00 00 00 00 16 80 bc 15 00 1c 07 00 11 00 00 00 f3 03 46 00 00 
00 01 00 00 00 00 0b 80 bd 05 11 00 00 00 00 00 00 00 16 80 bc 15 00 3d 07 00 11 00 00 00 ab 00 
0d 00 00 00 00 00 00 00 00 
.....W.3....Sisters of Fate Student.............".......X.....&.@......W@..............E...E....
..........W.4....Sisters of Fate Student............."........X.....9V........W@.....Q.........E
...E..............W.5....Sisters of Fate Student............."........X...... d.......W@........
.......E...E..............W.6....Sisters of Fate Student............."........X...............W@
...n.`.........E...E................B....V.;..................C....V.<..........................
............................M......................4......................M.....................
........................4......................4......................M......................F..
.......................=.................

Client->GAME [12:53:07 07/15/09] packet size: 1 CRYPTED, Flags: 7f ServerSeq: 10 ClientSeq: 12
02 
.

GAME->Client [12:53:07 07/15/09] packet size: 709 CRYPTED, Flags: 7f ServerSeq: 11 ClientSeq: 10
02 03 01 00 0c 57 02 37 cd ab 11 8e 53 69 73 74 65 72 73 20 6f 66 20 46 61 74 65 20 53 74 75 64 
65 6e 74 00 00 00 00 00 00 00 00 00 00 10 00 00 22 c4 b0 01 80 d1 cf 09 00 58 0a 00 00 00 d0 c6 
02 b5 c0 00 00 00 00 00 c0 57 40 00 00 00 0e a8 52 e2 c0 c0 01 83 01 03 a8 0b 45 01 b2 09 45 01 
07 08 00 00 80 02 02 09 00 00 01 00 0c 57 02 38 cd ab 0e 8e 53 69 73 74 65 72 73 20 6f 66 20 46 
61 74 65 20 53 74 75 64 65 6e 74 00 00 00 00 00 00 00 00 00 00 10 00 00 22 c0 01 80 c1 cf 09 00 
58 00 00 00 00 00 26 ab 40 00 00 00 00 00 c0 57 40 00 00 00 30 0e ba e2 c0 c0 01 82 03 a8 0b 45 
01 b2 09 45 01 07 08 00 00 80 02 02 07 00 00 01 00 0c 57 02 39 cd ab 10 8e 53 69 73 74 65 72 73 
20 6f 66 20 46 61 74 65 20 53 74 75 64 65 6e 74 00 00 00 00 00 00 00 00 00 00 10 00 00 22 c4 ab 
01 80 c1 ce 09 00 58 00 00 80 37 a9 0a bb c0 00 00 00 00 00 c0 57 40 00 00 00 80 cf 20 e5 c0 c0 
01 83 05 03 a8 0b 45 01 b2 09 45 01 07 08 00 00 80 02 02 05 00 00 01 00 0c 57 02 3a cd ab 11 8e 
53 69 73 74 65 72 73 20 6f 66 20 46 61 74 65 20 53 74 75 64 65 6e 74 00 00 00 00 00 00 00 00 00 
00 10 00 00 22 c4 74 01 80 d1 cf 09 00 58 0a 00 00 00 00 92 2d 79 c0 00 00 00 00 00 c0 57 40 00 
00 00 7e 61 b7 e5 c0 c0 01 83 01 03 a8 0b 45 01 b2 09 45 01 07 08 00 00 80 02 02 03 00 00 00 00 
04 01 00 4f 0d 16 80 bc 15 00 3e 07 00 11 00 00 00 0a 02 4d 00 00 00 00 00 00 00 00 16 80 bc 15 
00 3f 07 00 11 00 00 00 f2 03 34 00 00 00 00 00 00 00 00 16 80 bc 15 00 40 07 00 11 00 00 00 ed 
03 4d 00 00 00 00 00 00 00 00 16 80 bc 15 00 41 07 00 11 00 00 00 9f 00 19 00 00 00 00 00 00 00 
00 16 80 bc 15 00 42 07 00 11 00 00 00 f1 03 34 00 00 00 00 00 00 00 00 16 80 bc 15 00 43 07 00 
11 00 00 00 0c 02 34 00 00 00 00 00 00 00 00 16 80 bc 15 00 44 07 00 11 00 00 00 b7 00 4d 00 00 
00 00 00 00 00 00 16 80 bc 15 00 45 07 00 11 00 00 00 f3 03 46 00 00 00 00 00 00 00 00 0b 80 bd 
05 11 00 00 00 00 00 00 01 16 80 bc 15 00 3d 07 00 11 00 00 00 ab 00 0d 00 00 00 01 00 00 00 00 
16 80 bc 15 00 3e 07 00 11 00 00 00 0a 02 4d 00 00 00 01 00 00 00 00 16 80 bc 15 00 3f 07 00 11 
00 00 00 f2 03 34 00 00 00 01 00 00 00 00 16 80 bc 15 00 40 07 00 11 00 00 00 ed 03 4d 00 00 00 
01 00 00 00 00 
.....W.7....Sisters of Fate Student............."........X...............W@.....R.........E...E.
.............W.8....Sisters of Fate Student.............".......X.....&.@......W@...0..........E
...E..............W.9....Sisters of Fate Student............."........X...7..........W@..... ...
......E...E..............W.:....Sisters of Fate Student.............".t......X......-y.......W@.
..~a..........E...E................O......>........M.............?........4.............@.......
.M.............A......................B........4.............C........4.............D........M..
...........E........F.........................=......................>........M.............?...
.....4.............@........M........

Client->GAME [12:53:07 07/15/09] packet size: 1 CRYPTED, Flags: 7f ServerSeq: 11 ClientSeq: 13
02 
.

GAME->Client [12:53:07 07/15/09] packet size: 708 CRYPTED, Flags: 7f ServerSeq: 12 ClientSeq: 12
02 03 01 00 02 12 00 09 00 02 08 81 bc a8 c5 00 00 be 42 dd 9d 12 c7 01 00 02 14 00 05 00 02 0e 
00 a1 4a 55 d8 c5 00 00 be 42 7c 06 29 c7 01 00 02 12 00 03 00 02 08 00 2b c6 c3 00 00 be 42 84 
d0 2d c7 33 00 02 0c cb 80 54 88 c2 00 00 be 42 ca f2 0a c7 31 00 02 0e 00 0f 19 39 dd c5 00 00 
be 42 48 d8 2c c7 2f 00 02 0c 8b ba 9d 56 45 00 00 be 42 11 ed 26 c7 2d 00 02 08 90 07 3f c4 00 
00 be 42 07 5a 37 c7 2b 00 04 80 80 80 80 c0 4c 0a 00 28 01 01 29 00 02 0e 00 81 19 11 56 45 00 
00 be 42 9d a9 17 c7 17 00 04 80 80 80 80 c0 4c 0a 00 28 01 01 00 00 04 01 00 5c 18 16 80 bc 15 
00 41 07 00 11 00 00 00 9f 00 19 00 00 00 01 00 00 00 00 16 80 bc 15 00 42 07 00 11 00 00 00 f1 
03 34 00 00 00 01 00 00 00 00 16 80 bc 15 00 43 07 00 11 00 00 00 0c 02 34 00 00 00 01 00 00 00 
00 16 80 bc 15 00 44 07 00 11 00 00 00 b7 00 4d 00 00 00 01 00 00 00 00 16 80 bc 15 00 45 07 00 
11 00 00 00 f3 03 46 00 00 00 01 00 00 00 00 04 80 b3 11 00 16 80 bc 45 03 11 00 00 02 00 00 00 
11 00 32 00 00 00 01 00 00 00 00 16 80 bc 55 00 f9 06 00 02 00 00 00 cc 00 0c 00 00 00 01 00 00 
00 00 08 80 b2 11 00 32 00 08 02 16 80 bc 45 03 11 00 00 02 00 00 00 11 00 32 00 00 00 00 00 00 
00 00 16 80 bc 55 00 46 07 00 02 00 00 00 cc 00 0c 00 00 00 00 00 00 00 00 16 80 bc 15 00 47 07 
00 11 00 00 00 ab 00 0d 00 00 00 00 00 00 00 00 16 80 bc 15 00 48 07 00 11 00 00 00 0a 02 4d 00 
00 00 00 00 00 00 00 16 80 bc 15 00 49 07 00 11 00 00 00 f2 03 34 00 00 00 00 00 00 00 00 16 80 
bc 15 00 4a 07 00 11 00 00 00 ed 03 4d 00 00 00 00 00 00 00 00 16 80 bc 15 00 4b 07 00 11 00 00 
00 9f 00 19 00 00 00 00 00 00 00 00 16 80 bc 15 00 4c 07 00 11 00 00 00 f1 03 34 00 00 00 00 00 
00 00 00 16 80 bc 15 00 4d 07 00 11 00 00 00 0c 02 34 00 00 00 00 00 00 00 00 16 80 bc 15 00 4e 
07 00 11 00 00 00 b7 00 4d 00 00 00 00 00 00 00 00 16 80 bc 15 00 4f 07 00 11 00 00 00 f3 03 46 
00 00 00 00 00 00 00 00 16 80 bc 55 00 fa 06 00 0b 00 00 00 37 02 96 00 00 00 01 00 00 00 00 16 
80 bc 55 00 50 07 00 0b 00 00 00 37 02 96 00 00 00 00 00 00 00 00 16 80 bc 55 00 fb 06 00 2d 00 
00 00 23 04 0a 00 00 00 01 00 00 00 00 16 80 bc 55 00 fc 06 00 2d 00 00 00 20 04 0a 00 00 00 01 
00 00 00 00 
..................B...............JU.....B|.)...........+.....B..-.3.....T.....B....1......9....
.BH.,./......VE...B..&.-.....?....B.Z7.+.......L..(..).......VE...B............L..(.......\.....
.A......................B........4.............C........4.............D........M.............E..
......F................E..........2...........U........................2......E..........2......
.....U.F......................G......................H........M.............I........4..........
...J........M.............K......................L........4.............M........4.............N
........M.............O........F...........U........7.............U.P......7.............U....-.
..#.............U....-... ..........

Client->GAME [12:53:07 07/15/09] packet size: 1 CRYPTED, Flags: 7f ServerSeq: 12 ClientSeq: 14
02 
.

GAME->Client [12:53:07 07/15/09] packet size: 714 CRYPTED, Flags: 7f ServerSeq: 13 ClientSeq: 13
02 03 33 00 02 0c c1 80 54 88 c2 00 00 be 42 ca f2 0a c7 31 00 06 27 00 40 00 00 00 10 00 00 00 
0f 80 80 80 80 c0 4c 0a 00 28 01 01 27 00 04 80 80 80 80 c0 4c 0a 00 28 01 01 05 00 06 0e 00 97 
4a 55 d8 c5 00 00 be 42 7c 06 29 c7 80 80 80 80 c0 4c 0a 00 28 01 01 00 00 04 02 00 74 12 16 80 
bc 55 00 fd 06 00 2d 00 00 00 19 04 05 00 00 00 01 00 00 00 00 16 80 bc 55 00 fe 06 00 2d 00 00 
00 42 04 05 00 00 00 01 00 00 00 00 16 80 bc 55 00 51 07 00 2d 00 00 00 23 04 0a 00 00 00 00 00 
00 00 00 16 80 bc 55 00 52 07 00 2d 00 00 00 20 04 0a 00 00 00 00 00 00 00 00 16 80 bc 55 00 53 
07 00 2d 00 00 00 19 04 05 00 00 00 00 00 00 00 00 16 80 bc 55 00 54 07 00 2d 00 00 00 42 04 05 
00 00 00 00 00 00 00 00 16 80 bc 55 00 ff 06 00 34 00 00 00 83 02 c8 00 00 00 01 00 00 00 00 16 
80 bc 55 00 55 07 00 34 00 00 00 83 02 c8 00 00 00 00 00 00 00 00 04 80 b3 3d 04 16 80 bc 45 03 
3d 04 00 43 00 00 00 3d 04 00 00 00 00 01 00 00 00 00 08 80 b2 3d 04 00 00 08 02 16 80 bc 45 03 
3d 04 00 43 00 00 00 3d 04 00 00 00 00 00 00 00 00 00 16 80 bc 55 00 00 07 00 4b 00 00 00 1f 04 
19 00 00 00 01 00 00 00 00 16 80 bc 55 00 56 07 00 4b 00 00 00 1f 04 19 00 00 00 00 00 00 00 00 
16 80 bc 55 00 01 07 00 5f 00 00 00 7c 04 0f 00 00 00 01 00 00 00 00 16 80 bc 55 00 02 07 00 5f 
00 00 00 07 04 0f 00 00 00 01 00 00 00 00 16 80 bc 55 00 57 07 00 5f 00 00 00 7c 04 0f 00 00 00 
00 00 00 00 00 16 80 bc 55 00 58 07 00 5f 00 00 00 07 04 0f 00 00 00 00 00 00 00 00 00 86 0d 16 
80 bc 55 00 03 07 00 62 00 00 00 06 04 01 00 00 00 01 00 00 00 00 04 80 b3 35 04 16 80 bc 45 03 
35 04 00 62 00 00 00 35 04 00 00 00 00 01 00 00 00 00 16 80 bc 55 00 04 07 00 62 00 00 00 15 04 
01 00 00 00 01 00 00 00 00 16 80 bc 55 00 59 07 00 62 00 00 00 06 04 01 00 00 00 00 00 00 00 00 
08 80 b2 35 04 00 00 08 02 16 80 bc 45 03 35 04 00 62 00 00 00 35 04 00 00 00 00 00 00 00 00 00 
16 80 bc 55 00 5a 07 00 62 00 00 00 15 04 01 00 00 00 00 00 00 00 00 04 80 b3 3e 04 16 80 bc 45 
03 3e 04 00 4f 01 00 00 3e 04 00 00 00 00 01 00 00 00 00 08 80 b2 3e 04 00 00 08 02 16 80 bc 45 
03 3e 04 00 4f 01 00 00 3e 04 00 00 00 00 00 00 00 00 00 16 80 bc 55 00 05 07 00 5a 01 00 00 07 
04 05 00 00 00 01 00 00 00 00 
..3.....T.....B....1..'.@.............L..(..'.......L..(........JU.....B|.)......L..(.......t...
.U....-.................U....-...B.............U.Q..-...#.............U.R..-... .............U.S
..-.................U.T..-...B.............U....4.................U.U..4.................=....E.
=..C...=.............=........E.=..C...=.............U....K.................U.V..K..............
...U...._...|.............U...._.................U.W.._...|.............U.X.._..................
..U....b.................5....E.5..b...5.............U....b.................U.Y..b..............
...5........E.5..b...5.............U.Z..b.................>....E.>..O...>.............>........E
.>..O...>.............U....Z..............

Client->GAME [12:53:07 07/15/09] packet size: 25 CRYPTED, Flags: 7f ServerSeq: 12 ClientSeq: 15
02 04 01 00 08 01 12 80 c9 07 00 70 03 00 00 7a c4 00 00 20 41 00 d0 84 c6 
...........p...z... A....

Client->GAME [12:53:07 07/15/09] packet size: 1 CRYPTED, Flags: 7f ServerSeq: 13 ClientSeq: 16
02 
.

GAME->Client [12:53:07 07/15/09] packet size: 692 CRYPTED, Flags: 7f ServerSeq: 14 ClientSeq: 14
02 03 33 00 02 0e 00 b7 80 54 88 c2 00 00 be 42 ca f2 0a c7 1d 00 02 08 c8 e7 a8 c5 00 00 be 42 
97 a4 11 c7 00 00 04 01 00 93 1f 16 80 bc 55 00 06 07 00 5a 01 00 00 1d 04 0f 00 00 00 01 00 00 
00 00 16 80 bc 55 00 5b 07 00 5a 01 00 00 07 04 05 00 00 00 00 00 00 00 00 16 80 bc 55 00 5c 07 
00 5a 01 00 00 1d 04 0f 00 00 00 00 00 00 00 00 04 80 b3 3f 04 16 80 bc 45 03 3f 04 00 64 01 00 
00 3f 04 00 00 00 00 01 00 00 00 00 16 80 bc 55 00 07 07 00 64 01 00 00 1f 04 05 00 00 00 01 00 
00 00 00 08 80 b2 3f 04 00 00 08 02 16 80 bc 45 03 3f 04 00 64 01 00 00 3f 04 00 00 00 00 00 00 
00 00 00 16 80 bc 55 00 5d 07 00 64 01 00 00 1f 04 05 00 00 00 00 00 00 00 00 16 80 bc 55 00 08 
07 00 66 01 00 00 7b 04 05 00 00 00 01 00 00 00 00 16 80 bc 55 00 09 07 00 66 01 00 00 12 04 0a 
00 00 00 01 00 00 00 00 16 80 bc 55 00 0a 07 00 66 01 00 00 06 04 0b 00 00 00 01 00 00 00 00 16 
80 bc 55 00 5e 07 00 66 01 00 00 7b 04 05 00 00 00 00 00 00 00 00 16 80 bc 55 00 5f 07 00 66 01 
00 00 12 04 0a 00 00 00 00 00 00 00 00 16 80 bc 55 00 60 07 00 66 01 00 00 06 04 0b 00 00 00 00 
00 00 00 00 16 80 bc 55 00 0b 07 00 8e 01 00 00 03 04 05 00 00 00 01 00 00 00 00 16 80 bc 55 00 
0c 07 00 8e 01 00 00 12 04 0f 00 00 00 01 00 00 00 00 16 80 bc 55 00 0d 07 00 8e 01 00 00 77 04 
05 00 00 00 01 00 00 00 00 16 80 bc 55 00 61 07 00 8e 01 00 00 03 04 05 00 00 00 00 00 00 00 00 
16 80 bc 55 00 62 07 00 8e 01 00 00 12 04 0f 00 00 00 00 00 00 00 00 16 80 bc 55 00 63 07 00 8e 
01 00 00 77 04 05 00 00 00 00 00 00 00 00 16 80 bc 55 00 0e 07 00 cd 01 00 00 e5 03 05 00 00 00 
01 00 00 00 00 16 80 bc 55 00 0f 07 00 cd 01 00 00 73 04 05 00 00 00 01 00 00 00 00 16 80 bc 55 
00 10 07 00 cd 01 00 00 e3 03 0f 00 00 00 01 00 00 00 00 16 80 bc 55 00 64 07 00 cd 01 00 00 e5 
03 05 00 00 00 00 00 00 00 00 16 80 bc 55 00 65 07 00 cd 01 00 00 73 04 05 00 00 00 00 00 00 00 
00 16 80 bc 55 00 66 07 00 cd 01 00 00 e3 03 0f 00 00 00 00 00 00 00 00 04 80 b3 40 04 16 80 bc 
45 03 40 04 00 d5 01 00 00 40 04 00 00 00 00 01 00 00 00 00 16 80 bc 55 00 11 07 00 d5 01 00 00 
e3 03 05 00 00 00 01 00 00 00 00 08 80 b2 40 04 00 00 08 02 
..3......T.....B...............B..............U....Z.................U.[..Z.................U.\.
.Z.................?....E.?..d...?.............U....d.................?........E.?..d...?.......
......U.]..d.................U....f...{.............U....f.................U....f...............
..U.^..f...{.............U._..f.................U.`..f.................U......................U.
.....................U........w.............U.a....................U.b....................U.c...
...w.............U......................U........s.............U......................U.d.......
.............U.e......s.............U.f....................@....E.@......@.............U........
..............@.....

Client->GAME [12:53:07 07/15/09] packet size: 1 CRYPTED, Flags: 7f ServerSeq: 14 ClientSeq: 17
02 
.

