Client->GAME [12:54:05 07/15/09] packet size: 25 CRYPTED, Flags: 7f ServerSeq: 259 ClientSeq: 477
02 04 01 00 1e 01 12 81 8e 10 00 00 00 03 00 00 00 03 00 00 00 03 00 00 00 
.........................

Client->GAME [12:54:05 07/15/09] packet size: 12
00 00 00 00 00 01 04 08 6f 67 cd 00 
........og..

Client->GAME [12:54:05 07/15/09] packet size: 1 CRYPTED, Flags: 7f ServerSeq: 260 ClientSeq: 478
02 
.

GAME->Client [12:54:06 07/15/09] packet size: 39 CRYPTED, Flags: 7f ServerSeq: 453 ClientSeq: 268
02 03 0f 00 02 0c ae 00 dc 1a c2 00 00 be 42 8a 57 0b c7 03 00 02 0e 05 02 d0 8d 06 c4 00 00 be 
42 0a bc 2b c7 00 00 
..............B.W...............B..+...

Client->GAME [12:54:06 07/15/09] packet size: 1 CRYPTED, Flags: 7f ServerSeq: 261 ClientSeq: 479
02 
.

GAME->Client [12:54:06 07/15/09] packet size: 12
00 00 00 00 00 01 04 08 6f 67 cd 00 
........og..

GAME->Client [12:54:06 07/15/09] packet size: 696 CRYPTED, Flags: 7f ServerSeq: 454 ClientSeq: 270
02 04 01 01 29 1e 16 80 bc 15 00 d2 06 00 f7 03 00 00 08 02 00 00 00 00 01 00 00 00 00 16 80 bc 
15 00 d3 06 00 f7 03 00 00 07 02 ec ff ff ff 01 00 00 00 00 16 80 bc 15 00 d4 06 00 f7 03 00 00 
50 04 00 00 00 00 01 00 00 00 00 16 80 bc 15 00 d5 06 00 f7 03 00 00 f4 03 00 00 00 00 01 00 00 
00 00 16 80 bc 15 00 d6 06 00 f7 03 00 00 51 04 f6 ff ff ff 01 00 00 00 00 16 80 bc 15 00 d7 06 
00 f7 03 00 00 52 04 0f 00 00 00 01 00 00 00 00 16 80 bc 11 00 d8 06 00 00 00 00 00 cb 02 00 00 
00 00 01 00 00 00 00 16 80 bc 56 00 1d 07 00 0a 95 00 00 06 04 02 00 00 00 01 00 00 00 00 16 80 
bc 56 00 1e 07 00 0a 95 00 00 b4 00 11 00 00 00 01 00 00 00 00 16 80 bc 56 00 1f 07 00 0a 95 00 
00 b5 00 11 00 00 00 01 00 00 00 00 16 80 bc 56 00 20 07 00 0a 95 00 00 07 04 02 00 00 00 01 00 
00 00 00 16 80 bc 56 00 21 07 00 8a b2 00 00 23 04 02 00 00 00 01 00 00 00 00 16 80 bc 56 00 22 
07 00 8a b2 00 00 21 04 01 00 00 00 01 00 00 00 00 16 80 bc 56 00 23 07 00 8a b2 00 00 b4 00 1d 
00 00 00 01 00 00 00 00 16 80 bc 56 00 24 07 00 8a b2 00 00 09 04 1d 00 00 00 01 00 00 00 00 16 
80 bc 56 00 25 07 00 8a b2 00 00 9d 00 1d 00 00 00 01 00 00 00 00 16 80 bc 56 00 26 07 00 8a b2 
00 00 06 04 01 00 00 00 01 00 00 00 00 16 80 bc 56 00 27 07 00 24 b3 00 00 89 02 02 00 00 00 01 
00 00 00 00 16 80 bc 56 00 28 07 00 24 b3 00 00 1a 04 01 00 00 00 01 00 00 00 00 16 80 bc 56 00 
29 07 00 24 b3 00 00 b4 00 21 00 00 00 01 00 00 00 00 16 80 bc 56 00 2a 07 00 24 b3 00 00 09 04 
21 00 00 00 01 00 00 00 00 16 80 bc 56 00 2b 07 00 24 b3 00 00 15 04 02 00 00 00 01 00 00 00 00 
16 80 bc 56 00 2c 07 00 24 b3 00 00 b5 00 21 00 00 00 01 00 00 00 00 16 80 bc 56 00 2d 07 00 95 
a7 00 00 b4 00 12 00 00 00 01 00 00 00 00 16 80 bc 56 00 2e 07 00 95 a7 00 00 b5 00 12 00 00 00 
01 00 00 00 00 16 80 bc 56 00 2f 07 00 95 a7 00 00 09 04 12 00 00 00 01 00 00 00 00 16 80 bc 56 
00 30 07 00 95 a7 00 00 70 00 0f 00 00 00 01 00 00 00 00 16 80 bc 56 00 31 07 00 2c b3 00 00 17 
04 01 00 00 00 01 00 00 00 00 16 80 bc 56 00 32 07 00 2c b3 00 00 b4 00 21 00 00 00 01 00 00 00 
00 16 80 bc 56 00 33 07 00 2c b3 00 00 09 04 21 00 00 00 01 00 00 00 00 
....)...........................................................P...............................
..............Q......................R....................................V.....................
.V......................V......................V. ....................V.!......#.............V."
......!.............V.#....................V.$....................V.%....................V.&....
................V.'..$.................V.(..$.................V.)..$.....!...........V.*..$.....
!...........V.+..$.................V.,..$.....!...........V.-....................V..............
........V./....................V.0......p.............V.1..,.................V.2..,.....!.......
....V.3..,.....!........

Client->GAME [12:54:06 07/15/09] packet size: 1 CRYPTED, Flags: 7f ServerSeq: 262 ClientSeq: 480
02 
.

GAME->Client [12:54:06 07/15/09] packet size: 700 CRYPTED, Flags: 7f ServerSeq: 455 ClientSeq: 271
82 64 68 fb 48 04 01 01 47 1e 16 80 bc 56 00 34 07 00 2c b3 00 00 12 04 02 00 00 00 01 00 00 00 
00 16 80 bc 56 00 35 07 00 2c b3 00 00 07 04 02 00 00 00 01 00 00 00 00 16 80 bc 56 00 36 07 00 
2c b3 00 00 b5 00 21 00 00 00 01 00 00 00 00 16 80 bc 56 00 37 07 00 c3 b2 00 00 89 02 02 00 00 
00 01 00 00 00 00 16 80 bc 56 00 38 07 00 c3 b2 00 00 21 04 02 00 00 00 01 00 00 00 00 16 80 bc 
56 00 39 07 00 c3 b2 00 00 b4 00 1f 00 00 00 01 00 00 00 00 16 80 bc 56 00 3a 07 00 c3 b2 00 00 
09 04 1f 00 00 00 01 00 00 00 00 16 80 bc 56 00 3b 07 00 c3 b2 00 00 1e 04 01 00 00 00 01 00 00 
00 00 16 80 bc 56 00 3c 07 00 c3 b2 00 00 9d 00 1f 00 00 00 01 00 00 00 00 16 80 bc 55 00 46 07 
00 02 00 00 00 cc 00 0c 00 00 00 01 00 00 00 00 16 80 bc 55 00 50 07 00 0b 00 00 00 37 02 96 00 
00 00 01 00 00 00 00 16 80 bc 55 00 51 07 00 2d 00 00 00 23 04 0a 00 00 00 01 00 00 00 00 16 80 
bc 55 00 52 07 00 2d 00 00 00 20 04 0a 00 00 00 01 00 00 00 00 16 80 bc 55 00 53 07 00 2d 00 00 
00 19 04 05 00 00 00 01 00 00 00 00 16 80 bc 55 00 54 07 00 2d 00 00 00 42 04 05 00 00 00 01 00 
00 00 00 16 80 bc 55 00 55 07 00 34 00 00 00 83 02 c8 00 00 00 01 00 00 00 00 16 80 bc 55 00 56 
07 00 4b 00 00 00 1f 04 19 00 00 00 01 00 00 00 00 16 80 bc 55 00 57 07 00 5f 00 00 00 7c 04 0f 
00 00 00 01 00 00 00 00 16 80 bc 55 00 58 07 00 5f 00 00 00 07 04 0f 00 00 00 01 00 00 00 00 16 
80 bc 55 00 59 07 00 62 00 00 00 06 04 01 00 00 00 01 00 00 00 00 16 80 bc 55 00 5a 07 00 62 00 
00 00 15 04 01 00 00 00 01 00 00 00 00 16 80 bc 55 00 5b 07 00 5a 01 00 00 07 04 05 00 00 00 01 
00 00 00 00 16 80 bc 55 00 5c 07 00 5a 01 00 00 1d 04 0f 00 00 00 01 00 00 00 00 16 80 bc 55 00 
5d 07 00 64 01 00 00 1f 04 05 00 00 00 01 00 00 00 00 16 80 bc 55 00 5e 07 00 66 01 00 00 7b 04 
05 00 00 00 01 00 00 00 00 16 80 bc 55 00 5f 07 00 66 01 00 00 12 04 0a 00 00 00 01 00 00 00 00 
16 80 bc 55 00 60 07 00 66 01 00 00 06 04 0b 00 00 00 01 00 00 00 00 16 80 bc 55 00 61 07 00 8e 
01 00 00 03 04 05 00 00 00 01 00 00 00 00 16 80 bc 55 00 62 07 00 8e 01 00 00 12 04 0f 00 00 00 
01 00 00 00 00 16 80 bc 55 00 63 07 00 8e 01 00 00 77 04 05 00 00 00 01 00 00 00 00 
.dh.H...G....V.4..,.................V.5..,.................V.6..,.....!...........V.7...........
.........V.8......!.............V.9....................V.:....................V.;...............
.....V.<....................U.F....................U.P......7.............U.Q..-...#............
.U.R..-... .............U.S..-.................U.T..-...B.............U.U..4.................U.V
..K.................U.W.._...|.............U.X.._.................U.Y..b.................U.Z..b.
................U.[..Z.................U.\..Z.................U.]..d.................U.^..f...{.
............U._..f.................U.`..f.................U.a....................U.b............
........U.c......w..........

Client->GAME [12:54:06 07/15/09] packet size: 1 CRYPTED, Flags: 7f ServerSeq: 263 ClientSeq: 481
02 
.

GAME->Client [12:54:06 07/15/09] packet size: 700 CRYPTED, Flags: 7f ServerSeq: 456 ClientSeq: 256
02 04 02 01 65 03 16 80 bc 55 00 64 07 00 cd 01 00 00 e5 03 05 00 00 00 01 00 00 00 00 16 80 bc 
55 00 65 07 00 cd 01 00 00 73 04 05 00 00 00 01 00 00 00 00 16 80 bc 55 00 66 07 00 cd 01 00 00 
e3 03 0f 00 00 00 01 00 00 00 00 01 68 1c 16 80 bc 55 00 67 07 00 d5 01 00 00 e3 03 05 00 00 00 
01 00 00 00 00 16 80 bc 55 00 68 07 00 36 02 00 00 37 02 0a 00 00 00 01 00 00 00 00 16 80 bc 55 
00 69 07 00 74 02 00 00 34 02 1e 00 00 00 01 00 00 00 00 16 80 bc 15 00 6a 07 00 11 00 00 00 ab 
00 0d 00 00 00 01 00 00 00 00 16 80 bc 15 00 6b 07 00 11 00 00 00 0a 02 4d 00 00 00 01 00 00 00 
00 16 80 bc 15 00 6c 07 00 11 00 00 00 f2 03 34 00 00 00 01 00 00 00 00 16 80 bc 15 00 6d 07 00 
11 00 00 00 ed 03 4d 00 00 00 01 00 00 00 00 16 80 bc 15 00 6e 07 00 11 00 00 00 9f 00 19 00 00 
00 01 00 00 00 00 16 80 bc 15 00 6f 07 00 11 00 00 00 f1 03 34 00 00 00 01 00 00 00 00 16 80 bc 
15 00 70 07 00 11 00 00 00 0c 02 34 00 00 00 01 00 00 00 00 16 80 bc 15 00 71 07 00 11 00 00 00 
b7 00 4d 00 00 00 01 00 00 00 00 16 80 bc 15 00 72 07 00 11 00 00 00 f3 03 46 00 00 00 01 00 00 
00 00 0b 80 bd 05 11 00 00 00 00 00 00 00 16 80 bc 15 00 73 07 00 11 00 00 00 ab 00 0c 00 00 00 
00 00 00 00 00 16 80 bc 15 00 74 07 00 11 00 00 00 0a 02 4b 00 00 00 00 00 00 00 00 16 80 bc 15 
00 75 07 00 11 00 00 00 f2 03 31 00 00 00 00 00 00 00 00 16 80 bc 15 00 76 07 00 11 00 00 00 ed 
03 4b 00 00 00 00 00 00 00 00 16 80 bc 15 00 77 07 00 11 00 00 00 9f 00 19 00 00 00 00 00 00 00 
00 16 80 bc 15 00 78 07 00 11 00 00 00 f1 03 31 00 00 00 00 00 00 00 00 16 80 bc 15 00 79 07 00 
11 00 00 00 0c 02 34 00 00 00 00 00 00 00 00 16 80 bc 15 00 7a 07 00 11 00 00 00 b7 00 46 00 00 
00 00 00 00 00 00 16 80 bc 15 00 7b 07 00 11 00 00 00 f3 03 46 00 00 00 00 00 00 00 00 0b 80 bd 
05 11 00 00 00 00 00 00 01 16 80 bc 15 00 73 07 00 11 00 00 00 ab 00 0c 00 00 00 01 00 00 00 00 
16 80 bc 15 00 74 07 00 11 00 00 00 0a 02 4b 00 00 00 01 00 00 00 00 16 80 bc 15 00 75 07 00 11 
00 00 00 f2 03 31 00 00 00 01 00 00 00 00 16 80 bc 15 00 76 07 00 11 00 00 00 ed 03 4b 00 00 00 
01 00 00 00 00 16 80 bc 15 00 77 07 00 11 00 00 00 9f 00 19 00 00 00 01 00 00 00 00 
....e....U.d....................U.e......s.............U.f..................h....U.g............
........U.h..6...7.............U.i..t...4...............j......................k........M.......
......l........4.............m........M.............n......................o........4...........
..p........4.............q........M.............r........F.........................s............
..........t........K.............u........1.............v........K.............w................
......x........1.............y........4.............z........F.............{........F...........
..............s......................t........K.............u........1.............v........K...
..........w.................

Client->GAME [12:54:06 07/15/09] packet size: 1 CRYPTED, Flags: 7f ServerSeq: 264 ClientSeq: 482
02 
.

GAME->Client [12:54:06 07/15/09] packet size: 269 CRYPTED, Flags: 7f ServerSeq: 457 ClientSeq: 257
02 04 01 01 84 11 16 80 bc 15 00 78 07 00 11 00 00 00 f1 03 31 00 00 00 01 00 00 00 00 16 80 bc 
15 00 79 07 00 11 00 00 00 0c 02 34 00 00 00 01 00 00 00 00 16 80 bc 15 00 7a 07 00 11 00 00 00 
b7 00 46 00 00 00 01 00 00 00 00 16 80 bc 15 00 7b 07 00 11 00 00 00 f3 03 46 00 00 00 01 00 00 
00 00 04 80 b3 11 00 16 80 bc 45 03 11 00 00 02 00 00 00 11 00 32 00 00 00 01 00 00 00 00 04 80 
b3 35 04 16 80 bc 45 03 35 04 00 62 00 00 00 35 04 00 00 00 00 01 00 00 00 00 04 80 b3 3d 04 16 
80 bc 45 03 3d 04 00 43 00 00 00 3d 04 00 00 00 00 01 00 00 00 00 04 80 b3 3e 04 16 80 bc 45 03 
3e 04 00 4f 01 00 00 3e 04 00 00 00 00 01 00 00 00 00 04 80 b3 3f 04 16 80 bc 45 03 3f 04 00 64 
01 00 00 3f 04 00 00 00 00 01 00 00 00 00 04 80 b3 40 04 16 80 bc 45 03 40 04 00 d5 01 00 00 40 
04 00 00 00 00 01 00 00 00 00 02 81 07 
...........x........1.............y........4.............z........F.............{........F......
..........E..........2...........5....E.5..b...5.............=....E.=..C...=.............>....E.
>..O...>.............?....E.?..d...?.............@....E.@......@.............

Client->GAME [12:54:06 07/15/09] packet size: 13 CRYPTED, Flags: 7f ServerSeq: 265 ClientSeq: 483
02 04 01 00 1f 01 06 81 08 00 00 00 00 
.............

GAME->Client [12:54:06 07/15/09] packet size: 1 CRYPTED, Flags: 7f ServerSeq: 458 ClientSeq: 259
02 
.

GAME->Client [12:54:07 07/15/09] packet size: 1 CRYPTED, Flags: 7f ServerSeq: 459 ClientSeq: 259
42 
B

GAME->Client [12:54:07 07/15/09] packet size: 5 CRYPTED, Flags: 7f ServerSeq: 460 ClientSeq: 259
c2 8c 68 fb 48 
..h.H

Client->GAME [12:54:07 07/15/09] packet size: 1 CRYPTED, Flags: 7f ServerSeq: 268 ClientSeq: 484
02 
.

Client->GAME [12:54:07 07/15/09] packet size: 1 CRYPTED, Flags: 7f ServerSeq: 268 ClientSeq: 485
42 
B

GAME->Client [12:54:07 07/15/09] packet size: 1 CRYPTED, Flags: 7f ServerSeq: 461 ClientSeq: 259
42 
B

GAME->Client [12:54:07 07/15/09] packet size: 1 CRYPTED, Flags: 7f ServerSeq: 462 ClientSeq: 260
42 
B

Client->GAME [12:54:07 07/15/09] packet size: 13 CRYPTED, Flags: 0 ServerSeq: 0 ClientSeq: 1
22 04 01 00 00 01 06 81 51 00 00 00 00 
".......Q....

GAME->Client [12:54:08 07/15/09] packet size: 72 CRYPTED, Flags: 1 ServerSeq: 2 ClientSeq: 1
02 04 01 00 03 01 41 81 67 17 00 27 00 1c 22 00 c6 01 11 00 00 00 00 00 00 00 37 00 00 08 0e 00 
41 66 74 65 72 57 68 6f 72 75 4e 65 6f 00 0e 00 41 66 74 65 72 57 68 6f 72 75 4e 65 6f 00 02 00 
4b 00 00 00 00 00 00 00 
......A.g..'.."...........7.....AfterWhoruNeo...AfterWhoruNeo...K.......

Client->GAME [12:54:08 07/15/09] packet size: 1 CRYPTED, Flags: 2 ServerSeq: 2 ClientSeq: 2
02 
.

GAME->Client [12:54:08 07/15/09] packet size: 138 CRYPTED, Flags: 3 ServerSeq: 3 ClientSeq: 2
02 04 01 00 00 03 6d 06 0e 00 03 00 00 00 96 68 fb 48 01 42 00 32 00 72 65 73 6f 75 72 63 65 2f 
77 6f 72 6c 64 73 2f 66 69 6e 61 6c 5f 77 6f 72 6c 64 2f 69 6e 74 65 72 6e 61 74 69 6f 6e 61 6c 
2f 69 74 2e 6d 65 74 72 00 29 00 48 61 6c 6c 6f 77 65 65 6e 5f 45 76 65 6e 74 2c 57 69 6e 74 65 
72 33 50 6c 75 73 48 61 6c 6c 6f 77 65 65 6e 54 53 45 43 00 0a 80 e5 e7 cb c0 12 00 00 00 00 0a 
80 e4 bc 58 7a 00 00 00 00 00 
......m........h.H.B.2.resource/worlds/final_world/international/it.metr.).Halloween_Event,Winte
r3PlusHalloweenTSEC................Xz.....

Client->GAME [12:54:08 07/15/09] packet size: 6 CRYPTED, Flags: 5 ServerSeq: 3 ClientSeq: 3
02 05 02 0c 00 00 
......

GAME->Client [12:54:09 07/15/09] packet size: 1 CRYPTED, Flags: 7 ServerSeq: 4 ClientSeq: 3
02 
.

Client->GAME [12:54:11 07/15/09] packet size: 8 CRYPTED, Flags: 5 ServerSeq: 3 ClientSeq: 4
02 04 01 00 01 01 01 05 
........

GAME->Client [12:54:12 07/15/09] packet size: 223 CRYPTED, Flags: f ServerSeq: 5 ClientSeq: 4
82 2a 69 fb 48 03 01 00 0c 0c 00 72 cd ab 1c 8b 81 ff 71 02 00 00 41 6e 64 65 72 73 6f 6e 00 00 
00 00 00 00 00 00 00 00 00 00 00 00 00 00 00 00 00 00 00 00 00 00 90 54 68 6f 6d 61 73 00 00 00 
00 00 00 00 00 00 00 00 00 00 00 00 00 00 00 00 00 00 00 00 00 00 00 80 d8 28 0a 0c 00 00 00 01 
8e 81 ff f7 00 31 5e 00 00 c6 67 00 41 66 74 65 72 57 68 6f 72 75 4e 65 6f 00 00 00 00 00 00 00 
00 00 00 00 00 00 00 00 00 00 00 00 28 0a fd 64 01 00 00 67 00 75 d4 01 00 4b b1 00 00 00 00 73 
1a e9 88 80 60 04 00 02 8e 00 00 00 f7 00 9d 00 00 00 00 80 8e e4 40 00 00 00 00 00 40 5a c0 00 
00 00 00 40 49 ec 40 81 ff 32 22 80 89 87 93 af 1e 80 1c 01 11 00 00 00 67 00 02 00 00 00 00 
.*i.H......r......q...Anderson.........................Thomas............................(......
.....1^...g.AfterWhoruNeo...................(..d...g.u...K.....s....`.................@.....@Z..
...@I.@..2".............g......

Client->GAME [12:54:13 07/15/09] packet size: 55 CRYPTED, Flags: 17 ServerSeq: 5 ClientSeq: 5
02 03 02 00 02 60 08 41 6e 64 65 72 73 6f 6e 06 54 68 6f 6d 61 73 00 00 04 01 00 02 05 02 80 be 
07 3f 4e 00 10 00 00 00 08 3e 6b 00 10 00 00 00 00 02 81 48 02 0c 01 
.....`.Anderson.Thomas...........?N......>k........H...

GAME->Client [12:54:13 07/15/09] packet size: 722 CRYPTED, Flags: 1f ServerSeq: 6 ClientSeq: 5
02 03 01 00 0c 57 02 73 cd ab 13 8e 43 68 61 6e 67 20 57 69 6e 67 20 50 75 70 69 6c 00 00 00 00 
00 00 00 00 00 00 00 00 00 00 00 00 00 10 00 00 22 d5 01 6a 0f 1c 00 c6 01 80 c3 60 05 00 58 4c 
0a 00 28 00 00 00 b6 08 c4 e1 40 00 00 00 00 ff 9b 9d 40 00 00 00 e4 f4 ed ea 40 c0 01 83 05 03 
a8 14 26 02 b2 09 26 02 07 08 00 00 80 02 05 1f 00 00 01 00 0c 57 02 74 cd ab 12 8e 43 68 61 6e 
67 20 57 69 6e 67 20 50 75 70 69 6c 00 00 00 00 00 00 00 00 00 00 00 00 00 00 00 00 00 10 00 00 
22 d4 ce 0f 1c 00 c6 01 80 d1 61 05 00 58 0a 00 00 00 d0 e8 ee e4 40 00 00 00 00 00 40 5a c0 00 
00 00 68 66 08 ee 40 c0 01 83 01 03 a8 14 26 02 b2 09 26 02 07 08 00 00 80 02 05 1d 00 00 01 00 
0c 57 02 75 cd ab 12 8e 43 68 61 6e 67 20 57 69 6e 67 20 50 75 70 69 6c 00 00 00 00 00 00 00 00 
00 00 00 00 00 00 00 00 00 10 00 00 22 d5 01 1e 0f 1c 00 c6 01 80 c3 60 05 00 58 4c 0a 00 28 00 
00 00 a8 e0 0e e3 40 00 00 00 00 00 40 5a c0 00 00 00 80 65 be e9 40 c0 01 82 03 a8 14 26 02 b2 
09 26 02 07 08 00 00 80 02 05 1b 00 00 01 00 0c 57 02 76 cd ab 10 8e 43 68 61 6e 67 20 57 69 6e 
67 20 50 75 70 69 6c 00 00 00 00 00 00 00 00 00 00 00 00 00 00 00 00 00 10 00 00 22 d4 40 0f 1c 
00 c6 01 80 c1 61 05 00 58 00 00 00 70 65 41 e5 40 00 00 00 00 00 40 5a c0 00 00 00 e8 65 03 ee 
40 c0 01 82 03 a8 14 26 02 b2 09 26 02 07 08 00 00 80 02 05 19 00 00 00 00 04 01 00 04 0c 16 80 
bc 56 00 7a 07 00 0a 95 00 00 06 04 02 00 00 00 01 00 00 00 00 16 80 bc 56 00 7b 07 00 0a 95 00 
00 b4 00 11 00 00 00 01 00 00 00 00 16 80 bc 56 00 7c 07 00 0a 95 00 00 b5 00 11 00 00 00 01 00 
00 00 00 16 80 bc 56 00 7d 07 00 0a 95 00 00 07 04 02 00 00 00 01 00 00 00 00 16 80 bc 56 00 be 
07 00 0a 95 00 00 06 04 02 00 00 00 00 00 00 00 00 16 80 bc 56 00 bf 07 00 0a 95 00 00 b4 00 11 
00 00 00 00 00 00 00 00 16 80 bc 56 00 c0 07 00 0a 95 00 00 b5 00 11 00 00 00 00 00 00 00 00 16 
80 bc 56 00 c1 07 00 0a 95 00 00 07 04 02 00 00 00 00 00 00 00 00 16 80 bc 56 00 7e 07 00 8a b2 
00 00 23 04 02 00 00 00 01 00 00 00 00 16 80 bc 56 00 7f 07 00 8a b2 00 00 21 04 01 00 00 00 01 
00 00 00 00 16 80 bc 56 00 80 07 00 8a b2 00 00 b4 00 1d 00 00 00 01 00 00 00 00 16 80 bc 56 00 
81 07 00 8a b2 00 00 09 04 1d 00 00 00 01 00 00 00 00 
.....W.s....Chang Wing Pupil...................."..j.......`..XL..(.......@.......@.......@.....
..&...&..............W.t....Chang Wing Pupil....................".........a..X........@.....@Z..
..hf..@.......&...&..............W.u....Chang Wing Pupil...................."..........`..XL..(.
......@.....@Z.....e..@......&...&..............W.v....Chang Wing Pupil....................".@..
.....a..X...peA.@.....@Z.....e..@......&...&.....................V.z....................V.{.....
...............V.|....................V.}....................V......................V...........
...........V......................V......................V.~......#.............V........!......
.......V......................V...................

GAME->Client [12:54:13 07/15/09] packet size: 723 CRYPTED, Flags: 1f ServerSeq: 7 ClientSeq: 5
82 50 69 fb 48 03 01 00 0c 57 02 77 cd ab 12 8e 43 68 61 6e 67 20 57 69 6e 67 20 50 75 70 69 6c 
00 00 00 00 00 00 00 00 00 00 00 00 00 00 00 00 00 10 00 00 22 d4 e0 0f 1c 00 c6 01 80 d1 60 05 
00 58 0a 00 00 00 4c 43 9b e2 40 00 00 00 00 00 40 5a c0 00 00 00 98 c6 50 ec 40 c0 01 83 01 03 
a8 14 26 02 b2 09 26 02 07 08 00 00 80 02 05 17 00 00 01 00 0c 57 02 78 cd ab 12 8e 43 68 61 6e 
67 20 57 69 6e 67 20 50 75 70 69 6c 00 00 00 00 00 00 00 00 00 00 00 00 00 00 00 00 00 10 00 00 
22 d4 a7 0f 1c 00 c6 01 80 d1 61 05 00 58 0a 00 00 00 e0 17 fd e5 40 00 00 00 00 00 40 5a c0 00 
00 00 f0 a4 7f ea 40 c0 01 83 01 03 a8 14 26 02 b2 09 26 02 07 08 00 00 80 02 05 15 00 00 01 00 
0c 57 02 79 cd ab 12 8e 43 68 61 6e 67 20 57 69 6e 67 20 50 75 70 69 6c 00 00 00 00 00 00 00 00 
00 00 00 00 00 00 00 00 00 10 00 00 22 d5 01 91 0f 1c 00 c6 01 80 c3 61 05 00 58 4c 0a 00 28 00 
00 00 24 fa 4a e3 40 00 00 00 00 00 40 5a c0 00 00 00 58 a3 3c eb 40 c0 01 82 03 a8 14 26 02 b2 
09 26 02 07 08 00 00 80 02 05 13 00 00 01 00 0c 57 02 7a cd ab 11 8e 43 68 61 6e 67 20 57 69 6e 
67 20 41 64 65 70 74 00 00 00 00 00 00 00 00 00 00 00 00 00 00 00 00 00 10 00 00 22 d4 80 10 1c 
00 c6 01 80 c1 63 05 00 58 00 00 00 f8 dd 8f e4 40 00 00 00 00 00 40 5a c0 00 00 00 a8 71 be ea 
40 c0 01 83 04 02 a8 14 39 03 b2 09 39 03 07 08 00 00 80 02 05 11 00 00 00 00 04 01 00 10 0c 16 
80 bc 56 00 82 07 00 8a b2 00 00 9d 00 1d 00 00 00 01 00 00 00 00 16 80 bc 56 00 83 07 00 8a b2 
00 00 06 04 01 00 00 00 01 00 00 00 00 16 80 bc 56 00 c2 07 00 8a b2 00 00 23 04 02 00 00 00 00 
00 00 00 00 16 80 bc 56 00 c3 07 00 8a b2 00 00 21 04 01 00 00 00 00 00 00 00 00 16 80 bc 56 00 
c4 07 00 8a b2 00 00 b4 00 1d 00 00 00 00 00 00 00 00 16 80 bc 56 00 c5 07 00 8a b2 00 00 09 04 
1d 00 00 00 00 00 00 00 00 16 80 bc 56 00 c6 07 00 8a b2 00 00 9d 00 1d 00 00 00 00 00 00 00 00 
16 80 bc 56 00 c7 07 00 8a b2 00 00 06 04 01 00 00 00 00 00 00 00 00 16 80 bc 56 00 84 07 00 24 
b3 00 00 89 02 02 00 00 00 01 00 00 00 00 16 80 bc 56 00 85 07 00 24 b3 00 00 1a 04 01 00 00 00 
01 00 00 00 00 16 80 bc 56 00 86 07 00 24 b3 00 00 b4 00 21 00 00 00 01 00 00 00 00 16 80 bc 56 
00 87 07 00 24 b3 00 00 09 04 21 00 00 00 01 00 00 00 00 
.Pi.H....W.w....Chang Wing Pupil....................".........`..X....LC..@.....@Z......P.@.....
..&...&..............W.x....Chang Wing Pupil....................".........a..X........@.....@Z..
......@.......&...&..............W.y....Chang Wing Pupil...................."..........a..XL..(.
..$.J.@.....@Z....X.<.@......&...&..............W.z....Chang Wing Adept...................."....
.....c..X.......@.....@Z.....q..@.......9...9.....................V......................V......
................V........#.............V........!.............V......................V..........
............V......................V......................V....$.................V....$.........
........V....$.....!...........V....$.....!........

Client->GAME [12:54:13 07/15/09] packet size: 1 CRYPTED, Flags: 2f ServerSeq: 6 ClientSeq: 6
02 
.

Client->GAME [12:54:13 07/15/09] packet size: 1 CRYPTED, Flags: 5f ServerSeq: 7 ClientSeq: 7
02 
.

GAME->Client [12:54:13 07/15/09] packet size: 731 CRYPTED, Flags: 1f ServerSeq: 8 ClientSeq: 5
02 03 01 00 02 13 00 1f 00 02 0c 61 46 20 0e 47 f8 df ec 44 a7 6f 57 47 01 00 02 14 00 11 00 02 
0e 00 89 f0 7e 24 47 00 00 d2 c2 8d f3 55 47 01 00 08 50 02 8b 0b 40 15 78 cd ab 02 09 00 00 00 
00 80 8e e4 40 00 00 00 00 00 40 51 c0 00 00 00 00 c0 55 ec 40 00 00 00 00 00 00 80 3f 00 00 00 
00 2e bd 3b b3 0f 00 00 01 00 0c 57 02 7b cd ab 11 8e 43 68 61 6e 67 20 57 69 6e 67 20 41 64 65 
70 74 00 00 00 00 00 00 00 00 00 00 00 00 00 00 00 00 00 10 00 00 22 d4 ce 10 1c 00 c6 01 a0 01 
c1 62 05 00 58 00 00 00 c8 e2 d7 e3 40 00 00 00 00 00 40 5a c0 00 00 00 94 ce 04 eb 40 c0 01 82 
02 a8 14 39 03 b2 09 39 03 07 08 00 00 80 02 05 0d 00 00 01 00 0c 57 02 7c cd ab 10 8e 43 68 61 
6e 67 20 57 69 6e 67 20 50 75 70 69 6c 00 00 00 00 00 00 00 00 00 00 00 00 00 00 00 00 00 10 00 
00 22 d4 ed 0f 1c 00 c6 01 80 c1 60 05 00 58 00 00 00 94 f9 d7 e3 40 00 00 00 00 00 40 5a c0 00 
00 00 58 8c 67 eb 40 c0 01 82 03 a8 14 26 02 b2 09 26 02 07 08 00 00 80 02 05 0b 00 00 01 00 0c 
57 02 7d cd ab 12 8e 43 68 61 6e 67 20 57 69 6e 67 20 50 75 70 69 6c 00 00 00 00 00 00 00 00 00 
00 00 00 00 00 00 00 00 10 00 00 22 d4 06 0f 1c 00 c6 01 80 d1 60 05 00 58 0a 00 00 00 00 22 62 
e6 40 00 00 00 00 00 40 5a c0 00 00 00 74 ee d9 ea 40 c0 01 83 01 03 a8 14 26 02 b2 09 26 02 07 
08 00 00 80 02 05 09 00 00 00 00 04 01 00 1c 0d 16 80 bc 56 00 88 07 00 24 b3 00 00 15 04 02 00 
00 00 01 00 00 00 00 16 80 bc 56 00 89 07 00 24 b3 00 00 b5 00 21 00 00 00 01 00 00 00 00 16 80 
bc 56 00 c8 07 00 24 b3 00 00 89 02 02 00 00 00 00 00 00 00 00 16 80 bc 56 00 c9 07 00 24 b3 00 
00 1a 04 01 00 00 00 00 00 00 00 00 16 80 bc 56 00 ca 07 00 24 b3 00 00 b4 00 21 00 00 00 00 00 
00 00 00 16 80 bc 56 00 cb 07 00 24 b3 00 00 09 04 21 00 00 00 00 00 00 00 00 16 80 bc 56 00 cc 
07 00 24 b3 00 00 15 04 02 00 00 00 00 00 00 00 00 16 80 bc 56 00 cd 07 00 24 b3 00 00 b5 00 21 
00 00 00 00 00 00 00 00 16 80 bc 56 00 8a 07 00 95 a7 00 00 b4 00 12 00 00 00 01 00 00 00 00 16 
80 bc 56 00 8b 07 00 95 a7 00 00 b5 00 12 00 00 00 01 00 00 00 00 16 80 bc 56 00 8c 07 00 95 a7 
00 00 09 04 12 00 00 00 01 00 00 00 00 16 80 bc 56 00 8d 07 00 95 a7 00 00 70 00 0f 00 00 00 01 
00 00 00 00 16 80 bc 56 00 ce 07 00 95 a7 00 00 b4 00 12 00 00 00 00 00 00 00 00 
...........aF .G...D.oWG............~$G......UG...P...@.x...........@.....@Q......U.@.......?...
...;.......W.{....Chang Wing Adept...................."..........b..X.......@.....@Z........@...
...9...9..............W.|....Chang Wing Pupil....................".........`..X.......@.....@Z..
..X.g.@......&...&..............W.}....Chang Wing Pupil....................".........`..X....."b
.@.....@Z....t...@.......&...&.....................V....$.................V....$.....!..........
.V....$.................V....$.................V....$.....!...........V....$.....!...........V..
..$.................V....$.....!...........V......................V......................V......
................V........p.............V...................

Client->GAME [12:54:13 07/15/09] packet size: 1 CRYPTED, Flags: 3f ServerSeq: 8 ClientSeq: 8
02 
.

GAME->Client [12:54:13 07/15/09] packet size: 707 CRYPTED, Flags: 7f ServerSeq: 9 ClientSeq: 7
02 03 01 00 0c 57 02 7e cd ab 10 8e 43 68 61 6e 67 20 57 69 6e 67 20 50 75 70 69 6c 00 00 00 00 
00 00 00 00 00 00 00 00 00 00 00 00 00 10 00 00 22 d4 76 0f 1c 00 c6 01 80 c1 60 05 00 58 00 00 
00 46 36 c1 e1 40 00 00 00 00 ff 9b 9d 40 00 00 00 7c cf 21 eb 40 c0 01 82 03 a8 14 26 02 b2 09 
26 02 07 08 00 00 80 02 05 07 00 00 01 00 0c 57 02 7f cd ab 0f 8e 43 68 61 6e 67 20 57 69 6e 67 
20 50 75 70 69 6c 00 00 00 00 00 00 00 00 00 00 00 00 00 00 00 00 00 10 00 00 22 d0 0f 1c 00 c6 
01 80 c1 60 05 00 58 00 00 00 00 80 69 e6 40 00 00 00 00 00 40 5a c0 00 00 00 34 39 65 ea 40 c0 
01 82 03 a8 14 26 02 b2 09 26 02 07 08 00 00 80 02 05 05 00 00 01 00 0c 57 02 80 cd ab 12 8e 43 
68 61 6e 67 20 57 69 6e 67 20 50 75 70 69 6c 00 00 00 00 00 00 00 00 00 00 00 00 00 00 00 00 00 
10 00 00 22 d4 86 0f 1c 00 c6 01 80 d1 60 05 00 58 0a 00 00 00 f0 c8 1f e5 40 00 00 00 00 00 40 
5a c0 00 00 00 88 fc 0b ee 40 c0 01 83 01 03 a8 14 26 02 b2 09 26 02 07 08 00 00 80 02 05 03 00 
00 1f 00 02 0e 00 57 46 20 0e 47 f8 df ec 44 a7 6f 57 47 15 00 02 08 ac c5 2f 47 00 00 d2 c2 d4 
e3 53 47 00 00 04 01 00 29 0f 16 80 bc 56 00 cf 07 00 95 a7 00 00 b5 00 12 00 00 00 00 00 00 00 
00 16 80 bc 56 00 d0 07 00 95 a7 00 00 09 04 12 00 00 00 00 00 00 00 00 16 80 bc 56 00 d1 07 00 
95 a7 00 00 70 00 0f 00 00 00 00 00 00 00 00 16 80 bc 56 00 8e 07 00 2c b3 00 00 17 04 01 00 00 
00 01 00 00 00 00 16 80 bc 56 00 8f 07 00 2c b3 00 00 b4 00 21 00 00 00 01 00 00 00 00 16 80 bc 
56 00 90 07 00 2c b3 00 00 09 04 21 00 00 00 01 00 00 00 00 16 80 bc 56 00 91 07 00 2c b3 00 00 
12 04 02 00 00 00 01 00 00 00 00 16 80 bc 56 00 92 07 00 2c b3 00 00 07 04 02 00 00 00 01 00 00 
00 00 16 80 bc 56 00 93 07 00 2c b3 00 00 b5 00 21 00 00 00 01 00 00 00 00 16 80 bc 56 00 d2 07 
00 2c b3 00 00 17 04 01 00 00 00 00 00 00 00 00 16 80 bc 56 00 d3 07 00 2c b3 00 00 b4 00 21 00 
00 00 00 00 00 00 00 16 80 bc 56 00 d4 07 00 2c b3 00 00 09 04 21 00 00 00 00 00 00 00 00 16 80 
bc 56 00 d5 07 00 2c b3 00 00 12 04 02 00 00 00 00 00 00 00 00 16 80 bc 56 00 d6 07 00 2c b3 00 
00 07 04 02 00 00 00 00 00 00 00 00 16 80 bc 56 00 d7 07 00 2c b3 00 00 b5 00 21 00 00 00 00 00 
00 00 00 
.....W.~....Chang Wing Pupil....................".v.......`..X...F6..@.......@...|.!.@......&...
&..............W......Chang Wing Pupil...................."........`..X.....i.@.....@Z....49e.@.
.....&...&..............W......Chang Wing Pupil....................".........`..X........@.....@
Z........@.......&...&................WF .G...D.oWG....../G......SG.....)....V..................
....V......................V........p.............V....,.................V....,.....!...........
V....,.....!...........V....,.................V....,.................V....,.....!...........V...
.,.................V....,.....!...........V....,.....!...........V....,.................V....,..
...............V....,.....!........

Client->GAME [12:54:13 07/15/09] packet size: 1 CRYPTED, Flags: 7f ServerSeq: 9 ClientSeq: 9
02 
.

