Client->GAME [12:56:23 07/15/09] packet size: 25 CRYPTED, Flags: 7f ServerSeq: 774 ClientSeq: 903
02 04 01 00 1e 01 12 81 8e 03 00 00 00 03 00 00 00 12 00 00 00 03 00 00 00 
.........................

GAME->Client [12:56:23 07/15/09] packet size: 43 CRYPTED, Flags: 7f ServerSeq: 919 ClientSeq: 774
02 03 1d 00 02 2a 01 c0 00 00 96 00 01 7e b9 2a 47 00 00 d2 c2 36 b3 70 47 07 00 02 08 bf 71 0e 
47 f8 df ec 44 e4 02 5d 47 00 00 
.....*.......~.*G....6.pG.....q.G...D..]G..

Client->GAME [12:56:23 07/15/09] packet size: 1 CRYPTED, Flags: 7f ServerSeq: 775 ClientSeq: 904
02 
.

GAME->Client [12:56:23 07/15/09] packet size: 700 CRYPTED, Flags: 7f ServerSeq: 920 ClientSeq: 775
82 88 79 fb 48 04 01 01 2c 1e 16 80 bc 15 00 73 07 00 f7 03 00 00 08 02 00 00 00 00 01 00 00 00 
00 16 80 bc 15 00 74 07 00 f7 03 00 00 07 02 ec ff ff ff 01 00 00 00 00 16 80 bc 15 00 75 07 00 
f7 03 00 00 50 04 00 00 00 00 01 00 00 00 00 16 80 bc 15 00 76 07 00 f7 03 00 00 f4 03 00 00 00 
00 01 00 00 00 00 16 80 bc 15 00 77 07 00 f7 03 00 00 51 04 f6 ff ff ff 01 00 00 00 00 16 80 bc 
15 00 78 07 00 f7 03 00 00 52 04 0f 00 00 00 01 00 00 00 00 16 80 bc 11 00 79 07 00 00 00 00 00 
cb 02 00 00 00 00 01 00 00 00 00 16 80 bc 56 00 be 07 00 0a 95 00 00 06 04 02 00 00 00 01 00 00 
00 00 16 80 bc 56 00 bf 07 00 0a 95 00 00 b4 00 11 00 00 00 01 00 00 00 00 16 80 bc 56 00 c0 07 
00 0a 95 00 00 b5 00 11 00 00 00 01 00 00 00 00 16 80 bc 56 00 c1 07 00 0a 95 00 00 07 04 02 00 
00 00 01 00 00 00 00 16 80 bc 56 00 c2 07 00 8a b2 00 00 23 04 02 00 00 00 01 00 00 00 00 16 80 
bc 56 00 c3 07 00 8a b2 00 00 21 04 01 00 00 00 01 00 00 00 00 16 80 bc 56 00 c4 07 00 8a b2 00 
00 b4 00 1d 00 00 00 01 00 00 00 00 16 80 bc 56 00 c5 07 00 8a b2 00 00 09 04 1d 00 00 00 01 00 
00 00 00 16 80 bc 56 00 c6 07 00 8a b2 00 00 9d 00 1d 00 00 00 01 00 00 00 00 16 80 bc 56 00 c7 
07 00 8a b2 00 00 06 04 01 00 00 00 01 00 00 00 00 16 80 bc 56 00 c8 07 00 24 b3 00 00 89 02 02 
00 00 00 01 00 00 00 00 16 80 bc 56 00 c9 07 00 24 b3 00 00 1a 04 01 00 00 00 01 00 00 00 00 16 
80 bc 56 00 ca 07 00 24 b3 00 00 b4 00 21 00 00 00 01 00 00 00 00 16 80 bc 56 00 cb 07 00 24 b3 
00 00 09 04 21 00 00 00 01 00 00 00 00 16 80 bc 56 00 cc 07 00 24 b3 00 00 15 04 02 00 00 00 01 
00 00 00 00 16 80 bc 56 00 cd 07 00 24 b3 00 00 b5 00 21 00 00 00 01 00 00 00 00 16 80 bc 56 00 
ce 07 00 95 a7 00 00 b4 00 12 00 00 00 01 00 00 00 00 16 80 bc 56 00 cf 07 00 95 a7 00 00 b5 00 
12 00 00 00 01 00 00 00 00 16 80 bc 56 00 d0 07 00 95 a7 00 00 09 04 12 00 00 00 01 00 00 00 00 
16 80 bc 56 00 d1 07 00 95 a7 00 00 70 00 0f 00 00 00 01 00 00 00 00 16 80 bc 56 00 d2 07 00 2c 
b3 00 00 17 04 01 00 00 00 01 00 00 00 00 16 80 bc 56 00 d3 07 00 2c b3 00 00 b4 00 21 00 00 00 
01 00 00 00 00 16 80 bc 56 00 d4 07 00 2c b3 00 00 09 04 21 00 00 00 01 00 00 00 00 
..y.H...,......s......................t......................u......P...............v...........
...........w......Q...............x......R...............y....................V.................
.....V......................V......................V......................V........#............
.V........!.............V......................V......................V......................V..
....................V....$.................V....$.................V....$.....!...........V....$.
....!...........V....$.................V....$.....!...........V......................V..........
............V......................V........p.............V....,.................V....,.....!...
........V....,.....!........

Client->GAME [12:56:23 07/15/09] packet size: 1 CRYPTED, Flags: 7f ServerSeq: 776 ClientSeq: 905
02 
.

GAME->Client [12:56:23 07/15/09] packet size: 696 CRYPTED, Flags: 7f ServerSeq: 921 ClientSeq: 776
02 04 01 01 4a 1e 16 80 bc 56 00 d5 07 00 2c b3 00 00 12 04 02 00 00 00 01 00 00 00 00 16 80 bc 
56 00 d6 07 00 2c b3 00 00 07 04 02 00 00 00 01 00 00 00 00 16 80 bc 56 00 d7 07 00 2c b3 00 00 
b5 00 21 00 00 00 01 00 00 00 00 16 80 bc 56 00 d8 07 00 c3 b2 00 00 89 02 02 00 00 00 01 00 00 
00 00 16 80 bc 56 00 d9 07 00 c3 b2 00 00 21 04 02 00 00 00 01 00 00 00 00 16 80 bc 56 00 da 07 
00 c3 b2 00 00 b4 00 1f 00 00 00 01 00 00 00 00 16 80 bc 56 00 db 07 00 c3 b2 00 00 09 04 1f 00 
00 00 01 00 00 00 00 16 80 bc 56 00 dc 07 00 c3 b2 00 00 1e 04 01 00 00 00 01 00 00 00 00 16 80 
bc 56 00 dd 07 00 c3 b2 00 00 9d 00 1f 00 00 00 01 00 00 00 00 16 80 bc 55 00 e7 07 00 02 00 00 
00 cc 00 0c 00 00 00 01 00 00 00 00 16 80 bc 55 00 f1 07 00 0b 00 00 00 37 02 96 00 00 00 01 00 
00 00 00 16 80 bc 55 00 f2 07 00 2d 00 00 00 23 04 0a 00 00 00 01 00 00 00 00 16 80 bc 55 00 f3 
07 00 2d 00 00 00 20 04 0a 00 00 00 01 00 00 00 00 16 80 bc 55 00 f4 07 00 2d 00 00 00 19 04 05 
00 00 00 01 00 00 00 00 16 80 bc 55 00 f5 07 00 2d 00 00 00 42 04 05 00 00 00 01 00 00 00 00 16 
80 bc 55 00 f6 07 00 34 00 00 00 83 02 c8 00 00 00 01 00 00 00 00 16 80 bc 55 00 f7 07 00 4b 00 
00 00 1f 04 19 00 00 00 01 00 00 00 00 16 80 bc 55 00 f8 07 00 5f 00 00 00 7c 04 0f 00 00 00 01 
00 00 00 00 16 80 bc 55 00 f9 07 00 5f 00 00 00 07 04 0f 00 00 00 01 00 00 00 00 16 80 bc 55 00 
fa 07 00 62 00 00 00 06 04 01 00 00 00 01 00 00 00 00 16 80 bc 55 00 fb 07 00 62 00 00 00 15 04 
01 00 00 00 01 00 00 00 00 16 80 bc 55 00 fc 07 00 5a 01 00 00 07 04 05 00 00 00 01 00 00 00 00 
16 80 bc 55 00 fd 07 00 5a 01 00 00 1d 04 0f 00 00 00 01 00 00 00 00 16 80 bc 55 00 fe 07 00 64 
01 00 00 1f 04 05 00 00 00 01 00 00 00 00 16 80 bc 55 00 ff 07 00 66 01 00 00 7b 04 05 00 00 00 
01 00 00 00 00 16 80 bc 55 00 00 08 00 66 01 00 00 12 04 0a 00 00 00 01 00 00 00 00 16 80 bc 55 
00 01 08 00 66 01 00 00 06 04 0b 00 00 00 01 00 00 00 00 16 80 bc 55 00 02 08 00 8e 01 00 00 03 
04 05 00 00 00 01 00 00 00 00 16 80 bc 55 00 03 08 00 8e 01 00 00 12 04 0f 00 00 00 01 00 00 00 
00 16 80 bc 55 00 04 08 00 8e 01 00 00 77 04 05 00 00 00 01 00 00 00 00 
....J....V....,.................V....,.................V....,.....!...........V.................
.....V........!.............V......................V......................V.....................
.V......................U......................U........7.............U....-...#.............U..
..-... .............U....-.................U....-...B.............U....4.................U....K.
................U...._...|.............U...._.................U....b.................U....b.....
............U....Z.................U....Z.................U....d.................U....f...{.....
........U....f.................U....f.................U......................U..................
....U........w..........

Client->GAME [12:56:23 07/15/09] packet size: 1 CRYPTED, Flags: 7f ServerSeq: 777 ClientSeq: 906
02 
.

GAME->Client [12:56:23 07/15/09] packet size: 700 CRYPTED, Flags: 7f ServerSeq: 922 ClientSeq: 776
02 04 02 01 68 03 16 80 bc 55 00 05 08 00 cd 01 00 00 e5 03 05 00 00 00 01 00 00 00 00 16 80 bc 
55 00 06 08 00 cd 01 00 00 73 04 05 00 00 00 01 00 00 00 00 16 80 bc 55 00 07 08 00 cd 01 00 00 
e3 03 0f 00 00 00 01 00 00 00 00 01 6b 1c 16 80 bc 55 00 08 08 00 d5 01 00 00 e3 03 05 00 00 00 
01 00 00 00 00 16 80 bc 55 00 09 08 00 36 02 00 00 37 02 0a 00 00 00 01 00 00 00 00 16 80 bc 55 
00 0a 08 00 74 02 00 00 34 02 1e 00 00 00 01 00 00 00 00 16 80 bc 15 00 0b 08 00 11 00 00 00 ab 
00 0d 00 00 00 01 00 00 00 00 16 80 bc 15 00 0c 08 00 11 00 00 00 0a 02 4d 00 00 00 01 00 00 00 
00 16 80 bc 15 00 0d 08 00 11 00 00 00 f2 03 34 00 00 00 01 00 00 00 00 16 80 bc 15 00 0e 08 00 
11 00 00 00 ed 03 4d 00 00 00 01 00 00 00 00 16 80 bc 15 00 0f 08 00 11 00 00 00 9f 00 19 00 00 
00 01 00 00 00 00 16 80 bc 15 00 10 08 00 11 00 00 00 f1 03 34 00 00 00 01 00 00 00 00 16 80 bc 
15 00 11 08 00 11 00 00 00 0c 02 34 00 00 00 01 00 00 00 00 16 80 bc 15 00 12 08 00 11 00 00 00 
b7 00 4d 00 00 00 01 00 00 00 00 16 80 bc 15 00 13 08 00 11 00 00 00 f3 03 46 00 00 00 01 00 00 
00 00 0b 80 bd 05 11 00 00 00 00 00 00 00 16 80 bc 15 00 14 08 00 11 00 00 00 ab 00 0c 00 00 00 
00 00 00 00 00 16 80 bc 15 00 15 08 00 11 00 00 00 0a 02 4b 00 00 00 00 00 00 00 00 16 80 bc 15 
00 16 08 00 11 00 00 00 f2 03 31 00 00 00 00 00 00 00 00 16 80 bc 15 00 17 08 00 11 00 00 00 ed 
03 4b 00 00 00 00 00 00 00 00 16 80 bc 15 00 18 08 00 11 00 00 00 9f 00 19 00 00 00 00 00 00 00 
00 16 80 bc 15 00 19 08 00 11 00 00 00 f1 03 31 00 00 00 00 00 00 00 00 16 80 bc 15 00 1a 08 00 
11 00 00 00 0c 02 34 00 00 00 00 00 00 00 00 16 80 bc 15 00 1b 08 00 11 00 00 00 b7 00 46 00 00 
00 00 00 00 00 00 16 80 bc 15 00 1c 08 00 11 00 00 00 f3 03 46 00 00 00 00 00 00 00 00 0b 80 bd 
05 11 00 00 00 00 00 00 01 16 80 bc 15 00 14 08 00 11 00 00 00 ab 00 0c 00 00 00 01 00 00 00 00 
16 80 bc 15 00 15 08 00 11 00 00 00 0a 02 4b 00 00 00 01 00 00 00 00 16 80 bc 15 00 16 08 00 11 
00 00 00 f2 03 31 00 00 00 01 00 00 00 00 16 80 bc 15 00 17 08 00 11 00 00 00 ed 03 4b 00 00 00 
01 00 00 00 00 16 80 bc 15 00 18 08 00 11 00 00 00 9f 00 19 00 00 00 01 00 00 00 00 
....h....U......................U........s.............U....................k....U..............
........U....6...7.............U....t...4...............................................M.......
...............4......................M.............................................4...........
...........4......................M......................F......................................
...................K......................1......................K..............................
...............1......................4......................F......................F...........
..............................................K......................1......................K...
............................

Client->GAME [12:56:23 07/15/09] packet size: 1 CRYPTED, Flags: 7f ServerSeq: 778 ClientSeq: 907
02 
.

GAME->Client [12:56:24 07/15/09] packet size: 269 CRYPTED, Flags: 7f ServerSeq: 923 ClientSeq: 777
02 04 01 01 87 11 16 80 bc 15 00 19 08 00 11 00 00 00 f1 03 31 00 00 00 01 00 00 00 00 16 80 bc 
15 00 1a 08 00 11 00 00 00 0c 02 34 00 00 00 01 00 00 00 00 16 80 bc 15 00 1b 08 00 11 00 00 00 
b7 00 46 00 00 00 01 00 00 00 00 16 80 bc 15 00 1c 08 00 11 00 00 00 f3 03 46 00 00 00 01 00 00 
00 00 04 80 b3 11 00 16 80 bc 45 03 11 00 00 02 00 00 00 11 00 32 00 00 00 01 00 00 00 00 04 80 
b3 35 04 16 80 bc 45 03 35 04 00 62 00 00 00 35 04 00 00 00 00 01 00 00 00 00 04 80 b3 3d 04 16 
80 bc 45 03 3d 04 00 43 00 00 00 3d 04 00 00 00 00 01 00 00 00 00 04 80 b3 3e 04 16 80 bc 45 03 
3e 04 00 4f 01 00 00 3e 04 00 00 00 00 01 00 00 00 00 04 80 b3 3f 04 16 80 bc 45 03 3f 04 00 64 
01 00 00 3f 04 00 00 00 00 01 00 00 00 00 04 80 b3 40 04 16 80 bc 45 03 40 04 00 d5 01 00 00 40 
04 00 00 00 00 01 00 00 00 00 02 81 07 
....................1......................4......................F......................F......
..........E..........2...........5....E.5..b...5.............=....E.=..C...=.............>....E.
>..O...>.............?....E.?..d...?.............@....E.@......@.............

Client->GAME [12:56:24 07/15/09] packet size: 13 CRYPTED, Flags: 7f ServerSeq: 779 ClientSeq: 908
02 04 01 00 1f 01 06 81 08 00 00 00 00 
.............

GAME->Client [12:56:24 07/15/09] packet size: 1 CRYPTED, Flags: 7f ServerSeq: 924 ClientSeq: 780
02 
.

GAME->Client [12:56:24 07/15/09] packet size: 1 CRYPTED, Flags: 7f ServerSeq: 925 ClientSeq: 780
42 
B

GAME->Client [12:56:25 07/15/09] packet size: 5 CRYPTED, Flags: 7f ServerSeq: 926 ClientSeq: 780
c2 b8 79 fb 48 
..y.H

Client->GAME [12:56:25 07/15/09] packet size: 1 CRYPTED, Flags: 7f ServerSeq: 782 ClientSeq: 909
02 
.

GAME->Client [12:56:25 07/15/09] packet size: 1 CRYPTED, Flags: 7f ServerSeq: 927 ClientSeq: 780
42 
B

Client->GAME [12:56:25 07/15/09] packet size: 1 CRYPTED, Flags: 7f ServerSeq: 782 ClientSeq: 910
42 
B

GAME->Client [12:56:25 07/15/09] packet size: 1 CRYPTED, Flags: 7f ServerSeq: 928 ClientSeq: 781
42 
B

Client->GAME [12:56:25 07/15/09] packet size: 13 CRYPTED, Flags: 0 ServerSeq: 0 ClientSeq: 1
22 04 01 00 00 01 06 81 51 00 00 00 00 
".......Q....

GAME->Client [12:56:25 07/15/09] packet size: 142 CRYPTED, Flags: 0 ServerSeq: 1 ClientSeq: 0
82 c4 79 fb 48 04 01 00 00 03 6d 06 0e 00 03 00 00 00 c4 79 fb 48 01 42 00 32 00 72 65 73 6f 75 
72 63 65 2f 77 6f 72 6c 64 73 2f 66 69 6e 61 6c 5f 77 6f 72 6c 64 2f 69 6e 74 65 72 6e 61 74 69 
6f 6e 61 6c 2f 69 74 2e 6d 65 74 72 00 29 00 48 61 6c 6c 6f 77 65 65 6e 5f 45 76 65 6e 74 2c 57 
69 6e 74 65 72 33 50 6c 75 73 48 61 6c 6c 6f 77 65 65 6e 54 53 45 43 00 0a 80 e5 e7 cb c0 12 00 
00 00 00 0a 80 e4 bc 58 7a 00 00 00 00 00 
..y.H.....m........y.H.B.2.resource/worlds/final_world/international/it.metr.).Halloween_Event,W
inter3PlusHalloweenTSEC................Xz.....

Client->GAME [12:56:25 07/15/09] packet size: 6 CRYPTED, Flags: 1 ServerSeq: 1 ClientSeq: 2
02 05 02 0c 00 00 
......

GAME->Client [12:56:25 07/15/09] packet size: 72 CRYPTED, Flags: 3 ServerSeq: 2 ClientSeq: 2
02 04 01 00 03 01 41 81 67 17 00 27 00 1c 22 00 c6 01 11 00 00 00 00 00 00 00 37 00 00 08 0e 00 
41 66 74 65 72 57 68 6f 72 75 4e 65 6f 00 0e 00 41 66 74 65 72 57 68 6f 72 75 4e 65 6f 00 02 00 
4b 00 00 00 00 00 00 00 
......A.g..'.."...........7.....AfterWhoruNeo...AfterWhoruNeo...K.......

GAME->Client [12:56:27 07/15/09] packet size: 72 CRYPTED, Flags: 3 ServerSeq: 3 ClientSeq: 2
02 04 01 00 03 01 41 81 67 17 00 27 00 1c 22 00 c6 01 11 00 00 00 00 00 00 00 37 00 00 08 0e 00 
41 66 74 65 72 57 68 6f 72 75 4e 65 6f 00 0e 00 41 66 74 65 72 57 68 6f 72 75 4e 65 6f 00 02 00 
4b 00 00 00 00 00 00 00 
......A.g..'.."...........7.....AfterWhoruNeo...AfterWhoruNeo...K.......

GAME->Client [12:56:28 07/15/09] packet size: 76 CRYPTED, Flags: 3 ServerSeq: 4 ClientSeq: 2
82 1f 7a fb 48 04 01 00 03 01 41 81 67 17 00 27 00 1c 22 00 c6 01 11 00 00 00 00 00 00 00 37 00 
00 08 0e 00 41 66 74 65 72 57 68 6f 72 75 4e 65 6f 00 0e 00 41 66 74 65 72 57 68 6f 72 75 4e 65 
6f 00 02 00 4b 00 00 00 00 00 00 00 
..z.H.....A.g..'.."...........7.....AfterWhoruNeo...AfterWhoruNeo...K.......

Client->GAME [12:56:28 07/15/09] packet size: 12
00 00 00 00 00 01 04 08 42 94 cf 00 
........B...

Client->GAME [12:56:28 07/15/09] packet size: 8 CRYPTED, Flags: 1 ServerSeq: 1 ClientSeq: 3
02 04 01 00 01 01 01 05 
........

Client->GAME [12:56:28 07/15/09] packet size: 13 CRYPTED, Flags: f ServerSeq: 4 ClientSeq: 4
02 04 01 00 00 01 06 81 51 00 00 00 00 
........Q....

GAME->Client [12:56:28 07/15/09] packet size: 12
00 00 00 00 00 01 04 08 42 94 cf 00 
........B...

GAME->Client [12:56:29 07/15/09] packet size: 219 CRYPTED, Flags: f ServerSeq: 5 ClientSeq: 4
02 03 01 00 0c 0c 00 82 cd ab 1c 8b 81 ff 71 02 00 00 41 6e 64 65 72 73 6f 6e 00 00 00 00 00 00 
00 00 00 00 00 00 00 00 00 00 00 00 00 00 00 00 00 00 90 54 68 6f 6d 61 73 00 00 00 00 00 00 00 
00 00 00 00 00 00 00 00 00 00 00 00 00 00 00 00 00 00 00 80 d8 28 0a 0c 00 00 00 01 8e 81 ff f7 
00 31 5e 00 00 c6 67 00 41 66 74 65 72 57 68 6f 72 75 4e 65 6f 00 00 00 00 00 00 00 00 00 00 00 
00 00 00 00 00 00 00 00 28 0a fd 64 01 00 00 67 00 75 d4 01 00 4b b1 00 00 00 00 73 1a e9 88 80 
60 04 00 02 8e 00 00 00 f7 00 9d 00 00 00 00 80 76 d8 40 00 00 00 00 00 90 7f c0 00 00 00 00 40 
3c e0 40 81 ff 32 22 80 89 d5 9a b0 1e 80 1c 01 11 00 00 00 67 00 02 00 00 00 00 
..............q...Anderson.........................Thomas............................(..........
.1^...g.AfterWhoruNeo...................(..d...g.u...K.....s....`...............v.@............@
<.@..2".............g......

Client->GAME [12:56:30 07/15/09] packet size: 74 CRYPTED, Flags: 1f ServerSeq: 5 ClientSeq: 5
02 03 02 00 02 60 08 41 6e 64 65 72 73 6f 6e 06 54 68 6f 6d 61 73 00 00 04 01 00 02 06 12 80 c9 
07 00 40 07 00 d0 84 46 00 80 13 c4 00 30 f2 46 02 80 be 07 3f 4e 00 10 00 00 00 08 3e 6b 00 10 
00 00 00 00 02 81 48 02 0c 01 
.....`.Anderson.Thomas............@....F.....0.F....?N......>k........H...

GAME->Client [12:56:30 07/15/09] packet size: 723 CRYPTED, Flags: 1f ServerSeq: 6 ClientSeq: 5
02 03 01 00 0c 57 02 83 cd ab 0f 8e 43 68 61 6e 67 20 57 69 6e 67 20 49 6e 69 74 69 61 74 65 00 
00 00 00 00 00 00 00 00 00 00 00 00 00 10 00 00 22 d0 07 1c 00 c6 01 80 c1 61 05 00 58 00 00 00 
94 1b f9 d4 40 00 00 00 00 00 90 7f c0 00 00 80 ff bf 9d df 40 c0 01 82 03 a8 10 c2 01 b2 09 c2 
01 07 08 00 00 80 02 04 1b 00 00 01 00 0c 57 02 84 cd ab 12 8e 43 68 61 6e 67 20 57 69 6e 67 20 
49 6e 69 74 69 61 74 65 00 00 00 00 00 00 00 00 00 00 00 00 00 00 10 00 00 22 d4 eb 07 1c 00 c6 
01 80 d1 60 05 00 58 0a 00 00 00 c0 e6 ed da 40 00 00 00 00 00 90 7f c0 00 00 00 a4 31 b2 e1 40 
c0 01 83 01 03 a8 10 c2 01 b2 09 c2 01 07 08 00 00 80 02 04 19 00 00 01 00 0c 57 02 85 cd ab 12 
8e 43 68 61 6e 67 20 57 69 6e 67 20 49 6e 69 74 69 61 74 65 00 00 00 00 00 00 00 00 00 00 00 00 
00 00 10 00 00 22 d4 34 07 1c 00 c6 01 80 d1 61 05 00 58 0a 00 00 80 95 29 af da 40 00 00 00 00 
00 90 7f c0 00 00 00 e0 1a 64 e1 40 c0 01 83 01 03 a8 10 c2 01 b2 09 c2 01 07 08 00 00 80 02 04 
17 00 00 01 00 0c 57 02 86 cd ab 10 8e 43 68 61 6e 67 20 57 69 6e 67 20 49 6e 69 74 69 61 74 65 
00 00 00 00 00 00 00 00 00 00 00 00 00 00 10 00 00 22 d4 c8 07 1c 00 c6 01 80 c1 60 05 00 58 00 
00 00 14 66 9e d4 40 00 00 00 00 00 90 7f c0 00 00 00 eb 10 b6 df 40 c0 01 82 03 a8 10 c2 01 b2 
09 c2 01 07 08 00 00 80 02 04 15 00 00 01 00 08 50 02 99 0b 80 06 0b cd ab 02 09 00 00 00 00 80 
76 d8 40 00 00 00 00 00 40 7d c0 00 00 00 00 c0 48 e0 40 00 00 00 00 00 00 80 3f 00 00 00 00 2e 
bd 3b b3 09 00 00 00 00 04 01 00 04 0a 16 80 bc 56 00 1b 08 00 0a 95 00 00 06 04 02 00 00 00 01 
00 00 00 00 16 80 bc 56 00 1c 08 00 0a 95 00 00 b4 00 11 00 00 00 01 00 00 00 00 16 80 bc 56 00 
1d 08 00 0a 95 00 00 b5 00 11 00 00 00 01 00 00 00 00 16 80 bc 56 00 1e 08 00 0a 95 00 00 07 04 
02 00 00 00 01 00 00 00 00 16 80 bc 56 00 5f 08 00 0a 95 00 00 06 04 02 00 00 00 00 00 00 00 00 
16 80 bc 56 00 60 08 00 0a 95 00 00 b4 00 11 00 00 00 00 00 00 00 00 16 80 bc 56 00 61 08 00 0a 
95 00 00 b5 00 11 00 00 00 00 00 00 00 00 16 80 bc 56 00 62 08 00 0a 95 00 00 07 04 02 00 00 00 
00 00 00 00 00 16 80 bc 56 00 1f 08 00 8a b2 00 00 23 04 02 00 00 00 01 00 00 00 00 16 80 bc 56 
00 20 08 00 8a b2 00 00 21 04 01 00 00 00 01 00 00 00 00 
.....W......Chang Wing Initiate................."........a..X.......@...............@...........
..............W......Chang Wing Initiate.................".........`..X........@............1..@
..........................W......Chang Wing Initiate.................".4.......a..X.....)..@....
.........d.@..........................W......Chang Wing Initiate.................".........`..X.
...f..@...............@.........................P...............v.@.....@}......H.@.......?.....
.;..............V......................V......................V......................V..........
............V._....................V.`....................V.a....................V.b............
........V........#.............V. ......!..........

Client->GAME [12:56:30 07/15/09] packet size: 1 CRYPTED, Flags: 3f ServerSeq: 6 ClientSeq: 6
02 
.

GAME->Client [12:56:30 07/15/09] packet size: 730 CRYPTED, Flags: 1f ServerSeq: 7 ClientSeq: 5
82 5d 7a fb 48 03 01 00 0c 57 02 87 cd ab 10 8e 43 68 61 6e 67 20 57 69 6e 67 20 49 6e 69 74 69 
61 74 65 00 00 00 00 00 00 00 00 00 00 00 00 00 00 10 00 00 22 d4 34 07 1c 00 c6 01 80 c1 61 05 
00 58 00 00 00 38 e9 fb d8 40 00 00 00 00 00 90 7f c0 00 00 00 98 c0 ea e2 40 c0 01 82 03 a8 10 
c2 01 b2 09 c2 01 07 08 00 00 80 02 04 13 00 00 01 00 0c 57 02 88 cd ab 15 8e 41 63 63 65 6c 65 
72 61 74 65 64 20 4d 61 63 68 69 6e 65 00 00 00 00 00 00 00 00 00 00 00 00 00 00 10 00 00 22 d4 
99 01 03 00 04 01 80 d1 68 01 00 4e 0f 00 00 00 02 3d 82 d3 40 00 00 00 00 00 90 7f c0 00 00 00 
58 1f 55 db 40 c0 01 9b 01 01 14 00 00 00 3f a8 2a 98 08 b2 04 98 08 07 08 00 00 81 22 b6 00 00 
02 0a 11 00 00 01 00 0c 57 02 89 cd ab 12 8e 43 68 61 6e 67 20 57 69 6e 67 20 49 6e 69 74 69 61 
74 65 00 00 00 00 00 00 00 00 00 00 00 00 00 00 10 00 00 22 d4 c6 07 1c 00 c6 01 80 d1 60 05 00 
58 0a 00 00 00 c8 f5 ee d7 40 00 00 00 00 00 90 7f c0 00 00 00 a8 e4 08 e3 40 c0 01 83 01 03 a8 
10 c2 01 b2 09 c2 01 07 08 00 00 80 02 04 0f 00 00 01 00 0c 57 02 8a cd ab 11 8e 47 72 65 61 74 
20 57 61 6c 6c 20 53 65 63 75 72 69 74 79 20 58 75 65 20 59 75 61 6e 00 00 00 00 00 10 00 00 22 
d4 8d 28 1c 00 c6 01 80 c1 5c 0a 00 58 00 00 00 38 08 dd d8 40 00 00 00 00 00 90 7f c0 00 00 00 
a8 87 46 db 40 c0 01 82 02 a8 13 13 03 b2 09 13 03 07 08 00 00 81 e5 1a 00 00 02 04 0d 00 00 00 
00 04 01 00 0e 0c 16 80 bc 56 00 21 08 00 8a b2 00 00 b4 00 1d 00 00 00 01 00 00 00 00 16 80 bc 
56 00 22 08 00 8a b2 00 00 09 04 1d 00 00 00 01 00 00 00 00 16 80 bc 56 00 23 08 00 8a b2 00 00 
9d 00 1d 00 00 00 01 00 00 00 00 16 80 bc 56 00 24 08 00 8a b2 00 00 06 04 01 00 00 00 01 00 00 
00 00 16 80 bc 56 00 63 08 00 8a b2 00 00 23 04 02 00 00 00 00 00 00 00 00 16 80 bc 56 00 64 08 
00 8a b2 00 00 21 04 01 00 00 00 00 00 00 00 00 16 80 bc 56 00 65 08 00 8a b2 00 00 b4 00 1d 00 
00 00 00 00 00 00 00 16 80 bc 56 00 66 08 00 8a b2 00 00 09 04 1d 00 00 00 00 00 00 00 00 16 80 
bc 56 00 67 08 00 8a b2 00 00 9d 00 1d 00 00 00 00 00 00 00 00 16 80 bc 56 00 68 08 00 8a b2 00 
00 06 04 01 00 00 00 00 00 00 00 00 16 80 bc 56 00 25 08 00 24 b3 00 00 89 02 02 00 00 00 01 00 
00 00 00 16 80 bc 56 00 26 08 00 24 b3 00 00 1a 04 01 00 00 00 01 00 00 00 00 
.]z.H....W......Chang Wing Initiate.................".4.......a..X...8...@...............@......
...................W......Accelerated Machine.................".........h..N.....=..@...........
X.U.@.........?.*..........."...........W......Chang Wing Initiate.................".........`..
X........@...............@..........................W......Great Wall Security Xue Yuan........"
..(......\..X...8...@.............F.@....................................V.!....................
V."....................V.#....................V.$....................V.c......#.............V.d.
.....!.............V.e....................V.f....................V.g....................V.h.....
...............V.%..$.................V.&..$..............

Client->GAME [12:56:30 07/15/09] packet size: 1 CRYPTED, Flags: 7f ServerSeq: 7 ClientSeq: 7
02 
.

GAME->Client [12:56:30 07/15/09] packet size: 730 CRYPTED, Flags: 1f ServerSeq: 8 ClientSeq: 5
02 03 01 00 02 13 00 17 00 02 0c 35 74 a1 d5 46 00 80 fc c3 65 26 0b 47 01 00 0c 57 02 8b cd ab 
10 8e 43 68 61 6e 67 20 57 69 6e 67 20 49 6e 69 74 69 61 74 65 00 00 00 00 00 00 00 00 00 00 00 
00 00 00 10 00 00 22 d4 43 07 1c 00 c6 01 80 c1 61 05 00 58 00 00 00 38 5e 19 de 40 00 00 00 00 
00 90 7f c0 00 00 00 1c bd 21 e0 40 c0 01 82 03 a8 10 c2 01 b2 09 c2 01 07 08 00 00 80 02 04 0b 
00 00 01 00 0c 57 02 8c cd ab 12 8e 43 68 61 6e 67 20 57 69 6e 67 20 49 6e 69 74 69 61 74 65 00 
00 00 00 00 00 00 00 00 00 00 00 00 00 10 00 00 22 d4 7f 07 1c 00 c6 01 80 d1 61 05 00 58 0a 00 
00 00 9c 21 eb d4 40 00 00 00 00 00 90 7f c0 00 00 00 0f 75 ef df 40 c0 01 83 01 03 a8 10 c2 01 
b2 09 c2 01 07 08 00 00 80 02 04 07 00 00 01 00 0c 11 a8 94 cd ab 02 09 00 00 00 80 4d 5a d6 40 
00 00 00 c0 f5 e4 7f c0 00 00 00 00 a0 cc db 40 00 00 00 00 71 3d 8a 3e 00 00 00 00 33 33 b3 bf 
05 00 00 01 00 0c 57 02 8d cd ab 11 8e 47 72 65 61 74 20 57 61 6c 6c 20 53 65 63 75 72 69 74 79 
20 58 75 65 20 59 75 61 6e 00 00 00 00 00 10 00 00 22 d4 25 28 1c 00 c6 01 80 c1 5c 0a 00 58 00 
00 00 10 21 1a d9 40 00 00 00 00 00 90 7f c0 00 00 00 00 c0 e3 da 40 c0 01 82 02 a8 13 13 03 b2 
09 13 03 07 08 00 00 81 e5 1a 00 00 02 04 03 00 00 00 00 04 01 00 1a 0e 16 80 bc 56 00 27 08 00 
24 b3 00 00 b4 00 21 00 00 00 01 00 00 00 00 16 80 bc 56 00 28 08 00 24 b3 00 00 09 04 21 00 00 
00 01 00 00 00 00 16 80 bc 56 00 29 08 00 24 b3 00 00 15 04 02 00 00 00 01 00 00 00 00 16 80 bc 
56 00 2a 08 00 24 b3 00 00 b5 00 21 00 00 00 01 00 00 00 00 16 80 bc 56 00 69 08 00 24 b3 00 00 
89 02 02 00 00 00 00 00 00 00 00 16 80 bc 56 00 6a 08 00 24 b3 00 00 1a 04 01 00 00 00 00 00 00 
00 00 16 80 bc 56 00 6b 08 00 24 b3 00 00 b4 00 21 00 00 00 00 00 00 00 00 16 80 bc 56 00 6c 08 
00 24 b3 00 00 09 04 21 00 00 00 00 00 00 00 00 16 80 bc 56 00 6d 08 00 24 b3 00 00 15 04 02 00 
00 00 00 00 00 00 00 16 80 bc 56 00 6e 08 00 24 b3 00 00 b5 00 21 00 00 00 00 00 00 00 00 16 80 
bc 56 00 2b 08 00 95 a7 00 00 b4 00 12 00 00 00 01 00 00 00 00 16 80 bc 56 00 2c 08 00 95 a7 00 
00 b5 00 12 00 00 00 01 00 00 00 00 16 80 bc 56 00 2d 08 00 95 a7 00 00 09 04 12 00 00 00 01 00 
00 00 00 16 80 bc 56 00 2e 08 00 95 a7 00 00 70 00 0f 00 00 00 01 00 00 00 00 
...........5t..F....e&.G...W......Chang Wing Initiate.................".C.......a..X...8^..@....
.........!.@.........................W......Chang Wing Initiate.................".........a..X..
...!..@............u..@.....................................MZ.@...............@....q=.>....33..
......W......Great Wall Security Xue Yuan........".%(......\..X....!..@...............@.........
...........................V.'..$.....!...........V.(..$.....!...........V.)..$.................
V.*..$.....!...........V.i..$.................V.j..$.................V.k..$.....!...........V.l.
.$.....!...........V.m..$.................V.n..$.....!...........V.+....................V.,.....
...............V.-....................V........p..........

GAME->Client [12:56:30 07/15/09] packet size: 700 CRYPTED, Flags: 7f ServerSeq: 9 ClientSeq: 7
02 03 01 00 02 13 00 0b 00 02 0c 43 f2 ca f0 46 00 80 fc c3 e9 0d 01 47 01 00 02 13 00 07 00 02 
0c 7f b6 5a a7 46 00 80 fc c3 96 4e ff 46 00 00 04 02 00 28 1b 16 80 bc 56 00 6f 08 00 95 a7 00 
00 b4 00 12 00 00 00 00 00 00 00 00 16 80 bc 56 00 70 08 00 95 a7 00 00 b5 00 12 00 00 00 00 00 
00 00 00 16 80 bc 56 00 71 08 00 95 a7 00 00 09 04 12 00 00 00 00 00 00 00 00 16 80 bc 56 00 72 
08 00 95 a7 00 00 70 00 0f 00 00 00 00 00 00 00 00 16 80 bc 56 00 2f 08 00 2c b3 00 00 17 04 01 
00 00 00 01 00 00 00 00 16 80 bc 56 00 30 08 00 2c b3 00 00 b4 00 21 00 00 00 01 00 00 00 00 16 
80 bc 56 00 31 08 00 2c b3 00 00 09 04 21 00 00 00 01 00 00 00 00 16 80 bc 56 00 32 08 00 2c b3 
00 00 12 04 02 00 00 00 01 00 00 00 00 16 80 bc 56 00 33 08 00 2c b3 00 00 07 04 02 00 00 00 01 
00 00 00 00 16 80 bc 56 00 34 08 00 2c b3 00 00 b5 00 21 00 00 00 01 00 00 00 00 16 80 bc 56 00 
73 08 00 2c b3 00 00 17 04 01 00 00 00 00 00 00 00 00 16 80 bc 56 00 74 08 00 2c b3 00 00 b4 00 
21 00 00 00 00 00 00 00 00 16 80 bc 56 00 75 08 00 2c b3 00 00 09 04 21 00 00 00 00 00 00 00 00 
16 80 bc 56 00 76 08 00 2c b3 00 00 12 04 02 00 00 00 00 00 00 00 00 16 80 bc 56 00 77 08 00 2c 
b3 00 00 07 04 02 00 00 00 00 00 00 00 00 16 80 bc 56 00 78 08 00 2c b3 00 00 b5 00 21 00 00 00 
00 00 00 00 00 16 80 bc 56 00 35 08 00 c3 b2 00 00 89 02 02 00 00 00 01 00 00 00 00 16 80 bc 56 
00 36 08 00 c3 b2 00 00 21 04 02 00 00 00 01 00 00 00 00 16 80 bc 56 00 37 08 00 c3 b2 00 00 b4 
00 1f 00 00 00 01 00 00 00 00 16 80 bc 56 00 38 08 00 c3 b2 00 00 09 04 1f 00 00 00 01 00 00 00 
00 16 80 bc 56 00 39 08 00 c3 b2 00 00 1e 04 01 00 00 00 01 00 00 00 00 16 80 bc 56 00 3a 08 00 
c3 b2 00 00 9d 00 1f 00 00 00 01 00 00 00 00 16 80 bc 56 00 79 08 00 c3 b2 00 00 89 02 02 00 00 
00 00 00 00 00 00 16 80 bc 56 00 7a 08 00 c3 b2 00 00 21 04 02 00 00 00 00 00 00 00 00 16 80 bc 
56 00 7b 08 00 c3 b2 00 00 b4 00 1f 00 00 00 00 00 00 00 00 16 80 bc 56 00 7c 08 00 c3 b2 00 00 
09 04 1f 00 00 00 00 00 00 00 00 16 80 bc 56 00 7d 08 00 c3 b2 00 00 1e 04 01 00 00 00 00 00 00 
00 00 00 43 01 16 80 bc 56 00 7e 08 00 c3 b2 00 00 9d 00 1f 00 00 00 00 00 00 00 00 
...........C...F.......G...........Z.F.....N.F.....(....V.o....................V.p..............
......V.q....................V.r......p.............V./..,.................V.0..,.....!.........
..V.1..,.....!...........V.2..,.................V.3..,.................V.4..,.....!...........V.
s..,.................V.t..,.....!...........V.u..,.....!...........V.v..,.................V.w..,
.................V.x..,.....!...........V.5....................V.6......!.............V.7.......
.............V.8....................V.9....................V.:....................V.y...........
.........V.z......!.............V.{....................V.|....................V.}...............
...C....V.~.................

Client->GAME [12:56:30 07/15/09] packet size: 1 CRYPTED, Flags: 7f ServerSeq: 8 ClientSeq: 8
02 
.

Client->GAME [12:56:30 07/15/09] packet size: 1 CRYPTED, Flags: 7f ServerSeq: 9 ClientSeq: 9
02 
.

GAME->Client [12:56:30 07/15/09] packet size: 701 CRYPTED, Flags: 7f ServerSeq: 10 ClientSeq: 7
02 03 17 00 02 2e 00 40 00 00 00 10 01 35 31 f8 d5 46 00 80 fc c3 66 32 0b 47 0f 00 02 0e 04 d0 
d0 21 bf 46 00 80 fc c3 ff 4c 18 47 00 00 04 01 00 44 1e 16 80 bc 15 00 56 08 00 11 00 00 00 ab 
00 0d 00 00 00 01 00 00 00 00 16 80 bc 15 00 57 08 00 11 00 00 00 0a 02 4d 00 00 00 01 00 00 00 
00 16 80 bc 15 00 58 08 00 11 00 00 00 f2 03 34 00 00 00 01 00 00 00 00 16 80 bc 15 00 59 08 00 
11 00 00 00 ed 03 4d 00 00 00 01 00 00 00 00 16 80 bc 15 00 5a 08 00 11 00 00 00 9f 00 19 00 00 
00 01 00 00 00 00 16 80 bc 15 00 5b 08 00 11 00 00 00 f1 03 34 00 00 00 01 00 00 00 00 16 80 bc 
15 00 5c 08 00 11 00 00 00 0c 02 34 00 00 00 01 00 00 00 00 16 80 bc 15 00 5d 08 00 11 00 00 00 
b7 00 4d 00 00 00 01 00 00 00 00 16 80 bc 15 00 5e 08 00 11 00 00 00 f3 03 46 00 00 00 01 00 00 
00 00 0b 80 bd 05 11 00 00 00 00 00 00 00 16 80 bc 15 00 7f 08 00 11 00 00 00 ab 00 0d 00 00 00 
00 00 00 00 00 16 80 bc 15 00 80 08 00 11 00 00 00 0a 02 4d 00 00 00 00 00 00 00 00 16 80 bc 15 
00 81 08 00 11 00 00 00 f2 03 34 00 00 00 00 00 00 00 00 16 80 bc 15 00 82 08 00 11 00 00 00 ed 
03 4d 00 00 00 00 00 00 00 00 16 80 bc 15 00 83 08 00 11 00 00 00 9f 00 19 00 00 00 00 00 00 00 
00 16 80 bc 15 00 84 08 00 11 00 00 00 f1 03 34 00 00 00 00 00 00 00 00 16 80 bc 15 00 85 08 00 
11 00 00 00 0c 02 34 00 00 00 00 00 00 00 00 16 80 bc 15 00 86 08 00 11 00 00 00 b7 00 4d 00 00 
00 00 00 00 00 00 16 80 bc 15 00 87 08 00 11 00 00 00 f3 03 46 00 00 00 00 00 00 00 00 0b 80 bd 
05 11 00 00 00 00 00 00 01 16 80 bc 15 00 7f 08 00 11 00 00 00 ab 00 0d 00 00 00 01 00 00 00 00 
16 80 bc 15 00 80 08 00 11 00 00 00 0a 02 4d 00 00 00 01 00 00 00 00 16 80 bc 15 00 81 08 00 11 
00 00 00 f2 03 34 00 00 00 01 00 00 00 00 16 80 bc 15 00 82 08 00 11 00 00 00 ed 03 4d 00 00 00 
01 00 00 00 00 16 80 bc 15 00 83 08 00 11 00 00 00 9f 00 19 00 00 00 01 00 00 00 00 16 80 bc 15 
00 84 08 00 11 00 00 00 f1 03 34 00 00 00 01 00 00 00 00 16 80 bc 15 00 85 08 00 11 00 00 00 0c 
02 34 00 00 00 01 00 00 00 00 16 80 bc 15 00 86 08 00 11 00 00 00 b7 00 4d 00 00 00 01 00 00 00 
00 16 80 bc 15 00 87 08 00 11 00 00 00 f3 03 46 00 00 00 01 00 00 00 00 04 80 b3 11 00 
.......@.....51..F....f2.G.......!.F.....L.G.....D......V......................W........M.......
......X........4.............Y........M.............Z......................[........4...........
..\........4.............]........M.............^........F......................................
...................M......................4......................M..............................
...............4......................4......................M......................F...........
..............................................M......................4......................M...
..........................................4......................4......................M.......
...............F.............

Client->GAME [12:56:30 07/15/09] packet size: 1 CRYPTED, Flags: 7f ServerSeq: 10 ClientSeq: 10
02 
.

GAME->Client [12:56:30 07/15/09] packet size: 710 CRYPTED, Flags: 7f ServerSeq: 11 ClientSeq: 9
02 03 19 00 02 08 69 0b d7 46 00 80 fc c3 a3 e9 0d 47 0f 00 02 0e 04 da d0 21 bf 46 00 80 fc c3 
ff 4c 18 47 00 00 04 01 00 62 1f 16 80 bc 45 03 11 00 00 02 00 00 00 11 00 32 00 00 00 01 00 00 
00 00 16 80 bc 55 00 3b 08 00 02 00 00 00 cc 00 0c 00 00 00 01 00 00 00 00 08 80 b2 11 00 32 00 
08 02 16 80 bc 45 03 11 00 00 02 00 00 00 11 00 32 00 00 00 00 00 00 00 00 16 80 bc 55 00 88 08 
00 02 00 00 00 cc 00 0c 00 00 00 00 00 00 00 00 16 80 bc 15 00 89 08 00 11 00 00 00 ab 00 0d 00 
00 00 00 00 00 00 00 16 80 bc 15 00 8a 08 00 11 00 00 00 0a 02 4d 00 00 00 00 00 00 00 00 16 80 
bc 15 00 8b 08 00 11 00 00 00 f2 03 34 00 00 00 00 00 00 00 00 16 80 bc 15 00 8c 08 00 11 00 00 
00 ed 03 4d 00 00 00 00 00 00 00 00 16 80 bc 15 00 8d 08 00 11 00 00 00 9f 00 19 00 00 00 00 00 
00 00 00 16 80 bc 15 00 8e 08 00 11 00 00 00 f1 03 34 00 00 00 00 00 00 00 00 16 80 bc 15 00 8f 
08 00 11 00 00 00 0c 02 34 00 00 00 00 00 00 00 00 16 80 bc 15 00 90 08 00 11 00 00 00 b7 00 4d 
00 00 00 00 00 00 00 00 16 80 bc 15 00 91 08 00 11 00 00 00 f3 03 46 00 00 00 00 00 00 00 00 16 
80 bc 55 00 3c 08 00 0b 00 00 00 37 02 96 00 00 00 01 00 00 00 00 16 80 bc 55 00 92 08 00 0b 00 
00 00 37 02 96 00 00 00 00 00 00 00 00 16 80 bc 55 00 3d 08 00 2d 00 00 00 23 04 0a 00 00 00 01 
00 00 00 00 16 80 bc 55 00 3e 08 00 2d 00 00 00 20 04 0a 00 00 00 01 00 00 00 00 16 80 bc 55 00 
3f 08 00 2d 00 00 00 19 04 05 00 00 00 01 00 00 00 00 16 80 bc 55 00 40 08 00 2d 00 00 00 42 04 
05 00 00 00 01 00 00 00 00 16 80 bc 55 00 93 08 00 2d 00 00 00 23 04 0a 00 00 00 00 00 00 00 00 
16 80 bc 55 00 94 08 00 2d 00 00 00 20 04 0a 00 00 00 00 00 00 00 00 16 80 bc 55 00 95 08 00 2d 
00 00 00 19 04 05 00 00 00 00 00 00 00 00 16 80 bc 55 00 96 08 00 2d 00 00 00 42 04 05 00 00 00 
00 00 00 00 00 16 80 bc 55 00 41 08 00 34 00 00 00 83 02 c8 00 00 00 01 00 00 00 00 16 80 bc 55 
00 97 08 00 34 00 00 00 83 02 c8 00 00 00 00 00 00 00 00 04 80 b3 3d 04 16 80 bc 45 03 3d 04 00 
43 00 00 00 3d 04 00 00 00 00 01 00 00 00 00 08 80 b2 3d 04 00 00 08 02 16 80 bc 45 03 3d 04 00 
43 00 00 00 3d 04 00 00 00 00 00 00 00 00 00 16 80 bc 55 00 42 08 00 4b 00 00 00 1f 04 19 00 00 
00 01 00 00 00 00 
......i..F.......G.......!.F.....L.G.....b....E..........2...........U.;......................2.
.....E..........2...........U........................................................M..........
............4......................M.............................................4..............
........4......................M......................F...........U.<......7.............U......
..7.............U.=..-...#.............U.>..-... .............U.?..-.................U.@..-...B.
............U....-...#.............U....-... .............U....-.................U....-...B.....
........U.A..4.................U....4.................=....E.=..C...=.............=........E.=..
C...=.............U.B..K..............

Client->GAME [12:56:30 07/15/09] packet size: 1 CRYPTED, Flags: 7f ServerSeq: 11 ClientSeq: 11
02 
.

GAME->Client [12:56:30 07/15/09] packet size: 692 CRYPTED, Flags: 7f ServerSeq: 12 ClientSeq: 10
02 03 0f 00 02 0c e4 d0 21 bf 46 00 80 fc c3 ff 4c 18 47 00 00 04 02 00 81 05 16 80 bc 55 00 98 
08 00 4b 00 00 00 1f 04 19 00 00 00 00 00 00 00 00 16 80 bc 55 00 43 08 00 5f 00 00 00 7c 04 0f 
00 00 00 01 00 00 00 00 16 80 bc 55 00 44 08 00 5f 00 00 00 07 04 0f 00 00 00 01 00 00 00 00 16 
80 bc 55 00 99 08 00 5f 00 00 00 7c 04 0f 00 00 00 00 00 00 00 00 16 80 bc 55 00 9a 08 00 5f 00 
00 00 07 04 0f 00 00 00 00 00 00 00 00 00 86 1c 16 80 bc 55 00 45 08 00 62 00 00 00 06 04 01 00 
00 00 01 00 00 00 00 04 80 b3 35 04 16 80 bc 45 03 35 04 00 62 00 00 00 35 04 00 00 00 00 01 00 
00 00 00 16 80 bc 55 00 46 08 00 62 00 00 00 15 04 01 00 00 00 01 00 00 00 00 16 80 bc 55 00 9b 
08 00 62 00 00 00 06 04 01 00 00 00 00 00 00 00 00 08 80 b2 35 04 00 00 08 02 16 80 bc 45 03 35 
04 00 62 00 00 00 35 04 00 00 00 00 00 00 00 00 00 16 80 bc 55 00 9c 08 00 62 00 00 00 15 04 01 
00 00 00 00 00 00 00 00 04 80 b3 3e 04 16 80 bc 45 03 3e 04 00 4f 01 00 00 3e 04 00 00 00 00 01 
00 00 00 00 08 80 b2 3e 04 00 00 08 02 16 80 bc 45 03 3e 04 00 4f 01 00 00 3e 04 00 00 00 00 00 
00 00 00 00 16 80 bc 55 00 47 08 00 5a 01 00 00 07 04 05 00 00 00 01 00 00 00 00 16 80 bc 55 00 
48 08 00 5a 01 00 00 1d 04 0f 00 00 00 01 00 00 00 00 16 80 bc 55 00 9d 08 00 5a 01 00 00 07 04 
05 00 00 00 00 00 00 00 00 16 80 bc 55 00 9e 08 00 5a 01 00 00 1d 04 0f 00 00 00 00 00 00 00 00 
04 80 b3 3f 04 16 80 bc 45 03 3f 04 00 64 01 00 00 3f 04 00 00 00 00 01 00 00 00 00 16 80 bc 55 
00 49 08 00 64 01 00 00 1f 04 05 00 00 00 01 00 00 00 00 08 80 b2 3f 04 00 00 08 02 16 80 bc 45 
03 3f 04 00 64 01 00 00 3f 04 00 00 00 00 00 00 00 00 00 16 80 bc 55 00 9f 08 00 64 01 00 00 1f 
04 05 00 00 00 00 00 00 00 00 16 80 bc 55 00 4a 08 00 66 01 00 00 7b 04 05 00 00 00 01 00 00 00 
00 16 80 bc 55 00 4b 08 00 66 01 00 00 12 04 0a 00 00 00 01 00 00 00 00 16 80 bc 55 00 4c 08 00 
66 01 00 00 06 04 0b 00 00 00 01 00 00 00 00 16 80 bc 55 00 a0 08 00 66 01 00 00 7b 04 05 00 00 
00 00 00 00 00 00 16 80 bc 55 00 a1 08 00 66 01 00 00 12 04 0a 00 00 00 00 00 00 00 00 16 80 bc 
55 00 a2 08 00 66 01 00 00 06 04 0b 00 00 00 00 00 00 00 00 
........!.F.....L.G..........U....K.................U.C.._...|.............U.D.._...............
..U...._...|.............U...._....................U.E..b.................5....E.5..b...5.......
......U.F..b.................U....b.................5........E.5..b...5.............U....b......
...........>....E.>..O...>.............>........E.>..O...>.............U.G..Z.................U.
H..Z.................U....Z.................U....Z.................?....E.?..d...?.............U
.I..d.................?........E.?..d...?.............U....d.................U.J..f...{.........
....U.K..f.................U.L..f.................U....f...{.............U....f.................
U....f..............

Client->GAME [12:56:30 07/15/09] packet size: 1 CRYPTED, Flags: 7f ServerSeq: 12 ClientSeq: 12
02 
.

