GAME->Client [13:02:27 07/15/09] packet size: 21 CRYPTED, Flags: 7f ServerSeq: 1022 ClientSeq: 1036
Client->GAME [13:02:29 07/15/09] packet size: 25 CRYPTED, Flags: 7f ServerSeq: 1026 ClientSeq: 1059
02 04 01 00 26 01 12 81 8e 17 00 00 00 03 00 00 00 0f 00 00 00 03 00 00 00 
....&....................

Client->GAME [13:02:29 07/15/09] packet size: 1 CRYPTED, Flags: 7f ServerSeq: 1027 ClientSeq: 1060
02 
.

GAME->Client [13:02:29 07/15/09] packet size: 22 CRYPTED, Flags: 7f ServerSeq: 1044 ClientSeq: 1026
02 03 07 00 02 0e 01 d1 ea c1 88 c7 00 00 be 42 e3 84 0b 47 00 00 
...............B...G..

Client->GAME [13:02:29 07/15/09] packet size: 1 CRYPTED, Flags: 7f ServerSeq: 1028 ClientSeq: 1061
02 
.

GAME->Client [13:02:29 07/15/09] packet size: 696 CRYPTED, Flags: 7f ServerSeq: 1045 ClientSeq: 1028
02 04 01 01 29 1e 16 80 bc 15 00 56 09 00 f7 03 00 00 08 02 00 00 00 00 01 00 00 00 00 16 80 bc 
15 00 57 09 00 f7 03 00 00 07 02 ec ff ff ff 01 00 00 00 00 16 80 bc 15 00 58 09 00 f7 03 00 00 
50 04 00 00 00 00 01 00 00 00 00 16 80 bc 15 00 59 09 00 f7 03 00 00 f4 03 00 00 00 00 01 00 00 
00 00 16 80 bc 15 00 5a 09 00 f7 03 00 00 51 04 f6 ff ff ff 01 00 00 00 00 16 80 bc 15 00 5b 09 
00 f7 03 00 00 52 04 0f 00 00 00 01 00 00 00 00 16 80 bc 11 00 5c 09 00 00 00 00 00 cb 02 00 00 
00 00 01 00 00 00 00 16 80 bc 56 00 a1 09 00 0a 95 00 00 06 04 02 00 00 00 01 00 00 00 00 16 80 
bc 56 00 a2 09 00 0a 95 00 00 b4 00 11 00 00 00 01 00 00 00 00 16 80 bc 56 00 a3 09 00 0a 95 00 
00 b5 00 11 00 00 00 01 00 00 00 00 16 80 bc 56 00 a4 09 00 0a 95 00 00 07 04 02 00 00 00 01 00 
00 00 00 16 80 bc 56 00 a5 09 00 8a b2 00 00 23 04 02 00 00 00 01 00 00 00 00 16 80 bc 56 00 a6 
09 00 8a b2 00 00 21 04 01 00 00 00 01 00 00 00 00 16 80 bc 56 00 a7 09 00 8a b2 00 00 b4 00 1d 
00 00 00 01 00 00 00 00 16 80 bc 56 00 a8 09 00 8a b2 00 00 09 04 1d 00 00 00 01 00 00 00 00 16 
80 bc 56 00 a9 09 00 8a b2 00 00 9d 00 1d 00 00 00 01 00 00 00 00 16 80 bc 56 00 aa 09 00 8a b2 
00 00 06 04 01 00 00 00 01 00 00 00 00 16 80 bc 56 00 ab 09 00 24 b3 00 00 89 02 02 00 00 00 01 
00 00 00 00 16 80 bc 56 00 ac 09 00 24 b3 00 00 1a 04 01 00 00 00 01 00 00 00 00 16 80 bc 56 00 
ad 09 00 24 b3 00 00 b4 00 21 00 00 00 01 00 00 00 00 16 80 bc 56 00 ae 09 00 24 b3 00 00 09 04 
21 00 00 00 01 00 00 00 00 16 80 bc 56 00 af 09 00 24 b3 00 00 15 04 02 00 00 00 01 00 00 00 00 
16 80 bc 56 00 b0 09 00 24 b3 00 00 b5 00 21 00 00 00 01 00 00 00 00 16 80 bc 56 00 b1 09 00 95 
a7 00 00 b4 00 12 00 00 00 01 00 00 00 00 16 80 bc 56 00 b2 09 00 95 a7 00 00 b5 00 12 00 00 00 
01 00 00 00 00 16 80 bc 56 00 b3 09 00 95 a7 00 00 09 04 12 00 00 00 01 00 00 00 00 16 80 bc 56 
00 b4 09 00 95 a7 00 00 70 00 0f 00 00 00 01 00 00 00 00 16 80 bc 56 00 b5 09 00 2c b3 00 00 17 
04 01 00 00 00 01 00 00 00 00 16 80 bc 56 00 b6 09 00 2c b3 00 00 b4 00 21 00 00 00 01 00 00 00 
00 16 80 bc 56 00 b7 09 00 2c b3 00 00 09 04 21 00 00 00 01 00 00 00 00 
....)......V......................W......................X......P...............Y...............
.......Z......Q...............[......R...............\....................V.....................
.V......................V......................V......................V........#.............V..
......!.............V......................V......................V......................V......
................V....$.................V....$.................V....$.....!...........V....$.....
!...........V....$.................V....$.....!...........V......................V..............
........V......................V........p.............V....,.................V....,.....!.......
....V....,.....!........

Client->GAME [13:02:29 07/15/09] packet size: 1 CRYPTED, Flags: 7f ServerSeq: 1029 ClientSeq: 1062
02 
.

GAME->Client [13:02:29 07/15/09] packet size: 696 CRYPTED, Flags: 7f ServerSeq: 1046 ClientSeq: 1029
02 04 01 01 47 1e 16 80 bc 56 00 b8 09 00 2c b3 00 00 12 04 02 00 00 00 01 00 00 00 00 16 80 bc 
56 00 b9 09 00 2c b3 00 00 07 04 02 00 00 00 01 00 00 00 00 16 80 bc 56 00 ba 09 00 2c b3 00 00 
b5 00 21 00 00 00 01 00 00 00 00 16 80 bc 56 00 bb 09 00 c3 b2 00 00 89 02 02 00 00 00 01 00 00 
00 00 16 80 bc 56 00 bc 09 00 c3 b2 00 00 21 04 02 00 00 00 01 00 00 00 00 16 80 bc 56 00 bd 09 
00 c3 b2 00 00 b4 00 1f 00 00 00 01 00 00 00 00 16 80 bc 56 00 be 09 00 c3 b2 00 00 09 04 1f 00 
00 00 01 00 00 00 00 16 80 bc 56 00 bf 09 00 c3 b2 00 00 1e 04 01 00 00 00 01 00 00 00 00 16 80 
bc 56 00 c0 09 00 c3 b2 00 00 9d 00 1f 00 00 00 01 00 00 00 00 16 80 bc 55 00 ca 09 00 02 00 00 
00 cc 00 0c 00 00 00 01 00 00 00 00 16 80 bc 55 00 d4 09 00 0b 00 00 00 37 02 96 00 00 00 01 00 
00 00 00 16 80 bc 55 00 d5 09 00 2d 00 00 00 23 04 0a 00 00 00 01 00 00 00 00 16 80 bc 55 00 d6 
09 00 2d 00 00 00 20 04 0a 00 00 00 01 00 00 00 00 16 80 bc 55 00 d7 09 00 2d 00 00 00 19 04 05 
00 00 00 01 00 00 00 00 16 80 bc 55 00 d8 09 00 2d 00 00 00 42 04 05 00 00 00 01 00 00 00 00 16 
80 bc 55 00 d9 09 00 34 00 00 00 83 02 c8 00 00 00 01 00 00 00 00 16 80 bc 55 00 da 09 00 4b 00 
00 00 1f 04 19 00 00 00 01 00 00 00 00 16 80 bc 55 00 db 09 00 5f 00 00 00 7c 04 0f 00 00 00 01 
00 00 00 00 16 80 bc 55 00 dc 09 00 5f 00 00 00 07 04 0f 00 00 00 01 00 00 00 00 16 80 bc 55 00 
dd 09 00 62 00 00 00 06 04 01 00 00 00 01 00 00 00 00 16 80 bc 55 00 de 09 00 62 00 00 00 15 04 
01 00 00 00 01 00 00 00 00 16 80 bc 55 00 df 09 00 5a 01 00 00 07 04 05 00 00 00 01 00 00 00 00 
16 80 bc 55 00 e0 09 00 5a 01 00 00 1d 04 0f 00 00 00 01 00 00 00 00 16 80 bc 55 00 e1 09 00 64 
01 00 00 1f 04 05 00 00 00 01 00 00 00 00 16 80 bc 55 00 e2 09 00 66 01 00 00 7b 04 05 00 00 00 
01 00 00 00 00 16 80 bc 55 00 e3 09 00 66 01 00 00 12 04 0a 00 00 00 01 00 00 00 00 16 80 bc 55 
00 e4 09 00 66 01 00 00 06 04 0b 00 00 00 01 00 00 00 00 16 80 bc 55 00 e5 09 00 8e 01 00 00 03 
04 05 00 00 00 01 00 00 00 00 16 80 bc 55 00 e6 09 00 8e 01 00 00 12 04 0f 00 00 00 01 00 00 00 
00 16 80 bc 55 00 e7 09 00 8e 01 00 00 77 04 05 00 00 00 01 00 00 00 00 
....G....V....,.................V....,.................V....,.....!...........V.................
.....V........!.............V......................V......................V.....................
.V......................U......................U........7.............U....-...#.............U..
..-... .............U....-.................U....-...B.............U....4.................U....K.
................U...._...|.............U...._.................U....b.................U....b.....
............U....Z.................U....Z.................U....d.................U....f...{.....
........U....f.................U....f.................U......................U..................
....U........w..........

Client->GAME [13:02:30 07/15/09] packet size: 1 CRYPTED, Flags: 7f ServerSeq: 1030 ClientSeq: 1063
02 
.

GAME->Client [13:02:30 07/15/09] packet size: 700 CRYPTED, Flags: 7f ServerSeq: 1047 ClientSeq: 1030
02 04 02 01 65 03 16 80 bc 55 00 e8 09 00 cd 01 00 00 e5 03 05 00 00 00 01 00 00 00 00 16 80 bc 
55 00 e9 09 00 cd 01 00 00 73 04 05 00 00 00 01 00 00 00 00 16 80 bc 55 00 ea 09 00 cd 01 00 00 
e3 03 0f 00 00 00 01 00 00 00 00 01 68 1c 16 80 bc 55 00 eb 09 00 d5 01 00 00 e3 03 05 00 00 00 
01 00 00 00 00 16 80 bc 55 00 ec 09 00 36 02 00 00 37 02 0a 00 00 00 01 00 00 00 00 16 80 bc 55 
00 ed 09 00 74 02 00 00 34 02 1e 00 00 00 01 00 00 00 00 16 80 bc 15 00 ee 09 00 11 00 00 00 ab 
00 0d 00 00 00 01 00 00 00 00 16 80 bc 15 00 ef 09 00 11 00 00 00 0a 02 4d 00 00 00 01 00 00 00 
00 16 80 bc 15 00 f0 09 00 11 00 00 00 f2 03 34 00 00 00 01 00 00 00 00 16 80 bc 15 00 f1 09 00 
11 00 00 00 ed 03 4d 00 00 00 01 00 00 00 00 16 80 bc 15 00 f2 09 00 11 00 00 00 9f 00 19 00 00 
00 01 00 00 00 00 16 80 bc 15 00 f3 09 00 11 00 00 00 f1 03 34 00 00 00 01 00 00 00 00 16 80 bc 
15 00 f4 09 00 11 00 00 00 0c 02 34 00 00 00 01 00 00 00 00 16 80 bc 15 00 f5 09 00 11 00 00 00 
b7 00 4d 00 00 00 01 00 00 00 00 16 80 bc 15 00 f6 09 00 11 00 00 00 f3 03 46 00 00 00 01 00 00 
00 00 0b 80 bd 05 11 00 00 00 00 00 00 00 16 80 bc 15 00 f7 09 00 11 00 00 00 ab 00 0c 00 00 00 
00 00 00 00 00 16 80 bc 15 00 f8 09 00 11 00 00 00 0a 02 4b 00 00 00 00 00 00 00 00 16 80 bc 15 
00 f9 09 00 11 00 00 00 f2 03 31 00 00 00 00 00 00 00 00 16 80 bc 15 00 fa 09 00 11 00 00 00 ed 
03 4b 00 00 00 00 00 00 00 00 16 80 bc 15 00 fb 09 00 11 00 00 00 9f 00 19 00 00 00 00 00 00 00 
00 16 80 bc 15 00 fc 09 00 11 00 00 00 f1 03 31 00 00 00 00 00 00 00 00 16 80 bc 15 00 fd 09 00 
11 00 00 00 0c 02 34 00 00 00 00 00 00 00 00 16 80 bc 15 00 fe 09 00 11 00 00 00 b7 00 46 00 00 
00 00 00 00 00 00 16 80 bc 15 00 ff 09 00 11 00 00 00 f3 03 46 00 00 00 00 00 00 00 00 0b 80 bd 
05 11 00 00 00 00 00 00 01 16 80 bc 15 00 f7 09 00 11 00 00 00 ab 00 0c 00 00 00 01 00 00 00 00 
16 80 bc 15 00 f8 09 00 11 00 00 00 0a 02 4b 00 00 00 01 00 00 00 00 16 80 bc 15 00 f9 09 00 11 
00 00 00 f2 03 31 00 00 00 01 00 00 00 00 16 80 bc 15 00 fa 09 00 11 00 00 00 ed 03 4b 00 00 00 
01 00 00 00 00 16 80 bc 15 00 fb 09 00 11 00 00 00 9f 00 19 00 00 00 01 00 00 00 00 
....e....U......................U........s.............U....................h....U..............
........U....6...7.............U....t...4...............................................M.......
...............4......................M.............................................4...........
...........4......................M......................F......................................
...................K......................1......................K..............................
...............1......................4......................F......................F...........
..............................................K......................1......................K...
............................

Client->GAME [13:02:30 07/15/09] packet size: 1 CRYPTED, Flags: 7f ServerSeq: 1031 ClientSeq: 1064
02 
.

GAME->Client [13:02:30 07/15/09] packet size: 269 CRYPTED, Flags: 7f ServerSeq: 1048 ClientSeq: 1031
02 04 01 01 84 11 16 80 bc 15 00 fc 09 00 11 00 00 00 f1 03 31 00 00 00 01 00 00 00 00 16 80 bc 
15 00 fd 09 00 11 00 00 00 0c 02 34 00 00 00 01 00 00 00 00 16 80 bc 15 00 fe 09 00 11 00 00 00 
b7 00 46 00 00 00 01 00 00 00 00 16 80 bc 15 00 ff 09 00 11 00 00 00 f3 03 46 00 00 00 01 00 00 
00 00 04 80 b3 11 00 16 80 bc 45 03 11 00 00 02 00 00 00 11 00 32 00 00 00 01 00 00 00 00 04 80 
b3 35 04 16 80 bc 45 03 35 04 00 62 00 00 00 35 04 00 00 00 00 01 00 00 00 00 04 80 b3 3d 04 16 
80 bc 45 03 3d 04 00 43 00 00 00 3d 04 00 00 00 00 01 00 00 00 00 04 80 b3 3e 04 16 80 bc 45 03 
3e 04 00 4f 01 00 00 3e 04 00 00 00 00 01 00 00 00 00 04 80 b3 3f 04 16 80 bc 45 03 3f 04 00 64 
01 00 00 3f 04 00 00 00 00 01 00 00 00 00 04 80 b3 40 04 16 80 bc 45 03 40 04 00 d5 01 00 00 40 
04 00 00 00 00 01 00 00 00 00 02 81 07 
....................1......................4......................F......................F......
..........E..........2...........5....E.5..b...5.............=....E.=..C...=.............>....E.
>..O...>.............?....E.?..d...?.............@....E.@......@.............

Client->GAME [13:02:30 07/15/09] packet size: 13 CRYPTED, Flags: 7f ServerSeq: 1032 ClientSeq: 1065
02 04 01 00 27 01 06 81 08 00 00 00 00 
....'........

GAME->Client [13:02:30 07/15/09] packet size: 1 CRYPTED, Flags: 7f ServerSeq: 1049 ClientSeq: 1033
02 
.

GAME->Client [13:02:30 07/15/09] packet size: 5 CRYPTED, Flags: 7f ServerSeq: 1050 ClientSeq: 1033
c2 68 a7 fb 48 
.h..H

Client->GAME [13:02:30 07/15/09] packet size: 1 CRYPTED, Flags: 7f ServerSeq: 1034 ClientSeq: 1066
02 
.

GAME->Client [13:02:31 07/15/09] packet size: 1 CRYPTED, Flags: 7f ServerSeq: 1051 ClientSeq: 1033
42 
B

Client->GAME [13:02:31 07/15/09] packet size: 1 CRYPTED, Flags: 7f ServerSeq: 1035 ClientSeq: 1067
42 
B

GAME->Client [13:02:31 07/15/09] packet size: 1 CRYPTED, Flags: 7f ServerSeq: 1052 ClientSeq: 1034
42 
B

GAME->Client [13:02:31 07/15/09] packet size: 1 CRYPTED, Flags: 7f ServerSeq: 1053 ClientSeq: 1034
42 
B

Client->GAME [13:02:31 07/15/09] packet size: 13 CRYPTED, Flags: 0 ServerSeq: 0 ClientSeq: 1
22 04 01 00 00 01 06 81 51 00 00 00 00 
".......Q....

GAME->Client [13:02:31 07/15/09] packet size: 142 CRYPTED, Flags: 0 ServerSeq: 1 ClientSeq: 0
82 77 a7 fb 48 04 01 00 00 03 6d 06 0e 00 03 00 00 00 77 a7 fb 48 01 42 00 32 00 72 65 73 6f 75 
72 63 65 2f 77 6f 72 6c 64 73 2f 66 69 6e 61 6c 5f 77 6f 72 6c 64 2f 69 6e 74 65 72 6e 61 74 69 
6f 6e 61 6c 2f 69 74 2e 6d 65 74 72 00 29 00 48 61 6c 6c 6f 77 65 65 6e 5f 45 76 65 6e 74 2c 57 
69 6e 74 65 72 33 50 6c 75 73 48 61 6c 6c 6f 77 65 65 6e 54 53 45 43 00 0a 80 e5 e7 cb c0 12 00 
00 00 00 0a 80 e4 bc 58 7a 00 00 00 00 00 
.w..H.....m.......w..H.B.2.resource/worlds/final_world/international/it.metr.).Halloween_Event,W
inter3PlusHalloweenTSEC................Xz.....

Client->GAME [13:02:31 07/15/09] packet size: 6 CRYPTED, Flags: 1 ServerSeq: 1 ClientSeq: 2
02 05 02 0c 00 00 
......

GAME->Client [13:02:31 07/15/09] packet size: 72 CRYPTED, Flags: 3 ServerSeq: 2 ClientSeq: 2
02 04 01 00 03 01 41 81 67 17 00 27 00 1c 22 00 c6 01 11 00 00 00 00 00 00 00 37 00 00 08 0e 00 
41 66 74 65 72 57 68 6f 72 75 4e 65 6f 00 0e 00 41 66 74 65 72 57 68 6f 72 75 4e 65 6f 00 02 00 
4b 00 00 00 00 00 00 00 
......A.g..'.."...........7.....AfterWhoruNeo...AfterWhoruNeo...K.......

GAME->Client [13:02:33 07/15/09] packet size: 72 CRYPTED, Flags: 3 ServerSeq: 3 ClientSeq: 2
02 04 01 00 03 01 41 81 67 17 00 27 00 1c 22 00 c6 01 11 00 00 00 00 00 00 00 37 00 00 08 0e 00 
41 66 74 65 72 57 68 6f 72 75 4e 65 6f 00 0e 00 41 66 74 65 72 57 68 6f 72 75 4e 65 6f 00 02 00 
4b 00 00 00 00 00 00 00 
......A.g..'.."...........7.....AfterWhoruNeo...AfterWhoruNeo...K.......

Client->GAME [13:02:34 07/15/09] packet size: 8 CRYPTED, Flags: 1 ServerSeq: 1 ClientSeq: 3
02 04 01 00 01 01 01 05 
........

Client->GAME [13:02:34 07/15/09] packet size: 13 CRYPTED, Flags: 7 ServerSeq: 3 ClientSeq: 4
02 04 01 00 00 01 06 81 51 00 00 00 00 
........Q....

GAME->Client [13:02:34 07/15/09] packet size: 76 CRYPTED, Flags: 3 ServerSeq: 4 ClientSeq: 2
82 e0 a7 fb 48 04 01 00 03 01 41 81 67 17 00 27 00 1c 22 00 c6 01 11 00 00 00 00 00 00 00 37 00 
00 08 0e 00 41 66 74 65 72 57 68 6f 72 75 4e 65 6f 00 0e 00 41 66 74 65 72 57 68 6f 72 75 4e 65 
6f 00 02 00 4b 00 00 00 00 00 00 00 
....H.....A.g..'.."...........7.....AfterWhoruNeo...AfterWhoruNeo...K.......

Client->GAME [13:02:34 07/15/09] packet size: 1 CRYPTED, Flags: f ServerSeq: 4 ClientSeq: 5
02 
.

GAME->Client [13:02:35 07/15/09] packet size: 219 CRYPTED, Flags: 1f ServerSeq: 5 ClientSeq: 5
02 03 01 00 0c 0c 00 09 cd ab 1c 8b 81 ff 71 02 00 00 41 6e 64 65 72 73 6f 6e 00 00 00 00 00 00 
00 00 00 00 00 00 00 00 00 00 00 00 00 00 00 00 00 00 90 54 68 6f 6d 61 73 00 00 00 00 00 00 00 
00 00 00 00 00 00 00 00 00 00 00 00 00 00 00 00 00 00 00 80 d8 28 0a 0c 00 00 00 01 8e 81 ff f7 
00 31 5e 00 00 c6 67 00 41 66 74 65 72 57 68 6f 72 75 4e 65 6f 00 00 00 00 00 00 00 00 00 00 00 
00 00 00 00 00 00 00 00 28 0a fd 64 01 00 00 67 00 75 d4 01 00 4b b1 00 00 00 00 73 1a e9 88 80 
60 04 00 02 8e 00 00 00 f7 00 9d 00 00 00 00 00 ff e4 c0 00 00 00 00 00 c0 57 40 00 00 00 00 00 
43 c2 40 81 ff 32 22 80 89 21 04 b5 1e 80 1c 01 11 00 00 00 67 00 02 00 00 00 00 
..............q...Anderson.........................Thomas............................(..........
.1^...g.AfterWhoruNeo...................(..d...g.u...K.....s....`........................W@.....
C.@..2"..!..........g......

GAME->Client [13:02:36 07/15/09] packet size: 219 CRYPTED, Flags: 1f ServerSeq: 6 ClientSeq: 5
02 03 01 00 0c 0c 00 09 cd ab 1c 8b 81 ff 71 02 00 00 41 6e 64 65 72 73 6f 6e 00 00 00 00 00 00 
00 00 00 00 00 00 00 00 00 00 00 00 00 00 00 00 00 00 90 54 68 6f 6d 61 73 00 00 00 00 00 00 00 
00 00 00 00 00 00 00 00 00 00 00 00 00 00 00 00 00 00 00 80 d8 28 0a 0c 00 00 00 01 8e 81 ff f7 
00 31 5e 00 00 c6 67 00 41 66 74 65 72 57 68 6f 72 75 4e 65 6f 00 00 00 00 00 00 00 00 00 00 00 
00 00 00 00 00 00 00 00 28 0a fd 64 01 00 00 67 00 75 d4 01 00 4b b1 00 00 00 00 73 1a e9 88 80 
60 04 00 02 8e 00 00 00 f7 00 9d 00 00 00 00 00 ff e4 c0 00 00 00 00 00 c0 57 40 00 00 00 00 00 
43 c2 40 81 ff 32 22 80 89 21 04 b5 1e 80 1c 01 11 00 00 00 67 00 02 00 00 00 00 
..............q...Anderson.........................Thomas............................(..........
.1^...g.AfterWhoruNeo...................(..d...g.u...K.....s....`........................W@.....
C.@..2"..!..........g......

Client->GAME [13:02:36 07/15/09] packet size: 55 CRYPTED, Flags: 1f ServerSeq: 5 ClientSeq: 6
02 03 02 00 02 60 08 41 6e 64 65 72 73 6f 6e 06 54 68 6f 6d 61 73 00 00 04 01 00 02 05 02 80 be 
07 3f 4e 00 10 00 00 00 08 3e 6b 00 10 00 00 00 00 02 81 48 02 0c 01 
.....`.Anderson.Thomas...........?N......>k........H...

Client->GAME [13:02:36 07/15/09] packet size: 1 CRYPTED, Flags: 3f ServerSeq: 6 ClientSeq: 7
02 
.

GAME->Client [13:02:36 07/15/09] packet size: 700 CRYPTED, Flags: 3f ServerSeq: 7 ClientSeq: 6
82 21 a8 fb 48 04 01 00 04 1e 16 80 bc 15 00 f7 09 00 f7 03 00 00 08 02 00 00 00 00 00 00 00 00 
00 16 80 bc 15 00 f8 09 00 f7 03 00 00 07 02 ec ff ff ff 00 00 00 00 00 16 80 bc 15 00 f9 09 00 
f7 03 00 00 50 04 00 00 00 00 00 00 00 00 00 16 80 bc 15 00 fa 09 00 f7 03 00 00 f4 03 00 00 00 
00 00 00 00 00 00 16 80 bc 15 00 fb 09 00 f7 03 00 00 51 04 f6 ff ff ff 00 00 00 00 00 16 80 bc 
15 00 fc 09 00 f7 03 00 00 52 04 0f 00 00 00 00 00 00 00 00 16 80 bc 11 00 fd 09 00 00 00 00 00 
cb 02 00 00 00 00 00 00 00 00 00 16 80 bc 56 00 fe 09 00 0a 95 00 00 06 04 02 00 00 00 00 00 00 
00 00 16 80 bc 56 00 ff 09 00 0a 95 00 00 b4 00 11 00 00 00 00 00 00 00 00 16 80 bc 56 00 00 0a 
00 0a 95 00 00 b5 00 11 00 00 00 00 00 00 00 00 16 80 bc 56 00 01 0a 00 0a 95 00 00 07 04 02 00 
00 00 00 00 00 00 00 16 80 bc 56 00 02 0a 00 8a b2 00 00 23 04 02 00 00 00 00 00 00 00 00 16 80 
bc 56 00 03 0a 00 8a b2 00 00 21 04 01 00 00 00 00 00 00 00 00 16 80 bc 56 00 04 0a 00 8a b2 00 
00 b4 00 1d 00 00 00 00 00 00 00 00 16 80 bc 56 00 05 0a 00 8a b2 00 00 09 04 1d 00 00 00 00 00 
00 00 00 16 80 bc 56 00 06 0a 00 8a b2 00 00 9d 00 1d 00 00 00 00 00 00 00 00 16 80 bc 56 00 07 
0a 00 8a b2 00 00 06 04 01 00 00 00 00 00 00 00 00 16 80 bc 56 00 08 0a 00 24 b3 00 00 89 02 02 
00 00 00 00 00 00 00 00 16 80 bc 56 00 09 0a 00 24 b3 00 00 1a 04 01 00 00 00 00 00 00 00 00 16 
80 bc 56 00 0a 0a 00 24 b3 00 00 b4 00 21 00 00 00 00 00 00 00 00 16 80 bc 56 00 0b 0a 00 24 b3 
00 00 09 04 21 00 00 00 00 00 00 00 00 16 80 bc 56 00 0c 0a 00 24 b3 00 00 15 04 02 00 00 00 00 
00 00 00 00 16 80 bc 56 00 0d 0a 00 24 b3 00 00 b5 00 21 00 00 00 00 00 00 00 00 16 80 bc 56 00 
0e 0a 00 95 a7 00 00 b4 00 12 00 00 00 00 00 00 00 00 16 80 bc 56 00 0f 0a 00 95 a7 00 00 b5 00 
12 00 00 00 00 00 00 00 00 16 80 bc 56 00 10 0a 00 95 a7 00 00 09 04 12 00 00 00 00 00 00 00 00 
16 80 bc 56 00 11 0a 00 95 a7 00 00 70 00 0f 00 00 00 00 00 00 00 00 16 80 bc 56 00 12 0a 00 2c 
b3 00 00 17 04 01 00 00 00 00 00 00 00 00 16 80 bc 56 00 13 0a 00 2c b3 00 00 b4 00 21 00 00 00 
00 00 00 00 00 16 80 bc 56 00 14 0a 00 2c b3 00 00 09 04 21 00 00 00 00 00 00 00 00 
.!..H...............................................................P...........................
..................Q......................R....................................V.................
.....V......................V......................V......................V........#............
.V........!.............V......................V......................V......................V..
....................V....$.................V....$.................V....$.....!...........V....$.
....!...........V....$.................V....$.....!...........V......................V..........
............V......................V........p.............V....,.................V....,.....!...
........V....,.....!........

GAME->Client [13:02:36 07/15/09] packet size: 696 CRYPTED, Flags: 3f ServerSeq: 8 ClientSeq: 6
02 04 01 00 22 1e 16 80 bc 56 00 15 0a 00 2c b3 00 00 12 04 02 00 00 00 00 00 00 00 00 16 80 bc 
56 00 16 0a 00 2c b3 00 00 07 04 02 00 00 00 00 00 00 00 00 16 80 bc 56 00 17 0a 00 2c b3 00 00 
b5 00 21 00 00 00 00 00 00 00 00 16 80 bc 56 00 18 0a 00 c3 b2 00 00 89 02 02 00 00 00 00 00 00 
00 00 16 80 bc 56 00 19 0a 00 c3 b2 00 00 21 04 02 00 00 00 00 00 00 00 00 16 80 bc 56 00 1a 0a 
00 c3 b2 00 00 b4 00 1f 00 00 00 00 00 00 00 00 16 80 bc 56 00 1b 0a 00 c3 b2 00 00 09 04 1f 00 
00 00 00 00 00 00 00 16 80 bc 56 00 1c 0a 00 c3 b2 00 00 1e 04 01 00 00 00 00 00 00 00 00 16 80 
bc 56 00 1d 0a 00 c3 b2 00 00 9d 00 1f 00 00 00 00 00 00 00 00 16 80 bc 55 00 1e 0a 00 02 00 00 
00 cc 00 0c 00 00 00 00 00 00 00 00 16 80 bc 55 00 1f 0a 00 0b 00 00 00 37 02 96 00 00 00 00 00 
00 00 00 16 80 bc 55 00 20 0a 00 2d 00 00 00 23 04 0a 00 00 00 00 00 00 00 00 16 80 bc 55 00 21 
0a 00 2d 00 00 00 20 04 0a 00 00 00 00 00 00 00 00 16 80 bc 55 00 22 0a 00 2d 00 00 00 19 04 05 
00 00 00 00 00 00 00 00 16 80 bc 55 00 23 0a 00 2d 00 00 00 42 04 05 00 00 00 00 00 00 00 00 16 
80 bc 55 00 24 0a 00 34 00 00 00 83 02 c8 00 00 00 00 00 00 00 00 16 80 bc 55 00 25 0a 00 4b 00 
00 00 1f 04 19 00 00 00 00 00 00 00 00 16 80 bc 55 00 26 0a 00 5f 00 00 00 7c 04 0f 00 00 00 00 
00 00 00 00 16 80 bc 55 00 27 0a 00 5f 00 00 00 07 04 0f 00 00 00 00 00 00 00 00 16 80 bc 55 00 
28 0a 00 62 00 00 00 06 04 01 00 00 00 00 00 00 00 00 16 80 bc 55 00 29 0a 00 62 00 00 00 15 04 
01 00 00 00 00 00 00 00 00 16 80 bc 55 00 2a 0a 00 5a 01 00 00 07 04 05 00 00 00 00 00 00 00 00 
16 80 bc 55 00 2b 0a 00 5a 01 00 00 1d 04 0f 00 00 00 00 00 00 00 00 16 80 bc 55 00 2c 0a 00 64 
01 00 00 1f 04 05 00 00 00 00 00 00 00 00 16 80 bc 55 00 2d 0a 00 66 01 00 00 7b 04 05 00 00 00 
00 00 00 00 00 16 80 bc 55 00 2e 0a 00 66 01 00 00 12 04 0a 00 00 00 00 00 00 00 00 16 80 bc 55 
00 2f 0a 00 66 01 00 00 06 04 0b 00 00 00 00 00 00 00 00 16 80 bc 55 00 30 0a 00 8e 01 00 00 03 
04 05 00 00 00 00 00 00 00 00 16 80 bc 55 00 31 0a 00 8e 01 00 00 12 04 0f 00 00 00 00 00 00 00 
00 16 80 bc 55 00 32 0a 00 8e 01 00 00 77 04 05 00 00 00 00 00 00 00 00 
...."....V....,.................V....,.................V....,.....!...........V.................
.....V........!.............V......................V......................V.....................
.V......................U......................U........7.............U. ..-...#.............U.!
..-... .............U."..-.................U.#..-...B.............U.$..4.................U.%..K.
................U.&.._...|.............U.'.._.................U.(..b.................U.)..b.....
............U.*..Z.................U.+..Z.................U.,..d.................U.-..f...{.....
........U....f.................U./..f.................U.0....................U.1................
....U.2......w..........

Client->GAME [13:02:36 07/15/09] packet size: 1 CRYPTED, Flags: 7f ServerSeq: 7 ClientSeq: 8
02 
.

Client->GAME [13:02:36 07/15/09] packet size: 1 CRYPTED, Flags: 7f ServerSeq: 8 ClientSeq: 9
02 
.

GAME->Client [13:02:36 07/15/09] packet size: 504 CRYPTED, Flags: 3f ServerSeq: 9 ClientSeq: 6
02 04 02 00 40 03 16 80 bc 55 00 33 0a 00 cd 01 00 00 e5 03 05 00 00 00 00 00 00 00 00 16 80 bc 
55 00 34 0a 00 cd 01 00 00 73 04 05 00 00 00 00 00 00 00 00 16 80 bc 55 00 35 0a 00 cd 01 00 00 
e3 03 0f 00 00 00 00 00 00 00 00 00 43 13 16 80 bc 55 00 36 0a 00 d5 01 00 00 e3 03 05 00 00 00 
00 00 00 00 00 16 80 bc 55 00 37 0a 00 36 02 00 00 37 02 0a 00 00 00 00 00 00 00 00 16 80 bc 55 
00 38 0a 00 74 02 00 00 34 02 1e 00 00 00 00 00 00 00 00 16 80 bc 15 00 39 0a 00 11 00 00 00 ab 
00 0d 00 00 00 00 00 00 00 00 16 80 bc 15 00 3a 0a 00 11 00 00 00 0a 02 4d 00 00 00 00 00 00 00 
00 16 80 bc 15 00 3b 0a 00 11 00 00 00 f2 03 34 00 00 00 00 00 00 00 00 16 80 bc 15 00 3c 0a 00 
11 00 00 00 ed 03 4d 00 00 00 00 00 00 00 00 16 80 bc 15 00 3d 0a 00 11 00 00 00 9f 00 19 00 00 
00 00 00 00 00 00 16 80 bc 15 00 3e 0a 00 11 00 00 00 f1 03 34 00 00 00 00 00 00 00 00 16 80 bc 
15 00 3f 0a 00 11 00 00 00 0c 02 34 00 00 00 00 00 00 00 00 16 80 bc 15 00 40 0a 00 11 00 00 00 
b7 00 4d 00 00 00 00 00 00 00 00 16 80 bc 15 00 41 0a 00 11 00 00 00 f3 03 46 00 00 00 00 00 00 
00 00 16 80 bc 45 03 11 00 00 02 00 00 00 11 00 32 00 00 00 00 00 00 00 00 16 80 bc 45 03 35 04 
00 62 00 00 00 35 04 00 00 00 00 00 00 00 00 00 16 80 bc 45 03 3d 04 00 43 00 00 00 3d 04 00 00 
00 00 00 00 00 00 00 16 80 bc 45 03 3e 04 00 4f 01 00 00 3e 04 00 00 00 00 00 00 00 00 00 16 80 
bc 45 03 3f 04 00 64 01 00 00 3f 04 00 00 00 00 00 00 00 00 00 16 80 bc 45 03 40 04 00 d5 01 00 
00 40 04 00 00 00 00 00 00 00 00 00 0b 80 bd 05 11 00 00 00 00 00 00 01 
....@....U.3....................U.4......s.............U.5..................C....U.6............
........U.7..6...7.............U.8..t...4...............9......................:........M.......
......;........4.............<........M.............=......................>........4...........
..?........4.............@........M.............A........F...........E..........2...........E.5.
.b...5.............E.=..C...=.............E.>..O...>.............E.?..d...?.............E.@.....
.@......................

Client->GAME [13:02:36 07/15/09] packet size: 1 CRYPTED, Flags: 7f ServerSeq: 9 ClientSeq: 10
02 
.

GAME->Client [13:02:36 07/15/09] packet size: 696 CRYPTED, Flags: 7f ServerSeq: 10 ClientSeq: 9
02 04 01 00 56 1e 16 80 bc 56 00 fe 09 00 0a 95 00 00 06 04 02 00 00 00 01 00 00 00 00 16 80 bc 
56 00 ff 09 00 0a 95 00 00 b4 00 11 00 00 00 01 00 00 00 00 16 80 bc 56 00 00 0a 00 0a 95 00 00 
b5 00 11 00 00 00 01 00 00 00 00 16 80 bc 56 00 01 0a 00 0a 95 00 00 07 04 02 00 00 00 01 00 00 
00 00 16 80 bc 56 00 42 0a 00 0a 95 00 00 06 04 02 00 00 00 00 00 00 00 00 16 80 bc 56 00 43 0a 
00 0a 95 00 00 b4 00 11 00 00 00 00 00 00 00 00 16 80 bc 56 00 44 0a 00 0a 95 00 00 b5 00 11 00 
00 00 00 00 00 00 00 16 80 bc 56 00 45 0a 00 0a 95 00 00 07 04 02 00 00 00 00 00 00 00 00 16 80 
bc 56 00 02 0a 00 8a b2 00 00 23 04 02 00 00 00 01 00 00 00 00 16 80 bc 56 00 03 0a 00 8a b2 00 
00 21 04 01 00 00 00 01 00 00 00 00 16 80 bc 56 00 04 0a 00 8a b2 00 00 b4 00 1d 00 00 00 01 00 
00 00 00 16 80 bc 56 00 05 0a 00 8a b2 00 00 09 04 1d 00 00 00 01 00 00 00 00 16 80 bc 56 00 06 
0a 00 8a b2 00 00 9d 00 1d 00 00 00 01 00 00 00 00 16 80 bc 56 00 07 0a 00 8a b2 00 00 06 04 01 
00 00 00 01 00 00 00 00 16 80 bc 56 00 46 0a 00 8a b2 00 00 23 04 02 00 00 00 00 00 00 00 00 16 
80 bc 56 00 47 0a 00 8a b2 00 00 21 04 01 00 00 00 00 00 00 00 00 16 80 bc 56 00 48 0a 00 8a b2 
00 00 b4 00 1d 00 00 00 00 00 00 00 00 16 80 bc 56 00 49 0a 00 8a b2 00 00 09 04 1d 00 00 00 00 
00 00 00 00 16 80 bc 56 00 4a 0a 00 8a b2 00 00 9d 00 1d 00 00 00 00 00 00 00 00 16 80 bc 56 00 
4b 0a 00 8a b2 00 00 06 04 01 00 00 00 00 00 00 00 00 16 80 bc 56 00 08 0a 00 24 b3 00 00 89 02 
02 00 00 00 01 00 00 00 00 16 80 bc 56 00 09 0a 00 24 b3 00 00 1a 04 01 00 00 00 01 00 00 00 00 
16 80 bc 56 00 0a 0a 00 24 b3 00 00 b4 00 21 00 00 00 01 00 00 00 00 16 80 bc 56 00 0b 0a 00 24 
b3 00 00 09 04 21 00 00 00 01 00 00 00 00 16 80 bc 56 00 0c 0a 00 24 b3 00 00 15 04 02 00 00 00 
01 00 00 00 00 16 80 bc 56 00 0d 0a 00 24 b3 00 00 b5 00 21 00 00 00 01 00 00 00 00 16 80 bc 56 
00 4c 0a 00 24 b3 00 00 89 02 02 00 00 00 00 00 00 00 00 16 80 bc 56 00 4d 0a 00 24 b3 00 00 1a 
04 01 00 00 00 00 00 00 00 00 16 80 bc 56 00 4e 0a 00 24 b3 00 00 b4 00 21 00 00 00 00 00 00 00 
00 16 80 bc 56 00 4f 0a 00 24 b3 00 00 09 04 21 00 00 00 00 00 00 00 00 
....V....V......................V......................V......................V.................
.....V.B....................V.C....................V.D....................V.E...................
.V........#.............V........!.............V......................V......................V..
....................V......................V.F......#.............V.G......!.............V.H....
................V.I....................V.J....................V.K....................V....$.....
............V....$.................V....$.....!...........V....$.....!...........V....$.........
........V....$.....!...........V.L..$.................V.M..$.................V.N..$.....!.......
....V.O..$.....!........

Client->GAME [13:02:37 07/15/09] packet size: 1 CRYPTED, Flags: 7f ServerSeq: 10 ClientSeq: 11
02 
.

GAME->Client [13:02:37 07/15/09] packet size: 696 CRYPTED, Flags: 7f ServerSeq: 11 ClientSeq: 10
02 04 01 00 74 1e 16 80 bc 56 00 50 0a 00 24 b3 00 00 15 04 02 00 00 00 00 00 00 00 00 16 80 bc 
56 00 51 0a 00 24 b3 00 00 b5 00 21 00 00 00 00 00 00 00 00 16 80 bc 56 00 0e 0a 00 95 a7 00 00 
b4 00 12 00 00 00 01 00 00 00 00 16 80 bc 56 00 0f 0a 00 95 a7 00 00 b5 00 12 00 00 00 01 00 00 
00 00 16 80 bc 56 00 10 0a 00 95 a7 00 00 09 04 12 00 00 00 01 00 00 00 00 16 80 bc 56 00 11 0a 
00 95 a7 00 00 70 00 0f 00 00 00 01 00 00 00 00 16 80 bc 56 00 52 0a 00 95 a7 00 00 b4 00 12 00 
00 00 00 00 00 00 00 16 80 bc 56 00 53 0a 00 95 a7 00 00 b5 00 12 00 00 00 00 00 00 00 00 16 80 
bc 56 00 54 0a 00 95 a7 00 00 09 04 12 00 00 00 00 00 00 00 00 16 80 bc 56 00 55 0a 00 95 a7 00 
00 70 00 0f 00 00 00 00 00 00 00 00 16 80 bc 56 00 12 0a 00 2c b3 00 00 17 04 01 00 00 00 01 00 
00 00 00 16 80 bc 56 00 13 0a 00 2c b3 00 00 b4 00 21 00 00 00 01 00 00 00 00 16 80 bc 56 00 14 
0a 00 2c b3 00 00 09 04 21 00 00 00 01 00 00 00 00 16 80 bc 56 00 15 0a 00 2c b3 00 00 12 04 02 
00 00 00 01 00 00 00 00 16 80 bc 56 00 16 0a 00 2c b3 00 00 07 04 02 00 00 00 01 00 00 00 00 16 
80 bc 56 00 17 0a 00 2c b3 00 00 b5 00 21 00 00 00 01 00 00 00 00 16 80 bc 56 00 56 0a 00 2c b3 
00 00 17 04 01 00 00 00 00 00 00 00 00 16 80 bc 56 00 57 0a 00 2c b3 00 00 b4 00 21 00 00 00 00 
00 00 00 00 16 80 bc 56 00 58 0a 00 2c b3 00 00 09 04 21 00 00 00 00 00 00 00 00 16 80 bc 56 00 
59 0a 00 2c b3 00 00 12 04 02 00 00 00 00 00 00 00 00 16 80 bc 56 00 5a 0a 00 2c b3 00 00 07 04 
02 00 00 00 00 00 00 00 00 16 80 bc 56 00 5b 0a 00 2c b3 00 00 b5 00 21 00 00 00 00 00 00 00 00 
16 80 bc 56 00 18 0a 00 c3 b2 00 00 89 02 02 00 00 00 01 00 00 00 00 16 80 bc 56 00 19 0a 00 c3 
b2 00 00 21 04 02 00 00 00 01 00 00 00 00 16 80 bc 56 00 1a 0a 00 c3 b2 00 00 b4 00 1f 00 00 00 
01 00 00 00 00 16 80 bc 56 00 1b 0a 00 c3 b2 00 00 09 04 1f 00 00 00 01 00 00 00 00 16 80 bc 56 
00 1c 0a 00 c3 b2 00 00 1e 04 01 00 00 00 01 00 00 00 00 16 80 bc 56 00 1d 0a 00 c3 b2 00 00 9d 
00 1f 00 00 00 01 00 00 00 00 16 80 bc 56 00 5c 0a 00 c3 b2 00 00 89 02 02 00 00 00 00 00 00 00 
00 16 80 bc 56 00 5d 0a 00 c3 b2 00 00 21 04 02 00 00 00 00 00 00 00 00 
....t....V.P..$.................V.Q..$.....!...........V......................V.................
.....V......................V........p.............V.R....................V.S...................
.V.T....................V.U......p.............V....,.................V....,.....!...........V..
..,.....!...........V....,.................V....,.................V....,.....!...........V.V..,.
................V.W..,.....!...........V.X..,.....!...........V.Y..,.................V.Z..,.....
............V.[..,.....!...........V......................V........!.............V..............
........V......................V......................V......................V.\................
....V.]......!..........

Client->GAME [13:02:37 07/15/09] packet size: 1 CRYPTED, Flags: 7f ServerSeq: 11 ClientSeq: 12
02 
.

Client->GAME [13:02:37 07/15/09] packet size: 25 CRYPTED, Flags: 7f ServerSeq: 11 ClientSeq: 13
02 04 01 00 07 01 12 80 c9 07 00 40 16 00 98 37 c7 00 00 20 41 00 d0 84 46 
...........@...7... A...F

GAME->Client [13:02:37 07/15/09] packet size: 700 CRYPTED, Flags: 7f ServerSeq: 12 ClientSeq: 11
02 04 02 00 92 03 16 80 bc 56 00 5e 0a 00 c3 b2 00 00 b4 00 1f 00 00 00 00 00 00 00 00 16 80 bc 
56 00 5f 0a 00 c3 b2 00 00 09 04 1f 00 00 00 00 00 00 00 00 16 80 bc 56 00 60 0a 00 c3 b2 00 00 
1e 04 01 00 00 00 00 00 00 00 00 00 95 1c 16 80 bc 56 00 61 0a 00 c3 b2 00 00 9d 00 1f 00 00 00 
00 00 00 00 00 16 80 bc 15 00 39 0a 00 11 00 00 00 ab 00 0d 00 00 00 01 00 00 00 00 16 80 bc 15 
00 3a 0a 00 11 00 00 00 0a 02 4d 00 00 00 01 00 00 00 00 16 80 bc 15 00 3b 0a 00 11 00 00 00 f2 
03 34 00 00 00 01 00 00 00 00 16 80 bc 15 00 3c 0a 00 11 00 00 00 ed 03 4d 00 00 00 01 00 00 00 
00 16 80 bc 15 00 3d 0a 00 11 00 00 00 9f 00 19 00 00 00 01 00 00 00 00 16 80 bc 15 00 3e 0a 00 
11 00 00 00 f1 03 34 00 00 00 01 00 00 00 00 16 80 bc 15 00 3f 0a 00 11 00 00 00 0c 02 34 00 00 
00 01 00 00 00 00 16 80 bc 15 00 40 0a 00 11 00 00 00 b7 00 4d 00 00 00 01 00 00 00 00 16 80 bc 
15 00 41 0a 00 11 00 00 00 f3 03 46 00 00 00 01 00 00 00 00 0b 80 bd 05 11 00 00 00 00 00 00 00 
16 80 bc 15 00 62 0a 00 11 00 00 00 ab 00 0d 00 00 00 00 00 00 00 00 16 80 bc 15 00 63 0a 00 11 
00 00 00 0a 02 4d 00 00 00 00 00 00 00 00 16 80 bc 15 00 64 0a 00 11 00 00 00 f2 03 34 00 00 00 
00 00 00 00 00 16 80 bc 15 00 65 0a 00 11 00 00 00 ed 03 4d 00 00 00 00 00 00 00 00 16 80 bc 15 
00 66 0a 00 11 00 00 00 9f 00 19 00 00 00 00 00 00 00 00 16 80 bc 15 00 67 0a 00 11 00 00 00 f1 
03 34 00 00 00 00 00 00 00 00 16 80 bc 15 00 68 0a 00 11 00 00 00 0c 02 34 00 00 00 00 00 00 00 
00 16 80 bc 15 00 69 0a 00 11 00 00 00 b7 00 4d 00 00 00 00 00 00 00 00 16 80 bc 15 00 6a 0a 00 
11 00 00 00 f3 03 46 00 00 00 00 00 00 00 00 0b 80 bd 05 11 00 00 00 00 00 00 01 16 80 bc 15 00 
62 0a 00 11 00 00 00 ab 00 0d 00 00 00 01 00 00 00 00 16 80 bc 15 00 63 0a 00 11 00 00 00 0a 02 
4d 00 00 00 01 00 00 00 00 16 80 bc 15 00 64 0a 00 11 00 00 00 f2 03 34 00 00 00 01 00 00 00 00 
16 80 bc 15 00 65 0a 00 11 00 00 00 ed 03 4d 00 00 00 01 00 00 00 00 16 80 bc 15 00 66 0a 00 11 
00 00 00 9f 00 19 00 00 00 01 00 00 00 00 16 80 bc 15 00 67 0a 00 11 00 00 00 f1 03 34 00 00 00 
01 00 00 00 00 16 80 bc 15 00 68 0a 00 11 00 00 00 0c 02 34 00 00 00 01 00 00 00 00 
.........V.^....................V._....................V.`.......................V.a............
..........9......................:........M.............;........4.............<........M.......
......=......................>........4.............?........4.............@........M...........
..A........F.........................b......................c........M.............d........4...
..........e........M.............f......................g........4.............h........4.......
......i........M.............j........F.........................b......................c........
M.............d........4.............e........M.............f......................g........4...
..........h........4........

Client->GAME [13:02:37 07/15/09] packet size: 1 CRYPTED, Flags: 7f ServerSeq: 12 ClientSeq: 14
02 
.

GAME->Client [13:02:37 07/15/09] packet size: 724 CRYPTED, Flags: 7f ServerSeq: 13 ClientSeq: 13
02 03 01 00 0c 57 02 0a cd ab 10 8e 42 6c 61 63 6b 20 54 69 67 65 72 20 50 75 70 69 6c 00 00 00 
00 00 00 00 00 00 00 00 00 00 00 00 00 10 00 00 22 d4 22 ef 1b 00 c6 01 80 c1 c9 09 00 58 00 00 
00 6c 10 ad e3 c0 00 00 00 00 00 c0 57 40 00 00 00 a0 8b af c4 40 c0 01 82 03 a8 15 3f 02 b2 09 
3f 02 07 08 00 00 80 02 05 1f 00 00 01 00 0c 57 02 0b cd ab 12 8e 42 6c 61 63 6b 20 54 69 67 65 
72 20 53 74 72 65 65 74 20 46 69 67 68 74 65 72 00 00 00 00 00 00 00 10 00 00 22 d4 58 f0 1b 00 
c6 01 80 d1 cb 09 00 58 0a 00 00 80 ce ca 23 e6 c0 00 00 00 00 00 c0 57 40 00 00 00 60 f9 48 cc 
40 c0 01 83 01 02 a8 15 5e 03 b2 09 5e 03 07 08 00 00 80 02 05 1d 00 00 01 00 0c 57 02 0c cd ab 
0f 8e 42 6c 61 63 6b 20 54 69 67 65 72 20 50 75 70 69 6c 00 00 00 00 00 00 00 00 00 00 00 00 00 
00 00 00 10 00 00 22 d0 ef 1b 00 c6 01 80 c1 c9 09 00 58 00 00 00 00 20 66 e5 c0 00 00 00 00 00 
c0 57 40 00 00 00 50 37 05 c1 40 c0 01 82 03 a8 15 3f 02 b2 09 3f 02 07 08 00 00 80 02 05 1b 00 
00 01 00 0c 57 02 0d cd ab 12 8e 42 6c 61 63 6b 20 54 69 67 65 72 20 50 75 70 69 6c 00 00 00 00 
00 00 00 00 00 00 00 00 00 00 00 00 10 00 00 22 d5 01 2d ef 1b 00 c6 01 80 c3 c9 09 00 58 4c 0a 
00 28 00 00 00 24 f6 a7 e3 c0 00 00 00 00 00 c0 57 40 00 00 00 c0 ca 49 c6 40 c0 01 82 03 a8 15 
3f 02 b2 09 3f 02 07 08 00 00 80 02 05 19 00 00 01 00 08 90 05 73 03 70 0c 77 cd ab 01 01 00 00 
00 00 00 88 e3 c0 00 00 00 40 51 99 a9 40 00 00 00 00 00 52 cc 40 17 00 00 00 00 04 01 00 b1 0c 
16 80 bc 15 00 69 0a 00 11 00 00 00 b7 00 4d 00 00 00 01 00 00 00 00 16 80 bc 15 00 6a 0a 00 11 
00 00 00 f3 03 46 00 00 00 01 00 00 00 00 04 80 b3 11 00 16 80 bc 45 03 11 00 00 02 00 00 00 11 
00 32 00 00 00 01 00 00 00 00 16 80 bc 55 00 1e 0a 00 02 00 00 00 cc 00 0c 00 00 00 01 00 00 00 
00 08 80 b2 11 00 32 00 08 02 16 80 bc 45 03 11 00 00 02 00 00 00 11 00 32 00 00 00 00 00 00 00 
00 16 80 bc 55 00 6b 0a 00 02 00 00 00 cc 00 0c 00 00 00 00 00 00 00 00 16 80 bc 15 00 6c 0a 00 
11 00 00 00 ab 00 0d 00 00 00 00 00 00 00 00 16 80 bc 15 00 6d 0a 00 11 00 00 00 0a 02 4d 00 00 
00 00 00 00 00 00 16 80 bc 15 00 6e 0a 00 11 00 00 00 f2 03 34 00 00 00 00 00 00 00 00 16 80 bc 
15 00 6f 0a 00 11 00 00 00 ed 03 4d 00 00 00 00 00 00 00 00 
.....W......Black Tiger Pupil..................."."..........X...l..........W@.......@......?...
?..............W......Black Tiger Street Fighter..........".X..........X......#........W@...`.H.
@.......^...^..............W......Black Tiger Pupil..................."...........X.... f.......
.W@...P7..@......?...?..............W......Black Tiger Pupil..................."..-..........XL.
.(...$..........W@.....I.@......?...?................s.p.w...............@Q..@.....R.@..........
.....i........M.............j........F................E..........2...........U..................
......2......E..........2...........U.k......................l......................m........M..
...........n........4.............o........M........

Client->GAME [13:02:37 07/15/09] packet size: 1 CRYPTED, Flags: 7f ServerSeq: 13 ClientSeq: 15
02 
.

GAME->Client [13:02:37 07/15/09] packet size: 728 CRYPTED, Flags: 7f ServerSeq: 14 ClientSeq: 14
02 03 01 00 02 12 00 1d 00 02 08 51 09 31 c7 00 00 be 42 9d 0f 62 46 01 00 0c 57 02 0e cd ab 10 
8e 42 6c 61 63 6b 20 54 69 67 65 72 20 50 75 70 69 6c 00 00 00 00 00 00 00 00 00 00 00 00 00 00 
00 00 10 00 00 22 d4 86 ef 1b 00 c6 01 80 c1 c9 09 00 58 00 00 40 ad 8a ca e5 c0 00 00 00 00 00 
c0 57 40 00 00 00 20 d7 33 c0 40 c0 01 82 03 a8 15 3f 02 b2 09 3f 02 07 08 00 00 80 02 05 15 00 
00 01 00 08 a3 01 bd 01 50 06 40 cd ab 03 88 00 00 00 00 f3 04 35 bf 00 00 00 00 f3 04 35 3f 22 
00 00 00 00 80 56 e5 c0 00 00 00 00 00 08 81 40 00 00 00 00 00 24 c3 40 ff ff ff ff 13 00 00 01 
00 0c 57 02 0f cd ab 12 8e 42 6c 61 63 6b 20 54 69 67 65 72 20 50 75 70 69 6c 00 00 00 00 00 00 
00 00 00 00 00 00 00 00 00 00 10 00 00 22 d5 01 30 ef 1b 00 c6 01 80 c3 c9 09 00 58 4c 0a 00 28 
00 00 00 30 21 72 e3 c0 00 00 00 00 00 c0 57 40 00 00 00 00 33 2b c7 40 c0 01 82 03 a8 15 3f 02 
b2 09 3f 02 07 08 00 00 80 02 05 11 00 00 01 00 0c 57 02 10 cd ab 10 8e 42 6c 61 63 6b 20 54 69 
67 65 72 20 50 75 70 69 6c 00 00 00 00 00 00 00 00 00 00 00 00 00 00 00 00 10 00 00 22 d4 3a ef 
1b 00 c6 01 80 c1 c9 09 00 58 00 00 00 d0 b7 24 e5 c0 00 00 00 00 00 c0 57 40 00 00 00 20 6a 6e 
c2 40 c0 01 82 03 a8 15 3f 02 b2 09 3f 02 07 08 00 00 80 02 05 0f 00 00 01 00 0c 68 a7 37 cd ab 
01 01 00 00 00 20 c5 bf e3 c0 00 00 00 00 00 60 99 40 00 00 00 40 0a bd b9 40 0d 00 00 00 00 04 
01 00 bd 0c 16 80 bc 15 00 70 0a 00 11 00 00 00 9f 00 19 00 00 00 00 00 00 00 00 16 80 bc 15 00 
71 0a 00 11 00 00 00 f1 03 34 00 00 00 00 00 00 00 00 16 80 bc 15 00 72 0a 00 11 00 00 00 0c 02 
34 00 00 00 00 00 00 00 00 16 80 bc 15 00 73 0a 00 11 00 00 00 b7 00 4d 00 00 00 00 00 00 00 00 
16 80 bc 15 00 74 0a 00 11 00 00 00 f3 03 46 00 00 00 00 00 00 00 00 16 80 bc 55 00 1f 0a 00 0b 
00 00 00 37 02 96 00 00 00 01 00 00 00 00 16 80 bc 55 00 75 0a 00 0b 00 00 00 37 02 96 00 00 00 
00 00 00 00 00 16 80 bc 55 00 20 0a 00 2d 00 00 00 23 04 0a 00 00 00 01 00 00 00 00 16 80 bc 55 
00 21 0a 00 2d 00 00 00 20 04 0a 00 00 00 01 00 00 00 00 16 80 bc 55 00 22 0a 00 2d 00 00 00 19 
04 05 00 00 00 01 00 00 00 00 16 80 bc 55 00 23 0a 00 2d 00 00 00 42 04 05 00 00 00 01 00 00 00 
00 16 80 bc 55 00 76 0a 00 2d 00 00 00 23 04 0a 00 00 00 00 00 00 00 00 
...........Q.1....B..bF...W......Black Tiger Pupil..................."............X..@..........
.W@... .3.@......?...?..................P.@..........5.......5?".....V.........@.....$.@........
..W......Black Tiger Pupil..................."..0..........XL..(...0!r........W@....3+.@......?.
..?..............W......Black Tiger Pupil...................".:..........X.....$........W@... jn
.@......?...?..............h.7....... .........`.@...@...@...............p......................
q........4.............r........4.............s........M.............t........F...........U.....
...7.............U.u......7.............U. ..-...#.............U.!..-... .............U."..-....
.............U.#..-...B.............U.v..-...#..........

Client->GAME [13:02:37 07/15/09] packet size: 1 CRYPTED, Flags: 7f ServerSeq: 14 ClientSeq: 16
02 
.

GAME->Client [13:02:37 07/15/09] packet size: 715 CRYPTED, Flags: 7f ServerSeq: 15 ClientSeq: 15
02 03 01 00 08 50 02 1a 03 50 06 50 cd ab 02 09 00 00 00 00 00 ff e4 c0 00 00 00 00 00 40 60 40 
00 00 00 00 00 75 c2 40 00 00 00 00 00 00 80 3f 00 00 00 00 2e bd 3b b3 0b 00 00 01 00 08 f6 09 
c1 01 50 06 46 cd ab 02 88 00 00 00 00 ff ff 7f bf 00 00 00 00 f3 04 35 33 02 00 00 00 00 80 d9 
e4 c0 00 00 00 00 00 08 81 40 00 00 00 00 00 1e c4 40 09 00 00 01 00 0c 57 02 11 cd ab 10 8e 42 
6c 61 63 6b 20 54 69 67 65 72 20 53 74 72 65 65 74 20 42 6f 73 73 00 00 00 00 00 00 00 00 00 00 
10 00 00 22 d4 6c f1 1b 00 c6 01 80 c1 cd 09 00 58 00 00 00 74 ca 2c e5 c0 00 00 00 00 00 5e a0 
40 00 00 00 c0 f1 b8 b7 40 c0 01 82 01 a8 15 7e 04 b2 04 7e 04 07 08 00 00 80 02 05 07 00 00 01 
00 0c 57 02 12 cd ab 12 8e 42 6c 61 63 6b 20 54 69 67 65 72 20 53 74 72 65 65 74 20 46 69 67 68 
74 65 72 00 00 00 00 00 00 00 10 00 00 22 d5 01 08 f0 1b 00 c6 01 80 c3 cb 09 00 58 4c 0a 00 28 
00 00 00 33 0f 42 e5 c0 00 00 00 00 00 5e a0 40 00 00 00 40 70 ab b9 40 c0 01 82 02 a8 15 5e 03 
b2 09 5e 03 07 08 00 00 80 02 05 05 00 00 01 00 0c 57 02 13 cd ab 11 8e 42 6c 61 63 6b 20 54 69 
67 65 72 20 53 74 72 65 65 74 20 42 6f 73 73 00 00 00 00 00 00 00 00 00 00 10 00 00 22 d4 2a f1 
1b 00 c6 01 80 c1 cd 09 00 58 00 00 80 e0 a3 5d e6 c0 00 00 00 00 00 c0 57 40 00 00 00 60 8b 45 
cc 40 c0 01 83 04 01 a8 15 7e 04 b2 04 7e 04 07 08 00 00 80 02 05 03 00 00 00 00 04 01 00 c9 0d 
16 80 bc 55 00 77 0a 00 2d 00 00 00 20 04 0a 00 00 00 00 00 00 00 00 16 80 bc 55 00 78 0a 00 2d 
00 00 00 19 04 05 00 00 00 00 00 00 00 00 16 80 bc 55 00 79 0a 00 2d 00 00 00 42 04 05 00 00 00 
00 00 00 00 00 16 80 bc 55 00 24 0a 00 34 00 00 00 83 02 c8 00 00 00 01 00 00 00 00 16 80 bc 55 
00 7a 0a 00 34 00 00 00 83 02 c8 00 00 00 00 00 00 00 00 04 80 b3 3d 04 16 80 bc 45 03 3d 04 00 
43 00 00 00 3d 04 00 00 00 00 01 00 00 00 00 08 80 b2 3d 04 00 00 08 02 16 80 bc 45 03 3d 04 00 
43 00 00 00 3d 04 00 00 00 00 00 00 00 00 00 16 80 bc 55 00 25 0a 00 4b 00 00 00 1f 04 19 00 00 
00 01 00 00 00 00 16 80 bc 55 00 7b 0a 00 4b 00 00 00 1f 04 19 00 00 00 00 00 00 00 00 16 80 bc 
55 00 26 0a 00 5f 00 00 00 7c 04 0f 00 00 00 01 00 00 00 00 16 80 bc 55 00 27 0a 00 5f 00 00 00 
07 04 0f 00 00 00 01 00 00 00 00 
.....P...P.P.................@`@.....u.@.......?......;...........P.F..................53.......
.........@.......@......W......Black Tiger Street Boss.............".l..........X...t.,.......^.
@.......@......~...~..............W......Black Tiger Street Fighter..........".............XL..(
...3.B.......^.@...@p..@......^...^..............W......Black Tiger Street Boss.............".*.
.........X.....]........W@...`.E.@.......~...~.....................U.w..-... .............U.x..-
.................U.y..-...B.............U.$..4.................U.z..4.................=....E.=..
C...=.............=........E.=..C...=.............U.%..K.................U.{..K.................
U.&.._...|.............U.'.._..............

Client->GAME [13:02:37 07/15/09] packet size: 1 CRYPTED, Flags: 7f ServerSeq: 15 ClientSeq: 17
02 
.

GAME->Client [13:02:37 07/15/09] packet size: 697 CRYPTED, Flags: 7f ServerSeq: 16 ClientSeq: 0
02 03 01 00 02 13 00 03 00 02 0c 30 1f ed 32 c7 00 00 be 42 5b 2c 62 46 00 00 04 02 00 d6 02 16 
80 bc 55 00 7c 0a 00 5f 00 00 00 7c 04 0f 00 00 00 00 00 00 00 00 16 80 bc 55 00 7d 0a 00 5f 00 
00 00 07 04 0f 00 00 00 00 00 00 00 00 00 d8 1f 16 80 bc 55 00 28 0a 00 62 00 00 00 06 04 01 00 
00 00 01 00 00 00 00 04 80 b3 35 04 16 80 bc 45 03 35 04 00 62 00 00 00 35 04 00 00 00 00 01 00 
00 00 00 16 80 bc 55 00 29 0a 00 62 00 00 00 15 04 01 00 00 00 01 00 00 00 00 16 80 bc 55 00 7e 
0a 00 62 00 00 00 06 04 01 00 00 00 00 00 00 00 00 08 80 b2 35 04 00 00 08 02 16 80 bc 45 03 35 
04 00 62 00 00 00 35 04 00 00 00 00 00 00 00 00 00 16 80 bc 55 00 7f 0a 00 62 00 00 00 15 04 01 
00 00 00 00 00 00 00 00 04 80 b3 3e 04 16 80 bc 45 03 3e 04 00 4f 01 00 00 3e 04 00 00 00 00 01 
00 00 00 00 08 80 b2 3e 04 00 00 08 02 16 80 bc 45 03 3e 04 00 4f 01 00 00 3e 04 00 00 00 00 00 
00 00 00 00 16 80 bc 55 00 2a 0a 00 5a 01 00 00 07 04 05 00 00 00 01 00 00 00 00 16 80 bc 55 00 
2b 0a 00 5a 01 00 00 1d 04 0f 00 00 00 01 00 00 00 00 16 80 bc 55 00 80 0a 00 5a 01 00 00 07 04 
05 00 00 00 00 00 00 00 00 16 80 bc 55 00 81 0a 00 5a 01 00 00 1d 04 0f 00 00 00 00 00 00 00 00 
04 80 b3 3f 04 16 80 bc 45 03 3f 04 00 64 01 00 00 3f 04 00 00 00 00 01 00 00 00 00 16 80 bc 55 
00 2c 0a 00 64 01 00 00 1f 04 05 00 00 00 01 00 00 00 00 08 80 b2 3f 04 00 00 08 02 16 80 bc 45 
03 3f 04 00 64 01 00 00 3f 04 00 00 00 00 00 00 00 00 00 16 80 bc 55 00 82 0a 00 64 01 00 00 1f 
04 05 00 00 00 00 00 00 00 00 16 80 bc 55 00 2d 0a 00 66 01 00 00 7b 04 05 00 00 00 01 00 00 00 
00 16 80 bc 55 00 2e 0a 00 66 01 00 00 12 04 0a 00 00 00 01 00 00 00 00 16 80 bc 55 00 2f 0a 00 
66 01 00 00 06 04 0b 00 00 00 01 00 00 00 00 16 80 bc 55 00 83 0a 00 66 01 00 00 7b 04 05 00 00 
00 00 00 00 00 00 16 80 bc 55 00 84 0a 00 66 01 00 00 12 04 0a 00 00 00 00 00 00 00 00 16 80 bc 
55 00 85 0a 00 66 01 00 00 06 04 0b 00 00 00 00 00 00 00 00 16 80 bc 55 00 30 0a 00 8e 01 00 00 
03 04 05 00 00 00 01 00 00 00 00 16 80 bc 55 00 31 0a 00 8e 01 00 00 12 04 0f 00 00 00 01 00 00 
00 00 16 80 bc 55 00 32 0a 00 8e 01 00 00 77 04 05 00 00 00 01 00 00 00 00 
...........0..2....B[,bF..........U.|.._...|.............U.}.._....................U.(..b.......
..........5....E.5..b...5.............U.)..b.................U.~..b.................5........E.5
..b...5.............U....b.................>....E.>..O...>.............>........E.>..O...>......
.......U.*..Z.................U.+..Z.................U....Z.................U....Z..............
...?....E.?..d...?.............U.,..d.................?........E.?..d...?.............U....d....
.............U.-..f...{.............U....f.................U./..f.................U....f...{....
.........U....f.................U....f.................U.0....................U.1...............
.....U.2......w..........

Client->GAME [13:02:37 07/15/09] packet size: 1 CRYPTED, Flags: 7f ServerSeq: 0 ClientSeq: 18
02 
.

GAME->Client [13:02:37 07/15/09] packet size: 700 CRYPTED, Flags: 7f ServerSeq: 17 ClientSeq: 1
82 46 a8 fb 48 03 03 00 02 0c 3a 1f ed 32 c7 00 00 be 42 5b 2c 62 46 00 00 04 01 00 f7 1f 16 80 
bc 55 00 86 0a 00 8e 01 00 00 03 04 05 00 00 00 00 00 00 00 00 16 80 bc 55 00 87 0a 00 8e 01 00 
00 12 04 0f 00 00 00 00 00 00 00 00 16 80 bc 55 00 88 0a 00 8e 01 00 00 77 04 05 00 00 00 00 00 
00 00 00 16 80 bc 55 00 33 0a 00 cd 01 00 00 e5 03 05 00 00 00 01 00 00 00 00 16 80 bc 55 00 34 
0a 00 cd 01 00 00 73 04 05 00 00 00 01 00 00 00 00 16 80 bc 55 00 35 0a 00 cd 01 00 00 e3 03 0f 
00 00 00 01 00 00 00 00 16 80 bc 55 00 89 0a 00 cd 01 00 00 e5 03 05 00 00 00 00 00 00 00 00 16 
80 bc 55 00 8a 0a 00 cd 01 00 00 73 04 05 00 00 00 00 00 00 00 00 16 80 bc 55 00 8b 0a 00 cd 01 
00 00 e3 03 0f 00 00 00 00 00 00 00 00 04 80 b3 40 04 16 80 bc 45 03 40 04 00 d5 01 00 00 40 04 
00 00 00 00 01 00 00 00 00 16 80 bc 55 00 36 0a 00 d5 01 00 00 e3 03 05 00 00 00 01 00 00 00 00 
08 80 b2 40 04 00 00 08 02 16 80 bc 45 03 40 04 00 d5 01 00 00 40 04 00 00 00 00 00 00 00 00 00 
16 80 bc 55 00 8c 0a 00 d5 01 00 00 e3 03 05 00 00 00 00 00 00 00 00 16 80 bc 55 00 37 0a 00 36 
02 00 00 37 02 0a 00 00 00 01 00 00 00 00 16 80 bc 55 00 8d 0a 00 36 02 00 00 37 02 0a 00 00 00 
00 00 00 00 00 16 80 bc 55 00 38 0a 00 74 02 00 00 34 02 1e 00 00 00 01 00 00 00 00 16 80 bc 55 
00 8e 0a 00 74 02 00 00 34 02 1e 00 00 00 00 00 00 00 00 16 80 bc 15 00 6c 0a 00 11 00 00 00 ab 
00 0d 00 00 00 01 00 00 00 00 16 80 bc 15 00 6d 0a 00 11 00 00 00 0a 02 4d 00 00 00 01 00 00 00 
00 16 80 bc 15 00 6e 0a 00 11 00 00 00 f2 03 34 00 00 00 01 00 00 00 00 16 80 bc 15 00 6f 0a 00 
11 00 00 00 ed 03 4d 00 00 00 01 00 00 00 00 16 80 bc 15 00 70 0a 00 11 00 00 00 9f 00 19 00 00 
00 01 00 00 00 00 16 80 bc 15 00 71 0a 00 11 00 00 00 f1 03 34 00 00 00 01 00 00 00 00 16 80 bc 
15 00 72 0a 00 11 00 00 00 0c 02 34 00 00 00 01 00 00 00 00 16 80 bc 15 00 73 0a 00 11 00 00 00 
b7 00 4d 00 00 00 01 00 00 00 00 16 80 bc 15 00 74 0a 00 11 00 00 00 f3 03 46 00 00 00 01 00 00 
00 00 0b 80 bd 05 11 00 00 00 00 00 00 00 16 80 bc 15 00 8f 0a 00 11 00 00 00 ab 00 0d 00 00 00 
00 00 00 00 00 16 80 bc 15 00 90 0a 00 11 00 00 00 0a 02 4d 00 00 00 00 00 00 00 00 
.F..H.....:..2....B[,bF..........U......................U......................U........w.......
......U.3....................U.4......s.............U.5....................U....................
..U........s.............U......................@....E.@......@.............U.6.................
...@........E.@......@.............U......................U.7..6...7.............U....6...7.....
........U.8..t...4.............U....t...4...............l......................m........M.......
......n........4.............o........M.............p......................q........4...........
..r........4.............s........M.............t........F......................................
...................M........

Client->GAME [13:02:37 07/15/09] packet size: 1 CRYPTED, Flags: 7f ServerSeq: 1 ClientSeq: 19
02 
.

GAME->Client [13:02:37 07/15/09] packet size: 658 CRYPTED, Flags: 7f ServerSeq: 18 ClientSeq: 2
02 03 03 00 02 0e 00 44 1f ed 32 c7 00 00 be 42 5b 2c 62 46 00 00 04 02 01 16 08 16 80 bc 15 00 
91 0a 00 11 00 00 00 f2 03 34 00 00 00 00 00 00 00 00 16 80 bc 15 00 92 0a 00 11 00 00 00 ed 03 
4d 00 00 00 00 00 00 00 00 16 80 bc 15 00 93 0a 00 11 00 00 00 9f 00 19 00 00 00 00 00 00 00 00 
16 80 bc 15 00 94 0a 00 11 00 00 00 f1 03 34 00 00 00 00 00 00 00 00 16 80 bc 15 00 95 0a 00 11 
00 00 00 0c 02 34 00 00 00 00 00 00 00 00 16 80 bc 15 00 96 0a 00 11 00 00 00 b7 00 4d 00 00 00 
00 00 00 00 00 16 80 bc 15 00 97 0a 00 11 00 00 00 f3 03 46 00 00 00 00 00 00 00 00 0b 80 bd 05 
11 00 00 00 00 00 00 01 01 1e 0a 17 3a 05 00 11 00 0a 00 50 76 50 53 65 72 76 65 72 00 04 00 06 
00 00 00 1d 3a 05 00 17 00 10 00 50 76 50 4d 61 78 53 61 66 65 4c 65 76 65 6c 00 04 00 0f 00 00 
00 3f 3a 05 00 14 00 0d 00 57 52 5f 52 65 7a 45 76 65 6e 74 73 00 29 00 48 61 6c 6c 6f 77 65 65 
6e 5f 45 76 65 6e 74 2c 57 69 6e 74 65 72 33 50 6c 75 73 48 61 6c 6c 6f 77 65 65 6e 54 53 45 43 
00 1b 3a 05 00 19 00 12 00 45 76 65 6e 74 53 6c 6f 74 31 5f 45 66 66 65 63 74 00 00 00 28 3a 05 
00 19 00 12 00 45 76 65 6e 74 53 6c 6f 74 32 5f 45 66 66 65 63 74 00 0d 00 66 6c 79 6d 61 6e 5f 
69 64 6c 65 33 00 25 3a 05 00 19 00 12 00 45 76 65 6e 74 53 6c 6f 74 33 5f 45 66 66 65 63 74 00 
0a 00 66 6c 79 5f 76 69 72 75 73 00 1f 3a 05 00 1b 00 14 00 46 69 78 65 64 42 69 6e 6b 49 44 4f 
76 65 72 72 69 64 65 00 02 00 20 00 41 81 67 17 00 27 00 1c 22 00 c6 01 11 00 00 00 00 00 00 00 
37 00 00 08 0e 00 41 66 74 65 72 57 68 6f 72 75 4e 65 6f 00 0e 00 41 66 74 65 72 57 68 6f 72 75 
4e 65 6f 00 02 00 4d 00 00 00 00 00 00 00 41 81 67 17 00 27 00 1c 22 00 c6 01 11 00 00 00 00 00 
00 00 37 00 00 08 0e 00 41 66 74 65 72 57 68 6f 72 75 4e 65 6f 00 0e 00 41 66 74 65 72 57 68 6f 
72 75 4e 65 6f 00 02 00 4d 00 00 00 00 00 00 00 41 81 67 17 00 27 00 1c 22 00 c6 01 11 00 00 00 
00 00 00 00 37 00 00 08 0e 00 41 66 74 65 72 57 68 6f 72 75 4e 65 6f 00 0e 00 41 66 74 65 72 57 
68 6f 72 75 4e 65 6f 00 02 00 4d 00 00 00 00 00 00 00 
.......D..2....B[,bF.....................4......................M...............................
..............4......................4......................M......................F............
............:......PvPServer........:......PvPMaxSafeLevel.......?:......WR_RezEvents.).Hallowee
n_Event,Winter3PlusHalloweenTSEC..:......EventSlot1_Effect...(:......EventSlot2_Effect...flyman_
idle3.%:......EventSlot3_Effect...fly_virus..:......FixedBinkIDOverride... .A.g..'.."...........
7.....AfterWhoruNeo...AfterWhoruNeo...M.......A.g..'.."...........7.....AfterWhoruNeo...AfterWho
ruNeo...M.......A.g..'.."...........7.....AfterWhoruNeo...AfterWhoruNeo...M.......

Client->GAME [13:02:37 07/15/09] packet size: 1 CRYPTED, Flags: 7f ServerSeq: 2 ClientSeq: 20
02 
.

GAME->Client [13:02:38 07/15/09] packet size: 22 CRYPTED, Flags: 7f ServerSeq: 19 ClientSeq: 3
02 03 03 00 02 0e 00 4e 1f ed 32 c7 00 00 be 42 5b 2c 62 46 00 00 
.......N..2....B[,bF..

Client->GAME [13:02:38 07/15/09] packet size: 1 CRYPTED, Flags: 7f ServerSeq: 3 ClientSeq: 21
02 
.

Client->GAME [13:02:38 07/15/09] packet size: 44 CRYPTED, Flags: 7f ServerSeq: 3 ClientSeq: 22
02 04 01 00 08 02 12 80 c9 48 00 80 12 00 98 37 c7 00 80 18 44 00 80 3b c5 12 80 c9 4f 00 80 12 
00 98 37 c7 00 80 18 44 00 20 4b c6 
.........H.....7....D..;....O.....7....D. K.

GAME->Client [13:02:38 07/15/09] packet size: 1 CRYPTED, Flags: 7f ServerSeq: 20 ClientSeq: 6
02 
.

GAME->Client [13:02:38 07/15/09] packet size: 20 CRYPTED, Flags: 7f ServerSeq: 21 ClientSeq: 6
02 03 1d 00 02 08 f2 60 30 c7 00 00 be 42 9b 4d 60 46 00 00 
.......`0....B.M`F..

Client->GAME [13:02:38 07/15/09] packet size: 1 CRYPTED, Flags: 7f ServerSeq: 5 ClientSeq: 23
02 
.

Client->GAME [13:02:38 07/15/09] packet size: 25 CRYPTED, Flags: 7f ServerSeq: 5 ClientSeq: 24
02 04 01 00 0a 01 12 80 c9 07 00 90 04 00 78 66 c7 00 00 20 41 00 d0 84 46 
..............xf... A...F

GAME->Client [13:02:39 07/15/09] packet size: 1 CRYPTED, Flags: 7f ServerSeq: 22 ClientSeq: 8
02 
.

GAME->Client [13:02:39 07/15/09] packet size: 39 CRYPTED, Flags: 7f ServerSeq: 23 ClientSeq: 8
82 7e a8 fb 48 03 1d 00 02 0c 57 6f cd 2f c7 00 00 be 42 ab c4 5e 46 03 00 04 80 80 80 80 c0 4c 
0a 00 28 01 01 00 00 
.~..H.....Wo./....B..^F........L..(....

Client->GAME [13:02:39 07/15/09] packet size: 1 CRYPTED, Flags: 7f ServerSeq: 7 ClientSeq: 25
02 
.

GAME->Client [13:02:39 07/15/09] packet size: 21 CRYPTED, Flags: 7f ServerSeq: 24 ClientSeq: 9
02 03 1d 00 02 0c 58 7f ac 2f c7 00 00 be 42 9e 6e 5e 46 00 00 
......X../....B.n^F..

Client->GAME [13:02:39 07/15/09] packet size: 1 CRYPTED, Flags: 7f ServerSeq: 8 ClientSeq: 26
02 
.

GAME->Client [13:02:39 07/15/09] packet size: 21 CRYPTED, Flags: 7f ServerSeq: 25 ClientSeq: 9
02 03 1d 00 02 0c 57 9d 99 2f c7 00 00 be 42 7c 3d 5e 46 00 00 
......W../....B|=^F..

Client->GAME [13:02:39 07/15/09] packet size: 1 CRYPTED, Flags: 7f ServerSeq: 9 ClientSeq: 27
02 
.

GAME->Client [13:02:39 07/15/09] packet size: 22 CRYPTED, Flags: 7f ServerSeq: 26 ClientSeq: 10
02 03 1d 00 02 0e 04 5d 37 90 2f c7 00 00 be 42 5e 24 5e 46 00 00 
.......]7./....B^$^F..

