Client->GAME [13:05:44 07/15/09] packet size: 25 CRYPTED, Flags: 7f ServerSeq: 260 ClientSeq: 473
02 04 01 00 21 01 12 81 8e 07 00 00 00 03 00 00 00 11 00 00 00 03 00 00 00 
....!....................

Client->GAME [13:05:44 07/15/09] packet size: 1 CRYPTED, Flags: 7f ServerSeq: 261 ClientSeq: 474
02 
.

GAME->Client [13:05:44 07/15/09] packet size: 21 CRYPTED, Flags: 7f ServerSeq: 454 ClientSeq: 264
02 03 13 00 02 0c 62 60 11 27 47 00 20 8a c4 30 53 47 c4 00 00 
......b`.'G. ..0SG...

Client->GAME [13:05:44 07/15/09] packet size: 1 CRYPTED, Flags: 7f ServerSeq: 262 ClientSeq: 475
02 
.

GAME->Client [13:05:44 07/15/09] packet size: 696 CRYPTED, Flags: 7f ServerSeq: 455 ClientSeq: 266
02 04 01 01 29 1e 16 80 bc 15 00 98 0a 00 f7 03 00 00 08 02 00 00 00 00 01 00 00 00 00 16 80 bc 
15 00 99 0a 00 f7 03 00 00 07 02 ec ff ff ff 01 00 00 00 00 16 80 bc 15 00 9a 0a 00 f7 03 00 00 
50 04 00 00 00 00 01 00 00 00 00 16 80 bc 15 00 9b 0a 00 f7 03 00 00 f4 03 00 00 00 00 01 00 00 
00 00 16 80 bc 15 00 9c 0a 00 f7 03 00 00 51 04 f6 ff ff ff 01 00 00 00 00 16 80 bc 15 00 9d 0a 
00 f7 03 00 00 52 04 0f 00 00 00 01 00 00 00 00 16 80 bc 11 00 9e 0a 00 00 00 00 00 cb 02 00 00 
00 00 01 00 00 00 00 16 80 bc 56 00 e3 0a 00 0a 95 00 00 06 04 02 00 00 00 01 00 00 00 00 16 80 
bc 56 00 e4 0a 00 0a 95 00 00 b4 00 11 00 00 00 01 00 00 00 00 16 80 bc 56 00 e5 0a 00 0a 95 00 
00 b5 00 11 00 00 00 01 00 00 00 00 16 80 bc 56 00 e6 0a 00 0a 95 00 00 07 04 02 00 00 00 01 00 
00 00 00 16 80 bc 56 00 e7 0a 00 8a b2 00 00 23 04 02 00 00 00 01 00 00 00 00 16 80 bc 56 00 e8 
0a 00 8a b2 00 00 21 04 01 00 00 00 01 00 00 00 00 16 80 bc 56 00 e9 0a 00 8a b2 00 00 b4 00 1d 
00 00 00 01 00 00 00 00 16 80 bc 56 00 ea 0a 00 8a b2 00 00 09 04 1d 00 00 00 01 00 00 00 00 16 
80 bc 56 00 eb 0a 00 8a b2 00 00 9d 00 1d 00 00 00 01 00 00 00 00 16 80 bc 56 00 ec 0a 00 8a b2 
00 00 06 04 01 00 00 00 01 00 00 00 00 16 80 bc 56 00 ed 0a 00 24 b3 00 00 89 02 02 00 00 00 01 
00 00 00 00 16 80 bc 56 00 ee 0a 00 24 b3 00 00 1a 04 01 00 00 00 01 00 00 00 00 16 80 bc 56 00 
ef 0a 00 24 b3 00 00 b4 00 21 00 00 00 01 00 00 00 00 16 80 bc 56 00 f0 0a 00 24 b3 00 00 09 04 
21 00 00 00 01 00 00 00 00 16 80 bc 56 00 f1 0a 00 24 b3 00 00 15 04 02 00 00 00 01 00 00 00 00 
16 80 bc 56 00 f2 0a 00 24 b3 00 00 b5 00 21 00 00 00 01 00 00 00 00 16 80 bc 56 00 f3 0a 00 95 
a7 00 00 b4 00 12 00 00 00 01 00 00 00 00 16 80 bc 56 00 f4 0a 00 95 a7 00 00 b5 00 12 00 00 00 
01 00 00 00 00 16 80 bc 56 00 f5 0a 00 95 a7 00 00 09 04 12 00 00 00 01 00 00 00 00 16 80 bc 56 
00 f6 0a 00 95 a7 00 00 70 00 0f 00 00 00 01 00 00 00 00 16 80 bc 56 00 f7 0a 00 2c b3 00 00 17 
04 01 00 00 00 01 00 00 00 00 16 80 bc 56 00 f8 0a 00 2c b3 00 00 b4 00 21 00 00 00 01 00 00 00 
00 16 80 bc 56 00 f9 0a 00 2c b3 00 00 09 04 21 00 00 00 01 00 00 00 00 
....)...........................................................P...............................
..............Q......................R....................................V.....................
.V......................V......................V......................V........#.............V..
......!.............V......................V......................V......................V......
................V....$.................V....$.................V....$.....!...........V....$.....
!...........V....$.................V....$.....!...........V......................V..............
........V......................V........p.............V....,.................V....,.....!.......
....V....,.....!........

Client->GAME [13:05:44 07/15/09] packet size: 1 CRYPTED, Flags: 7f ServerSeq: 263 ClientSeq: 476
02 
.

GAME->Client [13:05:44 07/15/09] packet size: 696 CRYPTED, Flags: 7f ServerSeq: 456 ClientSeq: 267
02 04 01 01 47 1e 16 80 bc 56 00 fa 0a 00 2c b3 00 00 12 04 02 00 00 00 01 00 00 00 00 16 80 bc 
56 00 fb 0a 00 2c b3 00 00 07 04 02 00 00 00 01 00 00 00 00 16 80 bc 56 00 fc 0a 00 2c b3 00 00 
b5 00 21 00 00 00 01 00 00 00 00 16 80 bc 56 00 fd 0a 00 c3 b2 00 00 89 02 02 00 00 00 01 00 00 
00 00 16 80 bc 56 00 fe 0a 00 c3 b2 00 00 21 04 02 00 00 00 01 00 00 00 00 16 80 bc 56 00 ff 0a 
00 c3 b2 00 00 b4 00 1f 00 00 00 01 00 00 00 00 16 80 bc 56 00 00 0b 00 c3 b2 00 00 09 04 1f 00 
00 00 01 00 00 00 00 16 80 bc 56 00 01 0b 00 c3 b2 00 00 1e 04 01 00 00 00 01 00 00 00 00 16 80 
bc 56 00 02 0b 00 c3 b2 00 00 9d 00 1f 00 00 00 01 00 00 00 00 16 80 bc 55 00 0c 0b 00 02 00 00 
00 cc 00 0c 00 00 00 01 00 00 00 00 16 80 bc 55 00 16 0b 00 0b 00 00 00 37 02 96 00 00 00 01 00 
00 00 00 16 80 bc 55 00 17 0b 00 2d 00 00 00 23 04 0a 00 00 00 01 00 00 00 00 16 80 bc 55 00 18 
0b 00 2d 00 00 00 20 04 0a 00 00 00 01 00 00 00 00 16 80 bc 55 00 19 0b 00 2d 00 00 00 19 04 05 
00 00 00 01 00 00 00 00 16 80 bc 55 00 1a 0b 00 2d 00 00 00 42 04 05 00 00 00 01 00 00 00 00 16 
80 bc 55 00 1b 0b 00 34 00 00 00 83 02 c8 00 00 00 01 00 00 00 00 16 80 bc 55 00 1c 0b 00 4b 00 
00 00 1f 04 19 00 00 00 01 00 00 00 00 16 80 bc 55 00 1d 0b 00 5f 00 00 00 7c 04 0f 00 00 00 01 
00 00 00 00 16 80 bc 55 00 1e 0b 00 5f 00 00 00 07 04 0f 00 00 00 01 00 00 00 00 16 80 bc 55 00 
1f 0b 00 62 00 00 00 06 04 01 00 00 00 01 00 00 00 00 16 80 bc 55 00 20 0b 00 62 00 00 00 15 04 
01 00 00 00 01 00 00 00 00 16 80 bc 55 00 21 0b 00 5a 01 00 00 07 04 05 00 00 00 01 00 00 00 00 
16 80 bc 55 00 22 0b 00 5a 01 00 00 1d 04 0f 00 00 00 01 00 00 00 00 16 80 bc 55 00 23 0b 00 64 
01 00 00 1f 04 05 00 00 00 01 00 00 00 00 16 80 bc 55 00 24 0b 00 66 01 00 00 7b 04 05 00 00 00 
01 00 00 00 00 16 80 bc 55 00 25 0b 00 66 01 00 00 12 04 0a 00 00 00 01 00 00 00 00 16 80 bc 55 
00 26 0b 00 66 01 00 00 06 04 0b 00 00 00 01 00 00 00 00 16 80 bc 55 00 27 0b 00 8e 01 00 00 03 
04 05 00 00 00 01 00 00 00 00 16 80 bc 55 00 28 0b 00 8e 01 00 00 12 04 0f 00 00 00 01 00 00 00 
00 16 80 bc 55 00 29 0b 00 8e 01 00 00 77 04 05 00 00 00 01 00 00 00 00 
....G....V....,.................V....,.................V....,.....!...........V.................
.....V........!.............V......................V......................V.....................
.V......................U......................U........7.............U....-...#.............U..
..-... .............U....-.................U....-...B.............U....4.................U....K.
................U...._...|.............U...._.................U....b.................U. ..b.....
............U.!..Z.................U."..Z.................U.#..d.................U.$..f...{.....
........U.%..f.................U.&..f.................U.'....................U.(................
....U.)......w..........

Client->GAME [13:05:44 07/15/09] packet size: 1 CRYPTED, Flags: 7f ServerSeq: 264 ClientSeq: 477
02 
.

GAME->Client [13:05:44 07/15/09] packet size: 700 CRYPTED, Flags: 7f ServerSeq: 457 ClientSeq: 268
02 04 02 01 65 03 16 80 bc 55 00 2a 0b 00 cd 01 00 00 e5 03 05 00 00 00 01 00 00 00 00 16 80 bc 
55 00 2b 0b 00 cd 01 00 00 73 04 05 00 00 00 01 00 00 00 00 16 80 bc 55 00 2c 0b 00 cd 01 00 00 
e3 03 0f 00 00 00 01 00 00 00 00 01 68 1c 16 80 bc 55 00 2d 0b 00 d5 01 00 00 e3 03 05 00 00 00 
01 00 00 00 00 16 80 bc 55 00 2e 0b 00 36 02 00 00 37 02 0a 00 00 00 01 00 00 00 00 16 80 bc 55 
00 2f 0b 00 74 02 00 00 34 02 1e 00 00 00 01 00 00 00 00 16 80 bc 15 00 30 0b 00 11 00 00 00 ab 
00 0d 00 00 00 01 00 00 00 00 16 80 bc 15 00 31 0b 00 11 00 00 00 0a 02 4d 00 00 00 01 00 00 00 
00 16 80 bc 15 00 32 0b 00 11 00 00 00 f2 03 34 00 00 00 01 00 00 00 00 16 80 bc 15 00 33 0b 00 
11 00 00 00 ed 03 4d 00 00 00 01 00 00 00 00 16 80 bc 15 00 34 0b 00 11 00 00 00 9f 00 19 00 00 
00 01 00 00 00 00 16 80 bc 15 00 35 0b 00 11 00 00 00 f1 03 34 00 00 00 01 00 00 00 00 16 80 bc 
15 00 36 0b 00 11 00 00 00 0c 02 34 00 00 00 01 00 00 00 00 16 80 bc 15 00 37 0b 00 11 00 00 00 
b7 00 4d 00 00 00 01 00 00 00 00 16 80 bc 15 00 38 0b 00 11 00 00 00 f3 03 46 00 00 00 01 00 00 
00 00 0b 80 bd 05 11 00 00 00 00 00 00 00 16 80 bc 15 00 39 0b 00 11 00 00 00 ab 00 0c 00 00 00 
00 00 00 00 00 16 80 bc 15 00 3a 0b 00 11 00 00 00 0a 02 4b 00 00 00 00 00 00 00 00 16 80 bc 15 
00 3b 0b 00 11 00 00 00 f2 03 31 00 00 00 00 00 00 00 00 16 80 bc 15 00 3c 0b 00 11 00 00 00 ed 
03 4b 00 00 00 00 00 00 00 00 16 80 bc 15 00 3d 0b 00 11 00 00 00 9f 00 19 00 00 00 00 00 00 00 
00 16 80 bc 15 00 3e 0b 00 11 00 00 00 f1 03 31 00 00 00 00 00 00 00 00 16 80 bc 15 00 3f 0b 00 
11 00 00 00 0c 02 34 00 00 00 00 00 00 00 00 16 80 bc 15 00 40 0b 00 11 00 00 00 b7 00 46 00 00 
00 00 00 00 00 00 16 80 bc 15 00 41 0b 00 11 00 00 00 f3 03 46 00 00 00 00 00 00 00 00 0b 80 bd 
05 11 00 00 00 00 00 00 01 16 80 bc 15 00 39 0b 00 11 00 00 00 ab 00 0c 00 00 00 01 00 00 00 00 
16 80 bc 15 00 3a 0b 00 11 00 00 00 0a 02 4b 00 00 00 01 00 00 00 00 16 80 bc 15 00 3b 0b 00 11 
00 00 00 f2 03 31 00 00 00 01 00 00 00 00 16 80 bc 15 00 3c 0b 00 11 00 00 00 ed 03 4b 00 00 00 
01 00 00 00 00 16 80 bc 15 00 3d 0b 00 11 00 00 00 9f 00 19 00 00 00 01 00 00 00 00 
....e....U.*....................U.+......s.............U.,..................h....U.-............
........U....6...7.............U./..t...4...............0......................1........M.......
......2........4.............3........M.............4......................5........4...........
..6........4.............7........M.............8........F.........................9............
..........:........K.............;........1.............<........K.............=................
......>........1.............?........4.............@........F.............A........F...........
..............9......................:........K.............;........1.............<........K...
..........=.................

Client->GAME [13:05:44 07/15/09] packet size: 1 CRYPTED, Flags: 7f ServerSeq: 265 ClientSeq: 478
02 
.

GAME->Client [13:05:44 07/15/09] packet size: 273 CRYPTED, Flags: 7f ServerSeq: 458 ClientSeq: 269
82 ba bf fb 48 04 01 01 84 11 16 80 bc 15 00 3e 0b 00 11 00 00 00 f1 03 31 00 00 00 01 00 00 00 
00 16 80 bc 15 00 3f 0b 00 11 00 00 00 0c 02 34 00 00 00 01 00 00 00 00 16 80 bc 15 00 40 0b 00 
11 00 00 00 b7 00 46 00 00 00 01 00 00 00 00 16 80 bc 15 00 41 0b 00 11 00 00 00 f3 03 46 00 00 
00 01 00 00 00 00 04 80 b3 11 00 16 80 bc 45 03 11 00 00 02 00 00 00 11 00 32 00 00 00 01 00 00 
00 00 04 80 b3 35 04 16 80 bc 45 03 35 04 00 62 00 00 00 35 04 00 00 00 00 01 00 00 00 00 04 80 
b3 3d 04 16 80 bc 45 03 3d 04 00 43 00 00 00 3d 04 00 00 00 00 01 00 00 00 00 04 80 b3 3e 04 16 
80 bc 45 03 3e 04 00 4f 01 00 00 3e 04 00 00 00 00 01 00 00 00 00 04 80 b3 3f 04 16 80 bc 45 03 
3f 04 00 64 01 00 00 3f 04 00 00 00 00 01 00 00 00 00 04 80 b3 40 04 16 80 bc 45 03 40 04 00 d5 
01 00 00 40 04 00 00 00 00 01 00 00 00 00 02 81 07 
....H..........>........1.............?........4.............@........F.............A........F..
..............E..........2...........5....E.5..b...5.............=....E.=..C...=.............>..
..E.>..O...>.............?....E.?..d...?.............@....E.@......@.............

Client->GAME [13:05:45 07/15/09] packet size: 13 CRYPTED, Flags: 7f ServerSeq: 266 ClientSeq: 479
02 04 01 00 22 01 06 81 08 00 00 00 00 
...."........

GAME->Client [13:05:45 07/15/09] packet size: 1 CRYPTED, Flags: 7f ServerSeq: 459 ClientSeq: 271
02 
.

GAME->Client [13:05:45 07/15/09] packet size: 1 CRYPTED, Flags: 7f ServerSeq: 460 ClientSeq: 271
42 
B

GAME->Client [13:05:45 07/15/09] packet size: 1 CRYPTED, Flags: 7f ServerSeq: 461 ClientSeq: 271
42 
B

GAME->Client [13:05:45 07/15/09] packet size: 1 CRYPTED, Flags: 7f ServerSeq: 462 ClientSeq: 271
42 
B

Client->GAME [13:05:46 07/15/09] packet size: 1 CRYPTED, Flags: 7f ServerSeq: 270 ClientSeq: 480
42 
B

GAME->Client [13:05:46 07/15/09] packet size: 5 CRYPTED, Flags: 7f ServerSeq: 463 ClientSeq: 271
c2 de bf fb 48 
....H

GAME->Client [13:05:46 07/15/09] packet size: 1 CRYPTED, Flags: 7f ServerSeq: 464 ClientSeq: 256
42 
B

Client->GAME [13:05:46 07/15/09] packet size: 13 CRYPTED, Flags: 0 ServerSeq: 0 ClientSeq: 1
22 04 01 00 00 01 06 81 51 00 00 00 00 
".......Q....

GAME->Client [13:05:46 07/15/09] packet size: 72 CRYPTED, Flags: 1 ServerSeq: 2 ClientSeq: 1
02 04 01 00 03 01 41 81 67 17 00 27 00 1c 22 00 c6 01 11 00 00 00 00 00 00 00 37 00 00 08 0e 00 
41 66 74 65 72 57 68 6f 72 75 4e 65 6f 00 0e 00 41 66 74 65 72 57 68 6f 72 75 4e 65 6f 00 02 00 
4b 00 00 00 00 00 00 00 
......A.g..'.."...........7.....AfterWhoruNeo...AfterWhoruNeo...K.......

Client->GAME [13:05:46 07/15/09] packet size: 1 CRYPTED, Flags: 2 ServerSeq: 2 ClientSeq: 2
02 
.

GAME->Client [13:05:47 07/15/09] packet size: 138 CRYPTED, Flags: 3 ServerSeq: 3 ClientSeq: 2
02 04 01 00 00 03 6d 06 0e 00 03 00 00 00 e6 bf fb 48 01 42 00 32 00 72 65 73 6f 75 72 63 65 2f 
77 6f 72 6c 64 73 2f 66 69 6e 61 6c 5f 77 6f 72 6c 64 2f 69 6e 74 65 72 6e 61 74 69 6f 6e 61 6c 
2f 69 74 2e 6d 65 74 72 00 29 00 48 61 6c 6c 6f 77 65 65 6e 5f 45 76 65 6e 74 2c 57 69 6e 74 65 
72 33 50 6c 75 73 48 61 6c 6c 6f 77 65 65 6e 54 53 45 43 00 0a 80 e5 e7 cb c0 12 00 00 00 00 0a 
80 e4 bc 58 7a 00 00 00 00 00 
......m..........H.B.2.resource/worlds/final_world/international/it.metr.).Halloween_Event,Winte
r3PlusHalloweenTSEC................Xz.....

Client->GAME [13:05:47 07/15/09] packet size: 6 CRYPTED, Flags: 5 ServerSeq: 3 ClientSeq: 3
02 05 02 0c 00 00 
......

GAME->Client [13:05:47 07/15/09] packet size: 1 CRYPTED, Flags: 7 ServerSeq: 4 ClientSeq: 3
02 
.

Client->GAME [13:05:50 07/15/09] packet size: 12
00 00 00 00 00 01 04 08 b7 26 d8 00 
.........&..

Client->GAME [13:05:50 07/15/09] packet size: 8 CRYPTED, Flags: 5 ServerSeq: 3 ClientSeq: 4
02 04 01 00 01 01 01 05 
........

GAME->Client [13:05:50 07/15/09] packet size: 12
00 00 00 00 00 01 04 08 b7 26 d8 00 
.........&..

GAME->Client [13:05:50 07/15/09] packet size: 223 CRYPTED, Flags: f ServerSeq: 5 ClientSeq: 4
82 74 c0 fb 48 03 01 00 0c 0c 00 3b cd ab 1c 8b 81 ff 71 02 00 00 41 6e 64 65 72 73 6f 6e 00 00 
00 00 00 00 00 00 00 00 00 00 00 00 00 00 00 00 00 00 00 00 00 00 90 54 68 6f 6d 61 73 00 00 00 
00 00 00 00 00 00 00 00 00 00 00 00 00 00 00 00 00 00 00 00 00 00 00 80 d8 28 0a 0c 00 00 00 01 
8e 81 ff f7 00 31 5e 00 00 c6 67 00 41 66 74 65 72 57 68 6f 72 75 4e 65 6f 00 00 00 00 00 00 00 
00 00 00 00 00 00 00 00 00 00 00 00 28 0a fd 64 01 00 00 67 00 75 d4 01 00 4b b1 00 00 00 00 73 
1a e9 88 80 60 04 00 02 8e 00 00 00 f7 00 9d 00 00 00 00 00 d0 e1 40 00 00 00 00 00 44 91 c0 00 
00 00 00 80 0c de c0 81 ff 32 22 80 89 44 24 ba 1e 80 1c 01 11 00 00 00 67 00 02 00 00 00 00 
.t..H......;......q...Anderson.........................Thomas............................(......
.....1^...g.AfterWhoruNeo...................(..d...g.u...K.....s....`.................@.....D...
.........2"..D$.........g......

Client->GAME [13:05:51 07/15/09] packet size: 74 CRYPTED, Flags: 17 ServerSeq: 5 ClientSeq: 5
02 03 02 00 02 60 08 41 6e 64 65 72 73 6f 6e 06 54 68 6f 6d 61 73 00 00 04 01 00 02 06 12 80 c9 
07 00 10 18 00 e8 00 47 00 c0 94 c4 00 d0 84 c6 02 80 be 07 3f 4e 00 10 00 00 00 08 3e 6b 00 10 
00 00 00 00 02 81 48 02 0c 01 
.....`.Anderson.Thomas.................G............?N......>k........H...

GAME->Client [13:05:51 07/15/09] packet size: 696 CRYPTED, Flags: 1f ServerSeq: 6 ClientSeq: 5
02 04 01 00 04 1e 16 80 bc 56 00 40 0b 00 0a 95 00 00 06 04 02 00 00 00 01 00 00 00 00 16 80 bc 
56 00 41 0b 00 0a 95 00 00 b4 00 11 00 00 00 01 00 00 00 00 16 80 bc 56 00 42 0b 00 0a 95 00 00 
b5 00 11 00 00 00 01 00 00 00 00 16 80 bc 56 00 43 0b 00 0a 95 00 00 07 04 02 00 00 00 01 00 00 
00 00 16 80 bc 56 00 84 0b 00 0a 95 00 00 06 04 02 00 00 00 00 00 00 00 00 16 80 bc 56 00 85 0b 
00 0a 95 00 00 b4 00 11 00 00 00 00 00 00 00 00 16 80 bc 56 00 86 0b 00 0a 95 00 00 b5 00 11 00 
00 00 00 00 00 00 00 16 80 bc 56 00 87 0b 00 0a 95 00 00 07 04 02 00 00 00 00 00 00 00 00 16 80 
bc 56 00 44 0b 00 8a b2 00 00 23 04 02 00 00 00 01 00 00 00 00 16 80 bc 56 00 45 0b 00 8a b2 00 
00 21 04 01 00 00 00 01 00 00 00 00 16 80 bc 56 00 46 0b 00 8a b2 00 00 b4 00 1d 00 00 00 01 00 
00 00 00 16 80 bc 56 00 47 0b 00 8a b2 00 00 09 04 1d 00 00 00 01 00 00 00 00 16 80 bc 56 00 48 
0b 00 8a b2 00 00 9d 00 1d 00 00 00 01 00 00 00 00 16 80 bc 56 00 49 0b 00 8a b2 00 00 06 04 01 
00 00 00 01 00 00 00 00 16 80 bc 56 00 88 0b 00 8a b2 00 00 23 04 02 00 00 00 00 00 00 00 00 16 
80 bc 56 00 89 0b 00 8a b2 00 00 21 04 01 00 00 00 00 00 00 00 00 16 80 bc 56 00 8a 0b 00 8a b2 
00 00 b4 00 1d 00 00 00 00 00 00 00 00 16 80 bc 56 00 8b 0b 00 8a b2 00 00 09 04 1d 00 00 00 00 
00 00 00 00 16 80 bc 56 00 8c 0b 00 8a b2 00 00 9d 00 1d 00 00 00 00 00 00 00 00 16 80 bc 56 00 
8d 0b 00 8a b2 00 00 06 04 01 00 00 00 00 00 00 00 00 16 80 bc 56 00 4a 0b 00 24 b3 00 00 89 02 
02 00 00 00 01 00 00 00 00 16 80 bc 56 00 4b 0b 00 24 b3 00 00 1a 04 01 00 00 00 01 00 00 00 00 
16 80 bc 56 00 4c 0b 00 24 b3 00 00 b4 00 21 00 00 00 01 00 00 00 00 16 80 bc 56 00 4d 0b 00 24 
b3 00 00 09 04 21 00 00 00 01 00 00 00 00 16 80 bc 56 00 4e 0b 00 24 b3 00 00 15 04 02 00 00 00 
01 00 00 00 00 16 80 bc 56 00 4f 0b 00 24 b3 00 00 b5 00 21 00 00 00 01 00 00 00 00 16 80 bc 56 
00 8e 0b 00 24 b3 00 00 89 02 02 00 00 00 00 00 00 00 00 16 80 bc 56 00 8f 0b 00 24 b3 00 00 1a 
04 01 00 00 00 00 00 00 00 00 16 80 bc 56 00 90 0b 00 24 b3 00 00 b4 00 21 00 00 00 00 00 00 00 
00 16 80 bc 56 00 91 0b 00 24 b3 00 00 09 04 21 00 00 00 00 00 00 00 00 
.........V.@....................V.A....................V.B....................V.C...............
.....V......................V......................V......................V.....................
.V.D......#.............V.E......!.............V.F....................V.G....................V.H
....................V.I....................V........#.............V........!.............V......
................V......................V......................V......................V.J..$.....
............V.K..$.................V.L..$.....!...........V.M..$.....!...........V.N..$.........
........V.O..$.....!...........V....$.................V....$.................V....$.....!.......
....V....$.....!........

GAME->Client [13:05:51 07/15/09] packet size: 725 CRYPTED, Flags: 1f ServerSeq: 7 ClientSeq: 5
82 95 c0 fb 48 03 01 00 0c 57 02 3c cd ab 11 8e 50 68 6f 65 6e 69 78 20 41 73 68 00 00 00 00 00 
00 00 00 00 00 00 00 00 00 00 00 00 00 00 00 00 00 10 00 00 22 d0 68 1c 00 c6 01 80 c1 e6 09 00 
58 00 00 00 58 4d a2 e4 40 00 00 00 00 00 44 91 c0 00 00 f0 d8 f8 8b e0 c0 c0 01 83 05 02 a8 0b 
e7 01 b2 09 e7 01 07 08 00 00 81 b5 02 00 00 02 02 0d 00 00 01 00 08 50 02 ac 04 70 17 3e cd ab 
02 09 00 00 00 00 00 d0 e1 40 00 00 00 00 00 98 90 c0 00 00 00 00 80 f3 dd c0 00 00 00 00 00 00 
80 3f 00 00 00 00 2e bd 3b b3 0b 00 00 01 00 0c 57 02 3d cd ab 13 8e 50 68 6f 65 6e 69 78 20 41 
73 68 00 00 00 00 00 00 00 00 00 00 00 00 00 00 00 00 00 00 00 00 00 00 10 00 00 22 d4 d3 68 1c 
00 c6 01 80 d1 e6 09 00 58 0a 00 00 00 88 23 15 e4 40 00 00 00 00 00 44 91 c0 00 00 20 56 6e 86 
e0 c0 c0 01 83 01 02 a8 0b e7 01 b2 09 e7 01 07 08 00 00 81 b5 02 00 00 02 02 09 00 00 01 00 0c 
57 02 3e cd ab 12 8e 47 6f 6c 64 20 42 6c 6f 6f 64 20 43 6c 61 76 69 67 65 72 00 00 00 00 00 00 
00 00 00 00 00 00 00 00 10 00 00 22 c5 01 23 01 80 c3 d7 09 00 58 4c 0a 00 28 00 00 00 cc 47 23 
e3 40 00 00 00 00 00 44 91 c0 00 00 00 e1 9b 71 de c0 c0 01 82 02 a8 0b e7 01 b2 09 e7 01 07 08 
00 00 81 b9 02 00 00 02 02 07 00 00 00 00 04 01 00 22 0e 16 80 bc 56 00 92 0b 00 24 b3 00 00 15 
04 02 00 00 00 00 00 00 00 00 16 80 bc 56 00 93 0b 00 24 b3 00 00 b5 00 21 00 00 00 00 00 00 00 
00 16 80 bc 56 00 50 0b 00 95 a7 00 00 b4 00 12 00 00 00 01 00 00 00 00 16 80 bc 56 00 51 0b 00 
95 a7 00 00 b5 00 12 00 00 00 01 00 00 00 00 16 80 bc 56 00 52 0b 00 95 a7 00 00 09 04 12 00 00 
00 01 00 00 00 00 16 80 bc 56 00 53 0b 00 95 a7 00 00 70 00 0f 00 00 00 01 00 00 00 00 16 80 bc 
56 00 94 0b 00 95 a7 00 00 b4 00 12 00 00 00 00 00 00 00 00 16 80 bc 56 00 95 0b 00 95 a7 00 00 
b5 00 12 00 00 00 00 00 00 00 00 16 80 bc 56 00 96 0b 00 95 a7 00 00 09 04 12 00 00 00 00 00 00 
00 00 16 80 bc 56 00 97 0b 00 95 a7 00 00 70 00 0f 00 00 00 00 00 00 00 00 16 80 bc 56 00 54 0b 
00 2c b3 00 00 17 04 01 00 00 00 01 00 00 00 00 16 80 bc 56 00 55 0b 00 2c b3 00 00 b4 00 21 00 
00 00 01 00 00 00 00 16 80 bc 56 00 56 0b 00 2c b3 00 00 09 04 21 00 00 00 01 00 00 00 00 16 80 
bc 56 00 57 0b 00 2c b3 00 00 12 04 02 00 00 00 01 00 00 00 00 
....H....W.<....Phoenix Ash.........................".h.........X...XM..@.....D.................
.......................P...p.>...........@.......................?......;.......W.=....Phoenix A
sh........................."..h.........X.....#..@.....D.... Vn.................................
W.>....Gold Blood Claviger................."..#......XL..(....G#.@.....D.......q................
................."....V....$.................V....$.....!...........V.P....................V.Q..
..................V.R....................V.S......p.............V......................V........
..............V......................V........p.............V.T..,.................V.U..,.....!.
..........V.V..,.....!...........V.W..,..............

Client->GAME [13:05:51 07/15/09] packet size: 1 CRYPTED, Flags: 2f ServerSeq: 6 ClientSeq: 6
02 
.

GAME->Client [13:05:51 07/15/09] packet size: 709 CRYPTED, Flags: 1f ServerSeq: 8 ClientSeq: 5
02 03 01 00 02 13 00 0d 00 02 0c f6 6b 12 25 47 00 20 8a c4 c7 5f 04 c7 01 00 02 12 00 09 00 02 
08 2c 94 20 47 00 20 8a c4 a6 28 04 c7 01 00 0c 57 02 3f cd ab 12 8e 47 6f 6c 64 20 42 6c 6f 6f 
64 20 43 6c 61 76 69 67 65 72 00 00 00 00 00 00 00 00 00 00 00 00 00 00 10 00 00 22 c4 98 01 80 
d1 d6 09 00 58 0a 00 00 00 f0 fe b2 e4 40 00 00 00 00 00 44 91 c0 00 00 00 98 c4 7e dc c0 c0 01 
83 01 02 a8 0b e7 01 b2 09 e7 01 07 08 00 00 81 b9 02 00 00 02 02 05 00 00 01 00 0c 57 02 40 cd 
ab 13 8e 47 6f 6c 64 20 42 6c 6f 6f 64 20 47 75 61 72 64 00 00 00 00 00 00 00 00 00 00 00 00 00 
00 00 00 00 10 00 00 22 d4 a8 5d 1c 00 c6 01 80 d1 d7 09 00 58 0a 00 00 00 3c ae 7c e4 40 00 00 
00 00 00 44 91 c0 00 00 00 90 d4 df db c0 c0 01 83 01 01 a8 0b 8a 02 b2 04 8a 02 07 08 00 00 81 
b9 02 00 00 02 02 03 00 00 00 00 04 01 00 30 13 16 80 bc 56 00 58 0b 00 2c b3 00 00 07 04 02 00 
00 00 01 00 00 00 00 16 80 bc 56 00 59 0b 00 2c b3 00 00 b5 00 21 00 00 00 01 00 00 00 00 16 80 
bc 56 00 98 0b 00 2c b3 00 00 17 04 01 00 00 00 00 00 00 00 00 16 80 bc 56 00 99 0b 00 2c b3 00 
00 b4 00 21 00 00 00 00 00 00 00 00 16 80 bc 56 00 9a 0b 00 2c b3 00 00 09 04 21 00 00 00 00 00 
00 00 00 16 80 bc 56 00 9b 0b 00 2c b3 00 00 12 04 02 00 00 00 00 00 00 00 00 16 80 bc 56 00 9c 
0b 00 2c b3 00 00 07 04 02 00 00 00 00 00 00 00 00 16 80 bc 56 00 9d 0b 00 2c b3 00 00 b5 00 21 
00 00 00 00 00 00 00 00 16 80 bc 56 00 5a 0b 00 c3 b2 00 00 89 02 02 00 00 00 01 00 00 00 00 16 
80 bc 56 00 5b 0b 00 c3 b2 00 00 21 04 02 00 00 00 01 00 00 00 00 16 80 bc 56 00 5c 0b 00 c3 b2 
00 00 b4 00 1f 00 00 00 01 00 00 00 00 16 80 bc 56 00 5d 0b 00 c3 b2 00 00 09 04 1f 00 00 00 01 
00 00 00 00 16 80 bc 56 00 5e 0b 00 c3 b2 00 00 1e 04 01 00 00 00 01 00 00 00 00 16 80 bc 56 00 
5f 0b 00 c3 b2 00 00 9d 00 1f 00 00 00 01 00 00 00 00 16 80 bc 56 00 9e 0b 00 c3 b2 00 00 89 02 
02 00 00 00 00 00 00 00 00 16 80 bc 56 00 9f 0b 00 c3 b2 00 00 21 04 02 00 00 00 00 00 00 00 00 
16 80 bc 56 00 a0 0b 00 c3 b2 00 00 b4 00 1f 00 00 00 00 00 00 00 00 16 80 bc 56 00 a1 0b 00 c3 
b2 00 00 09 04 1f 00 00 00 00 00 00 00 00 16 80 bc 56 00 a2 0b 00 c3 b2 00 00 1e 04 01 00 00 00 
00 00 00 00 00 
............k.%G. ..._...........,. G. ...(.....W.?....Gold Blood Claviger................."....
....X........@.....D.......~................................W.@....Gold Blood Guard.............
......."..].........X....<.|.@.....D..........................................0....V.X..,.......
..........V.Y..,.....!...........V....,.................V....,.....!...........V....,.....!.....
......V....,.................V....,.................V....,.....!...........V.Z..................
..V.[......!.............V.\....................V.]....................V.^....................V.
_....................V......................V........!.............V......................V.....
.................V...................

Client->GAME [13:05:51 07/15/09] packet size: 1 CRYPTED, Flags: 5f ServerSeq: 7 ClientSeq: 7
02 
.

Client->GAME [13:05:51 07/15/09] packet size: 1 CRYPTED, Flags: 3f ServerSeq: 8 ClientSeq: 8
02 
.

