Client->GAME [15:46:53 07/15/09] packet size: 25 CRYPTED, Flags: 7f ServerSeq: 1 ClientSeq: 140
02 04 01 00 1d 01 12 81 8e 13 00 00 00 03 00 00 00 07 00 00 00 03 00 00 00 
.........................

GAME->Client [15:46:53 07/15/09] packet size: 21 CRYPTED, Flags: 7f ServerSeq: 98 ClientSeq: 11
02 03 0b 00 02 0c 19 30 ce 8c c6 80 36 e0 42 61 b7 3d 46 00 00 
.......0....6.Ba.=F..

Client->GAME [15:46:53 07/15/09] packet size: 1 CRYPTED, Flags: 7f ServerSeq: 2 ClientSeq: 141
02 
.

GAME->Client [15:46:53 07/15/09] packet size: 696 CRYPTED, Flags: 7f ServerSeq: 99 ClientSeq: 12
02 04 01 01 24 1e 16 80 bc 11 00 ed 01 00 00 00 00 00 cb 02 00 00 00 00 01 00 00 00 00 16 80 bc 
09 00 ee 01 00 ca 00 00 00 ca 00 e9 ff ff ff 01 24 64 5a 43 16 80 bc 56 00 ef 01 00 0a 95 00 00 
06 04 02 00 00 00 01 00 00 00 00 16 80 bc 56 00 f0 01 00 0a 95 00 00 b4 00 11 00 00 00 01 00 00 
00 00 16 80 bc 56 00 f1 01 00 0a 95 00 00 b5 00 11 00 00 00 01 00 00 00 00 16 80 bc 56 00 f2 01 
00 0a 95 00 00 07 04 02 00 00 00 01 00 00 00 00 16 80 bc 56 00 f3 01 00 8a b2 00 00 23 04 02 00 
00 00 01 00 00 00 00 16 80 bc 56 00 f4 01 00 8a b2 00 00 21 04 01 00 00 00 01 00 00 00 00 16 80 
bc 56 00 f5 01 00 8a b2 00 00 b4 00 1d 00 00 00 01 00 00 00 00 16 80 bc 56 00 f6 01 00 8a b2 00 
00 09 04 1d 00 00 00 01 00 00 00 00 16 80 bc 56 00 f7 01 00 8a b2 00 00 9d 00 1d 00 00 00 01 00 
00 00 00 16 80 bc 56 00 f8 01 00 8a b2 00 00 06 04 01 00 00 00 01 00 00 00 00 16 80 bc 56 00 f9 
01 00 24 b3 00 00 89 02 02 00 00 00 01 00 00 00 00 16 80 bc 56 00 fa 01 00 24 b3 00 00 1a 04 01 
00 00 00 01 00 00 00 00 16 80 bc 56 00 fb 01 00 24 b3 00 00 b4 00 21 00 00 00 01 00 00 00 00 16 
80 bc 56 00 fc 01 00 24 b3 00 00 09 04 21 00 00 00 01 00 00 00 00 16 80 bc 56 00 fd 01 00 24 b3 
00 00 15 04 02 00 00 00 01 00 00 00 00 16 80 bc 56 00 fe 01 00 24 b3 00 00 b5 00 21 00 00 00 01 
00 00 00 00 16 80 bc 56 00 ff 01 00 95 a7 00 00 b4 00 12 00 00 00 01 00 00 00 00 16 80 bc 56 00 
00 02 00 95 a7 00 00 b5 00 12 00 00 00 01 00 00 00 00 16 80 bc 56 00 01 02 00 95 a7 00 00 09 04 
12 00 00 00 01 00 00 00 00 16 80 bc 56 00 02 02 00 95 a7 00 00 70 00 0f 00 00 00 01 00 00 00 00 
16 80 bc 56 00 03 02 00 2c b3 00 00 17 04 01 00 00 00 01 00 00 00 00 16 80 bc 56 00 04 02 00 2c 
b3 00 00 b4 00 21 00 00 00 01 00 00 00 00 16 80 bc 56 00 05 02 00 2c b3 00 00 09 04 21 00 00 00 
01 00 00 00 00 16 80 bc 56 00 06 02 00 2c b3 00 00 12 04 02 00 00 00 01 00 00 00 00 16 80 bc 56 
00 07 02 00 2c b3 00 00 07 04 02 00 00 00 01 00 00 00 00 16 80 bc 56 00 08 02 00 2c b3 00 00 b5 
00 21 00 00 00 01 00 00 00 00 16 80 bc 56 00 09 02 00 c3 b2 00 00 89 02 02 00 00 00 01 00 00 00 
00 16 80 bc 56 00 0a 02 00 c3 b2 00 00 21 04 02 00 00 00 01 00 00 00 00 
....$...........................................$dZC...V......................V.................
.....V......................V......................V........#.............V........!............
.V......................V......................V......................V......................V..
..$.................V....$.................V....$.....!...........V....$.....!...........V....$.
................V....$.....!...........V......................V......................V..........
............V........p.............V....,.................V....,.....!...........V....,.....!...
........V....,.................V....,.................V....,.....!...........V..................
....V........!..........

Client->GAME [15:46:53 07/15/09] packet size: 1 CRYPTED, Flags: 7f ServerSeq: 3 ClientSeq: 142
02 
.

GAME->Client [15:46:53 07/15/09] packet size: 696 CRYPTED, Flags: 7f ServerSeq: 100 ClientSeq: 13
02 04 01 01 42 1e 16 80 bc 56 00 0b 02 00 c3 b2 00 00 b4 00 1f 00 00 00 01 00 00 00 00 16 80 bc 
56 00 0c 02 00 c3 b2 00 00 09 04 1f 00 00 00 01 00 00 00 00 16 80 bc 56 00 0d 02 00 c3 b2 00 00 
1e 04 01 00 00 00 01 00 00 00 00 16 80 bc 56 00 0e 02 00 c3 b2 00 00 9d 00 1f 00 00 00 01 00 00 
00 00 16 80 bc 55 00 18 02 00 02 00 00 00 cc 00 0c 00 00 00 01 00 00 00 00 16 80 bc 55 00 22 02 
00 0b 00 00 00 37 02 96 00 00 00 01 00 00 00 00 16 80 bc 55 00 23 02 00 2d 00 00 00 23 04 0a 00 
00 00 01 00 00 00 00 16 80 bc 55 00 24 02 00 2d 00 00 00 20 04 0a 00 00 00 01 00 00 00 00 16 80 
bc 55 00 25 02 00 2d 00 00 00 19 04 05 00 00 00 01 00 00 00 00 16 80 bc 55 00 26 02 00 2d 00 00 
00 42 04 05 00 00 00 01 00 00 00 00 16 80 bc 55 00 27 02 00 34 00 00 00 83 02 c8 00 00 00 01 00 
00 00 00 16 80 bc 55 00 28 02 00 4b 00 00 00 1f 04 19 00 00 00 01 00 00 00 00 16 80 bc 55 00 29 
02 00 5f 00 00 00 7c 04 0f 00 00 00 01 00 00 00 00 16 80 bc 55 00 2a 02 00 5f 00 00 00 07 04 0f 
00 00 00 01 00 00 00 00 16 80 bc 55 00 2b 02 00 62 00 00 00 06 04 01 00 00 00 01 00 00 00 00 16 
80 bc 55 00 2c 02 00 62 00 00 00 15 04 01 00 00 00 01 00 00 00 00 16 80 bc 55 00 2d 02 00 5a 01 
00 00 07 04 05 00 00 00 01 00 00 00 00 16 80 bc 55 00 2e 02 00 5a 01 00 00 1d 04 0f 00 00 00 01 
00 00 00 00 16 80 bc 55 00 2f 02 00 64 01 00 00 1f 04 05 00 00 00 01 00 00 00 00 16 80 bc 55 00 
30 02 00 66 01 00 00 7b 04 05 00 00 00 01 00 00 00 00 16 80 bc 55 00 31 02 00 66 01 00 00 12 04 
0a 00 00 00 01 00 00 00 00 16 80 bc 55 00 32 02 00 66 01 00 00 06 04 0b 00 00 00 01 00 00 00 00 
16 80 bc 55 00 33 02 00 8e 01 00 00 03 04 05 00 00 00 01 00 00 00 00 16 80 bc 55 00 34 02 00 8e 
01 00 00 12 04 0f 00 00 00 01 00 00 00 00 16 80 bc 55 00 35 02 00 8e 01 00 00 77 04 05 00 00 00 
01 00 00 00 00 16 80 bc 55 00 36 02 00 cd 01 00 00 e5 03 05 00 00 00 01 00 00 00 00 16 80 bc 55 
00 37 02 00 cd 01 00 00 73 04 05 00 00 00 01 00 00 00 00 16 80 bc 55 00 38 02 00 cd 01 00 00 e3 
03 0f 00 00 00 01 00 00 00 00 16 80 bc 55 00 39 02 00 d5 01 00 00 e3 03 05 00 00 00 01 00 00 00 
00 16 80 bc 55 00 3a 02 00 36 02 00 00 37 02 0a 00 00 00 01 00 00 00 00 
....B....V......................V......................V......................V.................
.....U......................U."......7.............U.#..-...#.............U.$..-... ............
.U.%..-.................U.&..-...B.............U.'..4.................U.(..K.................U.)
.._...|.............U.*.._.................U.+..b.................U.,..b.................U.-..Z.
................U....Z.................U./..d.................U.0..f...{.............U.1..f.....
............U.2..f.................U.3....................U.4....................U.5......w.....
........U.6....................U.7......s.............U.8....................U.9................
....U.:..6...7..........

Client->GAME [15:46:53 07/15/09] packet size: 1 CRYPTED, Flags: 7f ServerSeq: 4 ClientSeq: 143
02 
.

GAME->Client [15:46:53 07/15/09] packet size: 710 CRYPTED, Flags: 7f ServerSeq: 101 ClientSeq: 14
02 04 02 01 60 03 16 80 bc 55 00 3b 02 00 74 02 00 00 34 02 1e 00 00 00 01 00 00 00 00 16 80 bc 
15 00 3c 02 00 11 00 00 00 ab 00 0d 00 00 00 01 00 00 00 00 16 80 bc 15 00 3d 02 00 11 00 00 00 
0a 02 47 00 00 00 01 00 00 00 00 01 63 1e 16 80 bc 15 00 3e 02 00 11 00 00 00 f2 03 33 00 00 00 
01 00 00 00 00 16 80 bc 15 00 3f 02 00 11 00 00 00 ed 03 4a 00 00 00 01 00 00 00 00 16 80 bc 15 
00 40 02 00 11 00 00 00 9f 00 18 00 00 00 01 00 00 00 00 16 80 bc 15 00 41 02 00 11 00 00 00 f1 
03 33 00 00 00 01 00 00 00 00 16 80 bc 15 00 42 02 00 11 00 00 00 0c 02 33 00 00 00 01 00 00 00 
00 16 80 bc 15 00 43 02 00 11 00 00 00 b7 00 47 00 00 00 01 00 00 00 00 16 80 bc 15 00 44 02 00 
11 00 00 00 f3 03 40 00 00 00 01 00 00 00 00 0b 80 bd 05 11 00 00 00 00 00 00 00 16 80 bc 15 00 
45 02 00 11 00 00 00 ab 00 0c 00 00 00 00 00 00 00 00 16 80 bc 15 00 46 02 00 11 00 00 00 0a 02 
44 00 00 00 00 00 00 00 00 16 80 bc 15 00 47 02 00 11 00 00 00 f2 03 30 00 00 00 00 00 00 00 00 
16 80 bc 15 00 48 02 00 11 00 00 00 ed 03 48 00 00 00 00 00 00 00 00 16 80 bc 15 00 49 02 00 11 
00 00 00 9f 00 18 00 00 00 00 00 00 00 00 16 80 bc 15 00 4a 02 00 11 00 00 00 f1 03 30 00 00 00 
00 00 00 00 00 16 80 bc 15 00 4b 02 00 11 00 00 00 0c 02 33 00 00 00 00 00 00 00 00 16 80 bc 15 
00 4c 02 00 11 00 00 00 b7 00 40 00 00 00 00 00 00 00 00 16 80 bc 15 00 4d 02 00 11 00 00 00 f3 
03 40 00 00 00 00 00 00 00 00 0b 80 bd 05 11 00 00 00 00 00 00 01 16 80 bc 15 00 45 02 00 11 00 
00 00 ab 00 0c 00 00 00 01 00 00 00 00 16 80 bc 15 00 46 02 00 11 00 00 00 0a 02 44 00 00 00 01 
00 00 00 00 16 80 bc 15 00 47 02 00 11 00 00 00 f2 03 30 00 00 00 01 00 00 00 00 16 80 bc 15 00 
48 02 00 11 00 00 00 ed 03 48 00 00 00 01 00 00 00 00 16 80 bc 15 00 49 02 00 11 00 00 00 9f 00 
18 00 00 00 01 00 00 00 00 16 80 bc 15 00 4a 02 00 11 00 00 00 f1 03 30 00 00 00 01 00 00 00 00 
16 80 bc 15 00 4b 02 00 11 00 00 00 0c 02 33 00 00 00 01 00 00 00 00 16 80 bc 15 00 4c 02 00 11 
00 00 00 b7 00 40 00 00 00 01 00 00 00 00 16 80 bc 15 00 4d 02 00 11 00 00 00 f3 03 40 00 00 00 
01 00 00 00 00 04 80 b3 11 00 16 80 bc 45 03 11 00 00 02 00 00 00 11 00 32 00 00 00 01 00 00 00 
00 04 80 b3 35 04 
....`....U.;..t...4...............<......................=........G.........c......>........3...
..........?........J.............@......................A........3.............B........3.......
......C........G.............D........@.........................E......................F........
D.............G........0.............H........H.............I......................J........0...
..........K........3.............L........@.............M........@.........................E....
..................F........D.............G........0.............H........H.............I........
..............J........0.............K........3.............L........@.............M........@...
.............E..........2...........5.

Client->GAME [15:46:53 07/15/09] packet size: 1 CRYPTED, Flags: 7f ServerSeq: 5 ClientSeq: 144
02 
.

GAME->Client [15:46:53 07/15/09] packet size: 144 CRYPTED, Flags: 7f ServerSeq: 102 ClientSeq: 15
02 04 01 01 81 0a 16 80 bc 45 03 35 04 00 62 00 00 00 35 04 00 00 00 00 01 00 00 00 00 04 80 b3 
3d 04 16 80 bc 45 03 3d 04 00 43 00 00 00 3d 04 00 00 00 00 01 00 00 00 00 04 80 b3 3e 04 16 80 
bc 45 03 3e 04 00 4f 01 00 00 3e 04 00 00 00 00 01 00 00 00 00 04 80 b3 3f 04 16 80 bc 45 03 3f 
04 00 64 01 00 00 3f 04 00 00 00 00 01 00 00 00 00 04 80 b3 40 04 16 80 bc 45 03 40 04 00 d5 01 
00 00 40 04 00 00 00 00 01 00 00 00 00 02 81 07 
.........E.5..b...5.............=....E.=..C...=.............>....E.>..O...>.............?....E.?
..d...?.............@....E.@......@.............

Client->GAME [15:46:53 07/15/09] packet size: 13 CRYPTED, Flags: 7f ServerSeq: 6 ClientSeq: 145
02 04 01 00 1e 01 06 81 08 00 00 00 00 
.............

GAME->Client [15:46:53 07/15/09] packet size: 1 CRYPTED, Flags: 7f ServerSeq: 103 ClientSeq: 1
02 
.

GAME->Client [15:46:54 07/15/09] packet size: 5 CRYPTED, Flags: 7f ServerSeq: 104 ClientSeq: 1
c2 25 3c 00 49 
.%<.I

Client->GAME [15:46:54 07/15/09] packet size: 1 CRYPTED, Flags: 7f ServerSeq: 8 ClientSeq: 146
02 
.

Client->GAME [15:46:54 07/15/09] packet size: 1 CRYPTED, Flags: 7f ServerSeq: 8 ClientSeq: 147
42 
B

GAME->Client [15:46:54 07/15/09] packet size: 1 CRYPTED, Flags: 7f ServerSeq: 105 ClientSeq: 1
42 
B

GAME->Client [15:46:54 07/15/09] packet size: 1 CRYPTED, Flags: 7f ServerSeq: 106 ClientSeq: 2
42 
B

Client->GAME [15:46:54 07/15/09] packet size: 13 CRYPTED, Flags: 0 ServerSeq: 0 ClientSeq: 1
22 04 01 00 00 01 06 81 51 00 00 00 00 
".......Q....

GAME->Client [15:46:54 07/15/09] packet size: 142 CRYPTED, Flags: 0 ServerSeq: 1 ClientSeq: 0
82 2b 3c 00 49 04 01 00 00 03 6d 06 0e 00 03 00 00 00 2b 3c 00 49 01 42 00 32 00 72 65 73 6f 75 
72 63 65 2f 77 6f 72 6c 64 73 2f 66 69 6e 61 6c 5f 77 6f 72 6c 64 2f 69 6e 74 65 72 6e 61 74 69 
6f 6e 61 6c 2f 69 74 2e 6d 65 74 72 00 29 00 48 61 6c 6c 6f 77 65 65 6e 5f 45 76 65 6e 74 2c 57 
69 6e 74 65 72 33 50 6c 75 73 48 61 6c 6c 6f 77 65 65 6e 54 53 45 43 00 0a 80 e5 e7 cb c0 12 00 
00 00 00 0a 80 e4 bc 58 7a 00 00 00 00 00 
.+<.I.....m.......+<.I.B.2.resource/worlds/final_world/international/it.metr.).Halloween_Event,W
inter3PlusHalloweenTSEC................Xz.....

Client->GAME [15:46:54 07/15/09] packet size: 6 CRYPTED, Flags: 1 ServerSeq: 1 ClientSeq: 2
02 05 02 0c 00 00 
......

GAME->Client [15:46:55 07/15/09] packet size: 72 CRYPTED, Flags: 3 ServerSeq: 2 ClientSeq: 2
02 04 01 00 03 01 41 81 67 17 00 27 00 1c 22 00 c6 01 11 00 00 00 00 00 00 00 37 00 00 08 0e 00 
41 66 74 65 72 57 68 6f 72 75 4e 65 6f 00 0e 00 41 66 74 65 72 57 68 6f 72 75 4e 65 6f 00 02 00 
44 00 00 00 00 00 00 00 
......A.g..'.."...........7.....AfterWhoruNeo...AfterWhoruNeo...D.......

GAME->Client [15:46:56 07/15/09] packet size: 72 CRYPTED, Flags: 3 ServerSeq: 3 ClientSeq: 2
02 04 01 00 03 01 41 81 67 17 00 27 00 1c 22 00 c6 01 11 00 00 00 00 00 00 00 37 00 00 08 0e 00 
41 66 74 65 72 57 68 6f 72 75 4e 65 6f 00 0e 00 41 66 74 65 72 57 68 6f 72 75 4e 65 6f 00 02 00 
44 00 00 00 00 00 00 00 
......A.g..'.."...........7.....AfterWhoruNeo...AfterWhoruNeo...D.......

GAME->Client [15:46:57 07/15/09] packet size: 76 CRYPTED, Flags: 3 ServerSeq: 4 ClientSeq: 2
82 5b 3c 00 49 04 01 00 03 01 41 81 67 17 00 27 00 1c 22 00 c6 01 11 00 00 00 00 00 00 00 37 00 
00 08 0e 00 41 66 74 65 72 57 68 6f 72 75 4e 65 6f 00 0e 00 41 66 74 65 72 57 68 6f 72 75 4e 65 
6f 00 02 00 44 00 00 00 00 00 00 00 
.[<.I.....A.g..'.."...........7.....AfterWhoruNeo...AfterWhoruNeo...D.......

Client->GAME [15:46:57 07/15/09] packet size: 8 CRYPTED, Flags: 1 ServerSeq: 1 ClientSeq: 3
02 04 01 00 01 01 01 05 
........

Client->GAME [15:46:57 07/15/09] packet size: 13 CRYPTED, Flags: f ServerSeq: 4 ClientSeq: 4
02 04 01 00 00 01 06 81 51 00 00 00 00 
........Q....

GAME->Client [15:46:58 07/15/09] packet size: 265 CRYPTED, Flags: f ServerSeq: 5 ClientSeq: 4
02 03 01 00 0c 0c 00 0a cd ab 25 9b 81 ff 71 02 00 00 41 6e 64 65 72 73 6f 6e 00 00 00 00 00 00 
00 00 00 00 00 00 00 00 00 00 00 00 00 00 00 00 00 00 01 98 71 65 4d 1f 54 68 6f 6d 61 73 00 00 
00 00 00 00 00 00 00 00 00 00 00 00 00 00 00 00 00 00 00 00 00 00 00 00 80 f8 28 0a 0c 00 f0 20 
46 00 00 00 01 de 81 ff f7 00 31 5e 00 00 b0 72 48 3f 01 ce 67 00 41 66 74 65 72 57 68 6f 72 75 
4e 65 6f 00 00 00 00 00 00 00 00 00 00 00 00 00 00 00 00 00 00 00 00 00 00 c0 a1 bd f6 c0 00 00 
00 00 00 08 86 c0 00 00 00 40 db 87 e3 40 28 0a fd 64 01 00 00 67 00 75 d4 01 00 4b b1 00 00 00 
00 73 1a e9 88 80 60 04 00 02 8e 00 00 00 f7 00 dd 00 00 00 00 00 e6 e4 40 00 00 00 00 00 44 91 
c0 00 00 00 00 00 26 b6 c0 81 ff 32 22 b2 00 00 de b0 01 00 14 00 89 dd 76 4e 1f 80 1c 01 11 00 
00 00 67 00 02 00 00 00 00 
..........%...q...Anderson..........................qeM.Thomas............................(.... 
F.........1^...rH?..g.AfterWhoruNeo......................................@...@(..d...g.u...K....
.s....`.................@.....D.......&....2"...........vN........g......

Client->GAME [15:46:59 07/15/09] packet size: 55 CRYPTED, Flags: 1f ServerSeq: 5 ClientSeq: 5
02 03 02 00 02 60 08 41 6e 64 65 72 73 6f 6e 06 54 68 6f 6d 61 73 00 00 04 01 00 02 05 02 80 be 
07 3f 4e 00 10 00 00 00 08 3e 6b 00 10 00 00 00 00 02 81 48 02 0c 01 
.....`.Anderson.Thomas...........?N......>k........H...

GAME->Client [15:46:59 07/15/09] packet size: 731 CRYPTED, Flags: 1f ServerSeq: 6 ClientSeq: 5
02 03 01 00 0c 57 02 0b cd ab 11 8e 47 6f 6c 64 20 42 6c 6f 6f 64 20 42 72 6f 74 68 65 72 00 00 
00 00 00 00 00 00 00 00 00 00 00 00 00 10 00 00 22 d4 08 5f 1c 00 c6 01 80 c1 d8 09 00 58 00 00 
00 ac 1b 3f e6 40 00 00 00 00 00 44 91 c0 00 00 00 c0 42 a4 aa c0 c0 01 82 03 a8 0d 77 01 b2 09 
77 01 07 08 00 00 81 b5 02 00 00 02 03 23 00 00 01 00 08 69 95 43 00 80 14 a0 cd ab 02 09 00 00 
00 00 40 a7 e3 40 00 00 00 00 00 40 91 c0 00 00 00 00 00 9a c0 c0 00 00 00 00 f2 04 35 bf 00 00 
00 00 f3 04 35 3f 21 00 00 01 00 0c 57 02 0c cd ab 11 8e 47 6f 6c 64 20 42 6c 6f 6f 64 20 45 6e 
74 68 75 73 69 61 73 74 00 00 00 00 00 00 00 00 00 00 00 00 10 00 00 22 d4 f2 60 1c 00 c6 01 80 
c1 d7 09 00 58 00 00 00 1c 81 a5 e6 40 00 00 00 00 00 44 91 c0 00 00 00 00 32 5c b5 c0 c0 01 82 
02 a8 0d 32 02 b2 09 32 02 07 08 00 00 81 b5 02 00 00 02 03 1f 00 00 01 00 0c 57 02 0d cd ab 13 
8e 47 6f 6c 64 20 42 6c 6f 6f 64 20 43 68 61 6d 70 69 6f 6e 00 00 00 00 00 00 00 00 00 00 00 00 
00 00 10 00 00 22 d4 73 61 1c 00 c6 01 80 d1 d7 09 00 58 0a 00 00 00 58 5d fa e6 40 00 00 00 00 
00 44 91 c0 00 00 00 e0 d3 8b b4 c0 c0 01 83 01 01 a8 0d ee 02 b2 04 ee 02 07 08 00 00 81 b5 02 
00 00 02 03 1d 00 00 01 00 08 68 95 44 00 80 14 a1 cd ab 02 09 00 00 00 00 80 fe e2 40 00 00 00 
00 00 40 91 c0 00 00 00 00 00 b3 c0 c0 00 00 00 00 f2 04 35 3f 00 00 00 00 f3 04 35 3f 0d 00 00 
00 00 04 01 00 04 0c 16 80 bc 56 00 47 02 00 0a 95 00 00 06 04 02 00 00 00 01 00 00 00 00 16 80 
bc 56 00 48 02 00 0a 95 00 00 b4 00 11 00 00 00 01 00 00 00 00 16 80 bc 56 00 49 02 00 0a 95 00 
00 b5 00 11 00 00 00 01 00 00 00 00 16 80 bc 56 00 4a 02 00 0a 95 00 00 07 04 02 00 00 00 01 00 
00 00 00 16 80 bc 56 00 8c 02 00 0a 95 00 00 06 04 02 00 00 00 00 00 00 00 00 16 80 bc 56 00 8d 
02 00 0a 95 00 00 b4 00 11 00 00 00 00 00 00 00 00 16 80 bc 56 00 8e 02 00 0a 95 00 00 b5 00 11 
00 00 00 00 00 00 00 00 16 80 bc 56 00 8f 02 00 0a 95 00 00 07 04 02 00 00 00 00 00 00 00 00 16 
80 bc 56 00 4b 02 00 8a b2 00 00 23 04 02 00 00 00 01 00 00 00 00 16 80 bc 56 00 4c 02 00 8a b2 
00 00 21 04 01 00 00 00 01 00 00 00 00 16 80 bc 56 00 4d 02 00 8a b2 00 00 b4 00 1d 00 00 00 01 
00 00 00 00 16 80 bc 56 00 4e 02 00 8a b2 00 00 09 04 1d 00 00 00 01 00 00 00 00 
.....W......Gold Blood Brother..................".._.........X.....?.@.....D......B.........w...
w............#.....i.C............@..@.....@................5.......5?!.....W......Gold Blood En
thusiast..............."..`.........X.......@.....D......2\........2...2..................W.....
.Gold Blood Champion.................".sa.........X....X]..@.....D..............................
..........h.D...............@.....@................5?......5?.............V.G...................
.V.H....................V.I....................V.J....................V......................V..
....................V......................V......................V.K......#.............V.L....
..!.............V.M....................V.N.................

GAME->Client [15:46:59 07/15/09] packet size: 732 CRYPTED, Flags: 1f ServerSeq: 7 ClientSeq: 5
82 7a 3c 00 49 03 01 00 0c 57 02 09 cd ab 11 8e 47 6f 6c 64 20 42 6c 6f 6f 64 20 45 6e 74 68 75 
73 69 61 73 74 00 00 00 00 00 00 00 00 00 00 00 00 10 00 00 22 d4 8f 60 1c 00 c6 01 80 c1 d7 09 
00 58 00 00 00 d4 03 34 e7 40 00 00 00 00 00 44 91 c0 00 00 00 20 a4 1b c6 c0 c0 01 82 02 a8 0d 
32 02 b2 09 32 02 07 08 00 00 81 b5 02 00 00 02 03 1b 00 00 01 00 0c 57 02 0e cd ab 13 8e 47 6f 
6c 64 20 42 6c 6f 6f 64 20 45 6e 74 68 75 73 69 61 73 74 00 00 00 00 00 00 00 00 00 00 00 00 10 
00 00 22 d4 dc 60 1c 00 c6 01 80 d1 d6 09 00 58 0a 00 00 00 54 a0 dc e6 40 00 00 00 00 00 44 91 
c0 00 00 00 00 5c 03 8f c0 c0 01 83 01 02 a8 0d 32 02 b2 09 32 02 07 08 00 00 81 b5 02 00 00 02 
03 19 00 00 01 00 0c 57 02 08 cd ab 11 8e 47 6f 6c 64 20 42 6c 6f 6f 64 20 43 68 61 6d 70 69 6f 
6e 00 00 00 00 00 00 00 00 00 00 00 00 00 00 10 00 00 22 d4 9e 61 1c 00 c6 01 80 c1 d7 09 00 58 
00 00 00 74 36 2c e7 40 00 00 00 00 00 44 91 c0 00 00 00 a0 45 ae c6 c0 c0 01 82 01 a8 0d ee 02 
b2 04 ee 02 07 08 00 00 81 b5 02 00 00 02 03 17 00 00 01 00 0c 57 02 0f cd ab 12 8e 47 6f 6c 64 
20 42 6c 6f 6f 64 20 42 72 6f 74 68 65 72 00 00 00 00 00 00 00 00 00 00 00 00 00 00 00 10 00 00 
22 d4 2d 5f 1c 00 c6 01 80 c1 d8 09 00 58 00 00 00 e4 e3 75 e6 40 00 00 00 00 00 44 91 c0 00 00 
00 80 ef 74 a6 c0 c0 01 83 05 03 a8 0d 77 01 b2 09 77 01 07 08 00 00 81 b5 02 00 00 02 03 15 00 
00 00 00 04 01 00 10 0c 16 80 bc 56 00 4f 02 00 8a b2 00 00 9d 00 1d 00 00 00 01 00 00 00 00 16 
80 bc 56 00 50 02 00 8a b2 00 00 06 04 01 00 00 00 01 00 00 00 00 16 80 bc 56 00 90 02 00 8a b2 
00 00 23 04 02 00 00 00 00 00 00 00 00 16 80 bc 56 00 91 02 00 8a b2 00 00 21 04 01 00 00 00 00 
00 00 00 00 16 80 bc 56 00 92 02 00 8a b2 00 00 b4 00 1d 00 00 00 00 00 00 00 00 16 80 bc 56 00 
93 02 00 8a b2 00 00 09 04 1d 00 00 00 00 00 00 00 00 16 80 bc 56 00 94 02 00 8a b2 00 00 9d 00 
1d 00 00 00 00 00 00 00 00 16 80 bc 56 00 95 02 00 8a b2 00 00 06 04 01 00 00 00 00 00 00 00 00 
16 80 bc 56 00 51 02 00 24 b3 00 00 89 02 02 00 00 00 01 00 00 00 00 16 80 bc 56 00 52 02 00 24 
b3 00 00 1a 04 01 00 00 00 01 00 00 00 00 16 80 bc 56 00 53 02 00 24 b3 00 00 b4 00 21 00 00 00 
01 00 00 00 00 16 80 bc 56 00 54 02 00 24 b3 00 00 09 04 21 00 00 00 01 00 00 00 00 
.z<.I....W......Gold Blood Enthusiast..............."..`.........X.....4.@.....D..... ..........
2...2..................W......Gold Blood Enthusiast..............."..`.........X....T...@.....D.
.....\..........2...2..................W......Gold Blood Champion................."..a.........X
...t6,.@.....D......E................................W......Gold Blood Brother..................
".-_.........X.....u.@.....D.......t.........w...w.........................V.O..................
..V.P....................V........#.............V........!.............V......................V.
.....................V......................V......................V.Q..$.................V.R..$
.................V.S..$.....!...........V.T..$.....!........

Client->GAME [15:46:59 07/15/09] packet size: 1 CRYPTED, Flags: 7f ServerSeq: 7 ClientSeq: 6
02 
.

GAME->Client [15:46:59 07/15/09] packet size: 730 CRYPTED, Flags: 1f ServerSeq: 8 ClientSeq: 5
02 03 01 00 02 12 00 19 00 02 08 ec d4 36 47 00 20 8a c4 c0 cd 74 c4 01 00 02 14 00 15 00 02 0e 
00 24 1f af 33 47 00 20 8a c4 7c a7 33 c5 01 00 0c 57 02 10 cd ab 13 8e 47 6f 6c 64 20 42 6c 6f 
6f 64 20 43 68 61 6d 70 69 6f 6e 00 00 00 00 00 00 00 00 00 00 00 00 00 00 10 00 00 22 d4 82 61 
1c 00 c6 01 80 d1 d7 09 00 58 0a 00 00 00 80 5d fd e6 40 00 00 00 00 00 44 91 c0 00 00 00 00 38 
12 98 c0 c0 01 83 01 01 a8 0d ee 02 b2 04 ee 02 07 08 00 00 81 b5 02 00 00 02 03 13 00 00 01 00 
0c 57 02 11 cd ab 11 8e 47 6f 6c 64 20 42 6c 6f 6f 64 20 43 68 61 6d 70 69 6f 6e 00 00 00 00 00 
00 00 00 00 00 00 00 00 00 10 00 00 22 d4 1d 61 1c 00 c6 01 80 c1 d7 09 00 58 00 00 00 90 d5 5e 
e6 40 00 00 00 00 00 44 91 c0 00 00 00 80 be 57 a1 c0 c0 01 82 01 a8 0d ee 02 b2 04 ee 02 07 08 
00 00 81 b5 02 00 00 02 03 11 00 00 01 00 0c 57 02 12 cd ab 12 8e 47 6f 6c 64 20 42 6c 6f 6f 64 
20 43 68 61 6d 70 69 6f 6e 00 00 00 00 00 00 00 00 00 00 00 00 00 00 10 00 00 22 d4 88 61 1c 00 
c6 01 80 c1 d7 09 00 58 00 00 00 31 8d d7 e4 40 00 00 00 00 00 44 91 c0 00 00 00 00 44 d5 75 c0 
c0 01 83 05 01 a8 0d ee 02 b2 04 ee 02 07 08 00 00 81 b5 02 00 00 02 03 0f 00 00 01 00 08 50 02 
f4 09 e0 03 b3 cd ab 02 09 00 00 00 00 00 e6 e4 40 00 00 00 00 00 a4 90 c0 00 00 00 00 00 c2 b5 
c0 00 00 00 00 00 00 80 3f 00 00 00 00 2e bd 3b b3 0b 00 00 01 00 08 a1 1b 42 00 80 14 0e cd ab 
02 09 00 00 00 20 9a c4 e3 40 00 00 00 00 00 3c 91 c0 00 00 00 80 2e 5b bd c0 00 00 00 00 c8 26 
74 bf 00 00 00 00 1e f6 99 3e 07 00 00 00 00 04 01 00 1c 0a 16 80 bc 56 00 55 02 00 24 b3 00 00 
15 04 02 00 00 00 01 00 00 00 00 16 80 bc 56 00 56 02 00 24 b3 00 00 b5 00 21 00 00 00 01 00 00 
00 00 16 80 bc 56 00 96 02 00 24 b3 00 00 89 02 02 00 00 00 00 00 00 00 00 16 80 bc 56 00 97 02 
00 24 b3 00 00 1a 04 01 00 00 00 00 00 00 00 00 16 80 bc 56 00 98 02 00 24 b3 00 00 b4 00 21 00 
00 00 00 00 00 00 00 16 80 bc 56 00 99 02 00 24 b3 00 00 09 04 21 00 00 00 00 00 00 00 00 16 80 
bc 56 00 9a 02 00 24 b3 00 00 15 04 02 00 00 00 00 00 00 00 00 16 80 bc 56 00 9b 02 00 24 b3 00 
00 b5 00 21 00 00 00 00 00 00 00 00 16 80 bc 56 00 57 02 00 95 a7 00 00 b4 00 12 00 00 00 01 00 
00 00 00 16 80 bc 56 00 58 02 00 95 a7 00 00 b5 00 12 00 00 00 01 00 00 00 00 
.............6G. ....t...........$..3G. ..|.3....W......Gold Blood Champion................."..a
.........X.....]..@.....D......8.................................W......Gold Blood Champion.....
............"..a.........X.....^.@.....D.......W...............................W......Gold Blood
 Champion................."..a.........X...1...@.....D......D.u...............................P.
................@.......................?......;.........B........... ...@.....<.......[.......&
t........>.............V.U..$.................V.V..$.....!...........V....$.................V...
.$.................V....$.....!...........V....$.....!...........V....$.................V....$..
...!...........V.W....................V.X.................

Client->GAME [15:46:59 07/15/09] packet size: 1 CRYPTED, Flags: 7f ServerSeq: 8 ClientSeq: 7
02 
.

Client->GAME [15:46:59 07/15/09] packet size: 63 CRYPTED, Flags: 7f ServerSeq: 8 ClientSeq: 8
02 04 01 00 07 03 12 80 c9 07 00 c0 0a 00 68 3f 47 00 c0 94 c4 00 00 7a c4 12 80 c9 0e 00 c0 0a 
00 68 3f 47 00 c0 94 c4 00 60 6a c6 12 80 c9 07 00 10 11 00 28 20 47 00 c0 94 c4 00 00 7a 44 
..............h?G......z.........h?G.....`j.........( G......zD

GAME->Client [15:46:59 07/15/09] packet size: 710 CRYPTED, Flags: 3f ServerSeq: 9 ClientSeq: 6
02 03 01 00 02 12 00 13 00 02 08 d1 e9 37 47 00 20 8a c4 68 61 c3 c4 01 00 02 14 00 0f 00 02 0e 
00 7e 6a bc 26 47 00 20 8a c4 20 aa ae c3 01 00 0c 57 02 13 cd ab 13 8e 47 6f 6c 64 20 42 6c 6f 
6f 64 20 45 6e 74 68 75 73 69 61 73 74 00 00 00 00 00 00 00 00 00 00 00 00 10 00 00 22 d4 73 60 
1c 00 c6 01 80 d1 d9 09 00 58 0a 00 00 00 54 29 77 e6 40 00 00 00 00 00 44 91 c0 00 00 00 00 e1 
3a ae c0 c0 01 83 01 02 a8 0d 32 02 b2 09 32 02 07 08 00 00 81 b5 02 00 00 02 03 09 00 00 01 00 
08 d0 20 fc 09 e0 03 10 cd ab 08 fd 00 00 00 00 40 5d e7 40 00 00 00 00 00 44 91 c0 00 00 00 00 
00 44 b6 c0 41 6d 65 74 68 79 73 74 00 00 00 00 00 00 00 00 00 00 00 00 00 00 00 00 00 00 00 00 
00 00 00 00 00 00 00 00 00 00 00 00 00 00 00 00 00 00 00 00 00 00 00 00 00 00 00 00 00 00 00 00 
00 00 00 00 02 00 00 3a 00 f9 0a 00 58 00 00 03 00 00 00 00 00 5c 83 6c 3f 00 00 00 00 17 ef c3 
3e 05 00 00 01 00 0c 57 02 14 cd ab 13 8e 47 6f 6c 64 20 42 6c 6f 6f 64 20 45 6e 74 68 75 73 69 
61 73 74 00 00 00 00 00 00 00 00 00 00 00 00 10 00 00 22 d4 e0 60 1c 00 c6 01 80 d1 d6 09 00 58 
0a 00 00 00 82 d7 f4 e4 40 00 00 00 00 00 44 91 c0 00 00 00 00 1c 2b 72 c0 c0 01 83 01 02 a8 0d 
32 02 b2 09 32 02 07 08 00 00 81 b5 02 00 00 02 03 03 00 00 00 00 04 01 00 26 0d 16 80 bc 56 00 
59 02 00 95 a7 00 00 09 04 12 00 00 00 01 00 00 00 00 16 80 bc 56 00 5a 02 00 95 a7 00 00 70 00 
0f 00 00 00 01 00 00 00 00 16 80 bc 56 00 9c 02 00 95 a7 00 00 b4 00 12 00 00 00 00 00 00 00 00 
16 80 bc 56 00 9d 02 00 95 a7 00 00 b5 00 12 00 00 00 00 00 00 00 00 16 80 bc 56 00 9e 02 00 95 
a7 00 00 09 04 12 00 00 00 00 00 00 00 00 16 80 bc 56 00 9f 02 00 95 a7 00 00 70 00 0f 00 00 00 
00 00 00 00 00 16 80 bc 56 00 5b 02 00 2c b3 00 00 17 04 01 00 00 00 01 00 00 00 00 16 80 bc 56 
00 5c 02 00 2c b3 00 00 b4 00 21 00 00 00 01 00 00 00 00 16 80 bc 56 00 5d 02 00 2c b3 00 00 09 
04 21 00 00 00 01 00 00 00 00 16 80 bc 56 00 5e 02 00 2c b3 00 00 12 04 02 00 00 00 01 00 00 00 
00 16 80 bc 56 00 5f 02 00 2c b3 00 00 07 04 02 00 00 00 01 00 00 00 00 16 80 bc 56 00 60 02 00 
2c b3 00 00 b5 00 21 00 00 00 01 00 00 00 00 16 80 bc 56 00 a0 02 00 2c b3 00 00 17 04 01 00 00 
00 00 00 00 00 00 
.............7G. ..ha............~j.&G. .. ......W......Gold Blood Enthusiast...............".s`
.........X....T)w.@.....D.......:.........2...2................... .............@].@.....D......
.D..Amethyst...........................................................:....X........\.l?.......
>......W......Gold Blood Enthusiast..............."..`.........X........@.....D.......+r........
2...2....................&....V.Y....................V.Z......p.............V...................
...V......................V......................V........p.............V.[..,.................V
.\..,.....!...........V.]..,.....!...........V.^..,.................V._..,.................V.`..
,.....!...........V....,..............

Client->GAME [15:46:59 07/15/09] packet size: 1 CRYPTED, Flags: 7f ServerSeq: 9 ClientSeq: 9
02 
.

GAME->Client [15:46:59 07/15/09] packet size: 696 CRYPTED, Flags: 7f ServerSeq: 10 ClientSeq: 7
02 03 1d 00 02 08 55 e8 37 47 00 20 8a c4 2b 51 a6 c5 15 00 02 0c 1e 1f af 33 47 00 20 8a c4 7c 
a7 33 c5 0f 00 02 0e 00 76 6a bc 26 47 00 20 8a c4 20 aa ae c3 00 00 04 02 00 33 10 16 80 bc 56 
00 a1 02 00 2c b3 00 00 b4 00 21 00 00 00 00 00 00 00 00 16 80 bc 56 00 a2 02 00 2c b3 00 00 09 
04 21 00 00 00 00 00 00 00 00 16 80 bc 56 00 a3 02 00 2c b3 00 00 12 04 02 00 00 00 00 00 00 00 
00 16 80 bc 56 00 a4 02 00 2c b3 00 00 07 04 02 00 00 00 00 00 00 00 00 16 80 bc 56 00 a5 02 00 
2c b3 00 00 b5 00 21 00 00 00 00 00 00 00 00 16 80 bc 56 00 61 02 00 c3 b2 00 00 89 02 02 00 00 
00 01 00 00 00 00 16 80 bc 56 00 62 02 00 c3 b2 00 00 21 04 02 00 00 00 01 00 00 00 00 16 80 bc 
56 00 63 02 00 c3 b2 00 00 b4 00 1f 00 00 00 01 00 00 00 00 16 80 bc 56 00 64 02 00 c3 b2 00 00 
09 04 1f 00 00 00 01 00 00 00 00 16 80 bc 56 00 65 02 00 c3 b2 00 00 1e 04 01 00 00 00 01 00 00 
00 00 16 80 bc 56 00 66 02 00 c3 b2 00 00 9d 00 1f 00 00 00 01 00 00 00 00 16 80 bc 56 00 a6 02 
00 c3 b2 00 00 89 02 02 00 00 00 00 00 00 00 00 16 80 bc 56 00 a7 02 00 c3 b2 00 00 21 04 02 00 
00 00 00 00 00 00 00 16 80 bc 56 00 a8 02 00 c3 b2 00 00 b4 00 1f 00 00 00 00 00 00 00 00 16 80 
bc 56 00 a9 02 00 c3 b2 00 00 09 04 1f 00 00 00 00 00 00 00 00 16 80 bc 56 00 aa 02 00 c3 b2 00 
00 1e 04 01 00 00 00 00 00 00 00 00 00 43 0c 16 80 bc 56 00 ab 02 00 c3 b2 00 00 9d 00 1f 00 00 
00 00 00 00 00 00 16 80 bc 15 00 82 02 00 11 00 00 00 ab 00 0d 00 00 00 01 00 00 00 00 16 80 bc 
15 00 83 02 00 11 00 00 00 0a 02 47 00 00 00 01 00 00 00 00 16 80 bc 15 00 84 02 00 11 00 00 00 
f2 03 33 00 00 00 01 00 00 00 00 16 80 bc 15 00 85 02 00 11 00 00 00 ed 03 4a 00 00 00 01 00 00 
00 00 16 80 bc 15 00 86 02 00 11 00 00 00 9f 00 18 00 00 00 01 00 00 00 00 16 80 bc 15 00 87 02 
00 11 00 00 00 f1 03 33 00 00 00 01 00 00 00 00 16 80 bc 15 00 88 02 00 11 00 00 00 0c 02 33 00 
00 00 01 00 00 00 00 16 80 bc 15 00 89 02 00 11 00 00 00 b7 00 47 00 00 00 01 00 00 00 00 16 80 
bc 15 00 8a 02 00 11 00 00 00 f3 03 40 00 00 00 01 00 00 00 00 0b 80 bd 05 11 00 00 00 00 00 00 
00 16 80 bc 15 00 ac 02 00 11 00 00 00 ab 00 0d 00 00 00 00 00 00 00 00 
......U.7G. ..+Q.........3G. ..|.3......vj.&G. .. ........3....V....,.....!...........V....,....
.!...........V....,.................V....,.................V....,.....!...........V.a...........
.........V.b......!.............V.c....................V.d....................V.e...............
.....V.f....................V......................V........!.............V.....................
.V......................V....................C....V.............................................
...........G......................3......................J......................................
.......3......................3......................G......................@...................
........................

Client->GAME [15:47:00 07/15/09] packet size: 1 CRYPTED, Flags: 7f ServerSeq: 10 ClientSeq: 10
02 
.

GAME->Client [15:47:00 07/15/09] packet size: 695 CRYPTED, Flags: 7f ServerSeq: 11 ClientSeq: 9
02 03 09 00 02 08 e5 c6 33 47 00 20 8a c4 fc 85 74 c5 00 00 04 01 00 4f 1f 16 80 bc 15 00 ad 02 
00 11 00 00 00 0a 02 48 00 00 00 00 00 00 00 00 16 80 bc 15 00 ae 02 00 11 00 00 00 f2 03 33 00 
00 00 00 00 00 00 00 16 80 bc 15 00 af 02 00 11 00 00 00 ed 03 4a 00 00 00 00 00 00 00 00 16 80 
bc 15 00 b0 02 00 11 00 00 00 9f 00 18 00 00 00 00 00 00 00 00 16 80 bc 15 00 b1 02 00 11 00 00 
00 f1 03 33 00 00 00 00 00 00 00 00 16 80 bc 15 00 b2 02 00 11 00 00 00 0c 02 33 00 00 00 00 00 
00 00 00 16 80 bc 15 00 b3 02 00 11 00 00 00 b7 00 48 00 00 00 00 00 00 00 00 16 80 bc 15 00 b4 
02 00 11 00 00 00 f3 03 41 00 00 00 00 00 00 00 00 0b 80 bd 05 11 00 00 00 00 00 00 01 16 80 bc 
15 00 ac 02 00 11 00 00 00 ab 00 0d 00 00 00 01 00 00 00 00 16 80 bc 15 00 ad 02 00 11 00 00 00 
0a 02 48 00 00 00 01 00 00 00 00 16 80 bc 15 00 ae 02 00 11 00 00 00 f2 03 33 00 00 00 01 00 00 
00 00 16 80 bc 15 00 af 02 00 11 00 00 00 ed 03 4a 00 00 00 01 00 00 00 00 16 80 bc 15 00 b0 02 
00 11 00 00 00 9f 00 18 00 00 00 01 00 00 00 00 16 80 bc 15 00 b1 02 00 11 00 00 00 f1 03 33 00 
00 00 01 00 00 00 00 16 80 bc 15 00 b2 02 00 11 00 00 00 0c 02 33 00 00 00 01 00 00 00 00 16 80 
bc 15 00 b3 02 00 11 00 00 00 b7 00 48 00 00 00 01 00 00 00 00 16 80 bc 15 00 b4 02 00 11 00 00 
00 f3 03 41 00 00 00 01 00 00 00 00 04 80 b3 11 00 16 80 bc 45 03 11 00 00 02 00 00 00 11 00 32 
00 00 00 01 00 00 00 00 16 80 bc 55 00 67 02 00 02 00 00 00 cc 00 0c 00 00 00 01 00 00 00 00 08 
80 b2 11 00 32 00 08 02 16 80 bc 45 03 11 00 00 02 00 00 00 11 00 32 00 00 00 00 00 00 00 00 16 
80 bc 55 00 b5 02 00 02 00 00 00 cc 00 0c 00 00 00 00 00 00 00 00 16 80 bc 15 00 b6 02 00 11 00 
00 00 ab 00 0d 00 00 00 00 00 00 00 00 16 80 bc 15 00 b7 02 00 11 00 00 00 0a 02 48 00 00 00 00 
00 00 00 00 16 80 bc 15 00 b8 02 00 11 00 00 00 f2 03 33 00 00 00 00 00 00 00 00 16 80 bc 15 00 
b9 02 00 11 00 00 00 ed 03 4a 00 00 00 00 00 00 00 00 16 80 bc 15 00 ba 02 00 11 00 00 00 9f 00 
18 00 00 00 00 00 00 00 00 16 80 bc 15 00 bb 02 00 11 00 00 00 f1 03 33 00 00 00 00 00 00 00 00 
16 80 bc 15 00 bc 02 00 11 00 00 00 0c 02 33 00 00 00 00 00 00 00 00 
........3G. ....t......O...............H......................3......................J..........
...................................3......................3......................H..............
........A.........................................................H......................3......
................J.............................................3......................3..........
............H......................A................E..........2...........U.g..................
....2......E..........2...........U........................................................H....
..................3......................J.............................................3........
..............3........

Client->GAME [15:47:00 07/15/09] packet size: 1 CRYPTED, Flags: 7f ServerSeq: 11 ClientSeq: 11
02 
.

GAME->Client [15:47:00 07/15/09] packet size: 707 CRYPTED, Flags: 7f ServerSeq: 12 ClientSeq: 10
02 03 1d 00 02 0e 00 6a a4 ef 37 47 00 20 8a c4 2b fb a6 c5 00 00 04 02 00 6e 18 16 80 bc 15 00 
bd 02 00 11 00 00 00 b7 00 48 00 00 00 00 00 00 00 00 16 80 bc 15 00 be 02 00 11 00 00 00 f3 03 
41 00 00 00 00 00 00 00 00 16 80 bc 55 00 68 02 00 0b 00 00 00 37 02 96 00 00 00 01 00 00 00 00 
16 80 bc 55 00 bf 02 00 0b 00 00 00 37 02 96 00 00 00 00 00 00 00 00 16 80 bc 55 00 69 02 00 2d 
00 00 00 23 04 0a 00 00 00 01 00 00 00 00 16 80 bc 55 00 6a 02 00 2d 00 00 00 20 04 0a 00 00 00 
01 00 00 00 00 16 80 bc 55 00 6b 02 00 2d 00 00 00 19 04 05 00 00 00 01 00 00 00 00 16 80 bc 55 
00 6c 02 00 2d 00 00 00 42 04 05 00 00 00 01 00 00 00 00 16 80 bc 55 00 c0 02 00 2d 00 00 00 23 
04 0a 00 00 00 00 00 00 00 00 16 80 bc 55 00 c1 02 00 2d 00 00 00 20 04 0a 00 00 00 00 00 00 00 
00 16 80 bc 55 00 c2 02 00 2d 00 00 00 19 04 05 00 00 00 00 00 00 00 00 16 80 bc 55 00 c3 02 00 
2d 00 00 00 42 04 05 00 00 00 00 00 00 00 00 16 80 bc 55 00 6d 02 00 34 00 00 00 83 02 c8 00 00 
00 01 00 00 00 00 16 80 bc 55 00 c4 02 00 34 00 00 00 83 02 c8 00 00 00 00 00 00 00 00 04 80 b3 
3d 04 16 80 bc 45 03 3d 04 00 43 00 00 00 3d 04 00 00 00 00 01 00 00 00 00 08 80 b2 3d 04 00 00 
08 02 16 80 bc 45 03 3d 04 00 43 00 00 00 3d 04 00 00 00 00 00 00 00 00 00 16 80 bc 55 00 6e 02 
00 4b 00 00 00 1f 04 19 00 00 00 01 00 00 00 00 16 80 bc 55 00 c5 02 00 4b 00 00 00 1f 04 19 00 
00 00 00 00 00 00 00 16 80 bc 55 00 6f 02 00 5f 00 00 00 7c 04 0f 00 00 00 01 00 00 00 00 16 80 
bc 55 00 70 02 00 5f 00 00 00 07 04 0f 00 00 00 01 00 00 00 00 16 80 bc 55 00 c6 02 00 5f 00 00 
00 7c 04 0f 00 00 00 00 00 00 00 00 16 80 bc 55 00 c7 02 00 5f 00 00 00 07 04 0f 00 00 00 00 00 
00 00 00 00 86 09 16 80 bc 55 00 71 02 00 62 00 00 00 06 04 01 00 00 00 01 00 00 00 00 04 80 b3 
35 04 16 80 bc 45 03 35 04 00 62 00 00 00 35 04 00 00 00 00 01 00 00 00 00 16 80 bc 55 00 72 02 
00 62 00 00 00 15 04 01 00 00 00 01 00 00 00 00 16 80 bc 55 00 c8 02 00 62 00 00 00 06 04 01 00 
00 00 00 00 00 00 00 08 80 b2 35 04 00 00 08 02 16 80 bc 45 03 35 04 00 62 00 00 00 35 04 00 00 
00 00 00 00 00 00 00 16 80 bc 55 00 c9 02 00 62 00 00 00 15 04 01 00 00 00 00 00 00 00 00 04 80 
b3 3e 04 
.......j..7G. ..+........n...............H......................A...........U.h......7..........
...U........7.............U.i..-...#.............U.j..-... .............U.k..-.................U
.l..-...B.............U....-...#.............U....-... .............U....-.................U....
-...B.............U.m..4.................U....4.................=....E.=..C...=.............=...
.....E.=..C...=.............U.n..K.................U....K.................U.o.._...|............
.U.p.._.................U...._...|.............U...._....................U.q..b.................
5....E.5..b...5.............U.r..b.................U....b.................5........E.5..b...5...
..........U....b.................>.

Client->GAME [15:47:00 07/15/09] packet size: 1 CRYPTED, Flags: 7f ServerSeq: 12 ClientSeq: 12
02 
.

GAME->Client [15:47:00 07/15/09] packet size: 712 CRYPTED, Flags: 7f ServerSeq: 13 ClientSeq: 11
02 03 1d 00 02 0e 00 6a a4 ef 37 47 00 20 8a c4 2b fb a6 c5 03 00 02 0e 04 ea 9a 77 27 47 00 20 
8a c4 00 65 72 c3 00 00 04 01 00 8f 1f 16 80 bc 45 03 3e 04 00 4f 01 00 00 3e 04 00 00 00 00 01 
00 00 00 00 08 80 b2 3e 04 00 00 08 02 16 80 bc 45 03 3e 04 00 4f 01 00 00 3e 04 00 00 00 00 00 
00 00 00 00 16 80 bc 55 00 73 02 00 5a 01 00 00 07 04 05 00 00 00 01 00 00 00 00 16 80 bc 55 00 
74 02 00 5a 01 00 00 1d 04 0f 00 00 00 01 00 00 00 00 16 80 bc 55 00 ca 02 00 5a 01 00 00 07 04 
05 00 00 00 00 00 00 00 00 16 80 bc 55 00 cb 02 00 5a 01 00 00 1d 04 0f 00 00 00 00 00 00 00 00 
04 80 b3 3f 04 16 80 bc 45 03 3f 04 00 64 01 00 00 3f 04 00 00 00 00 01 00 00 00 00 16 80 bc 55 
00 75 02 00 64 01 00 00 1f 04 05 00 00 00 01 00 00 00 00 08 80 b2 3f 04 00 00 08 02 16 80 bc 45 
03 3f 04 00 64 01 00 00 3f 04 00 00 00 00 00 00 00 00 00 16 80 bc 55 00 cc 02 00 64 01 00 00 1f 
04 05 00 00 00 00 00 00 00 00 16 80 bc 55 00 76 02 00 66 01 00 00 7b 04 05 00 00 00 01 00 00 00 
00 16 80 bc 55 00 77 02 00 66 01 00 00 12 04 0a 00 00 00 01 00 00 00 00 16 80 bc 55 00 78 02 00 
66 01 00 00 06 04 0b 00 00 00 01 00 00 00 00 16 80 bc 55 00 cd 02 00 66 01 00 00 7b 04 05 00 00 
00 00 00 00 00 00 16 80 bc 55 00 ce 02 00 66 01 00 00 12 04 0a 00 00 00 00 00 00 00 00 16 80 bc 
55 00 cf 02 00 66 01 00 00 06 04 0b 00 00 00 00 00 00 00 00 16 80 bc 55 00 79 02 00 8e 01 00 00 
03 04 05 00 00 00 01 00 00 00 00 16 80 bc 55 00 7a 02 00 8e 01 00 00 12 04 0f 00 00 00 01 00 00 
00 00 16 80 bc 55 00 7b 02 00 8e 01 00 00 77 04 05 00 00 00 01 00 00 00 00 16 80 bc 55 00 d0 02 
00 8e 01 00 00 03 04 05 00 00 00 00 00 00 00 00 16 80 bc 55 00 d1 02 00 8e 01 00 00 12 04 0f 00 
00 00 00 00 00 00 00 16 80 bc 55 00 d2 02 00 8e 01 00 00 77 04 05 00 00 00 00 00 00 00 00 16 80 
bc 55 00 7c 02 00 cd 01 00 00 e5 03 05 00 00 00 01 00 00 00 00 16 80 bc 55 00 7d 02 00 cd 01 00 
00 73 04 05 00 00 00 01 00 00 00 00 16 80 bc 55 00 7e 02 00 cd 01 00 00 e3 03 0f 00 00 00 01 00 
00 00 00 16 80 bc 55 00 d3 02 00 cd 01 00 00 e5 03 05 00 00 00 00 00 00 00 00 16 80 bc 55 00 d4 
02 00 cd 01 00 00 73 04 05 00 00 00 00 00 00 00 00 16 80 bc 55 00 d5 02 00 cd 01 00 00 e3 03 0f 
00 00 00 00 00 00 00 00 
.......j..7G. ..+..........w'G. ...er...........E.>..O...>.............>........E.>..O...>......
.......U.s..Z.................U.t..Z.................U....Z.................U....Z..............
...?....E.?..d...?.............U.u..d.................?........E.?..d...?.............U....d....
.............U.v..f...{.............U.w..f.................U.x..f.................U....f...{....
.........U....f.................U....f.................U.y....................U.z...............
.....U.{......w.............U......................U......................U........w............
.U.|....................U.}......s.............U.~....................U......................U..
......s.............U...................

Client->GAME [15:47:00 07/15/09] packet size: 1 CRYPTED, Flags: 7f ServerSeq: 13 ClientSeq: 13
02 
.

GAME->Client [15:47:00 07/15/09] packet size: 690 CRYPTED, Flags: 7f ServerSeq: 14 ClientSeq: 12
02 03 03 00 02 0e 04 f4 9a 77 27 47 00 20 8a c4 00 65 72 c3 00 00 04 02 00 ae 1e 04 80 b3 40 04 
16 80 bc 45 03 40 04 00 d5 01 00 00 40 04 00 00 00 00 01 00 00 00 00 16 80 bc 55 00 7f 02 00 d5 
01 00 00 e3 03 05 00 00 00 01 00 00 00 00 08 80 b2 40 04 00 00 08 02 16 80 bc 45 03 40 04 00 d5 
01 00 00 40 04 00 00 00 00 00 00 00 00 00 16 80 bc 55 00 d6 02 00 d5 01 00 00 e3 03 05 00 00 00 
00 00 00 00 00 16 80 bc 55 00 80 02 00 36 02 00 00 37 02 0a 00 00 00 01 00 00 00 00 16 80 bc 55 
00 d7 02 00 36 02 00 00 37 02 0a 00 00 00 00 00 00 00 00 16 80 bc 55 00 81 02 00 74 02 00 00 34 
02 1e 00 00 00 01 00 00 00 00 16 80 bc 55 00 d8 02 00 74 02 00 00 34 02 1e 00 00 00 00 00 00 00 
00 16 80 bc 15 00 b6 02 00 11 00 00 00 ab 00 0d 00 00 00 01 00 00 00 00 16 80 bc 15 00 b7 02 00 
11 00 00 00 0a 02 48 00 00 00 01 00 00 00 00 16 80 bc 15 00 b8 02 00 11 00 00 00 f2 03 33 00 00 
00 01 00 00 00 00 16 80 bc 15 00 b9 02 00 11 00 00 00 ed 03 4a 00 00 00 01 00 00 00 00 16 80 bc 
15 00 ba 02 00 11 00 00 00 9f 00 18 00 00 00 01 00 00 00 00 16 80 bc 15 00 bb 02 00 11 00 00 00 
f1 03 33 00 00 00 01 00 00 00 00 16 80 bc 15 00 bc 02 00 11 00 00 00 0c 02 33 00 00 00 01 00 00 
00 00 16 80 bc 15 00 bd 02 00 11 00 00 00 b7 00 48 00 00 00 01 00 00 00 00 16 80 bc 15 00 be 02 
00 11 00 00 00 f3 03 41 00 00 00 01 00 00 00 00 0b 80 bd 05 11 00 00 00 00 00 00 00 16 80 bc 15 
00 d9 02 00 11 00 00 00 ab 00 0d 00 00 00 00 00 00 00 00 16 80 bc 15 00 da 02 00 11 00 00 00 0a 
02 48 00 00 00 00 00 00 00 00 16 80 bc 15 00 db 02 00 11 00 00 00 f2 03 33 00 00 00 00 00 00 00 
00 16 80 bc 15 00 dc 02 00 11 00 00 00 ed 03 4a 00 00 00 00 00 00 00 00 16 80 bc 15 00 dd 02 00 
11 00 00 00 9f 00 18 00 00 00 00 00 00 00 00 16 80 bc 15 00 de 02 00 11 00 00 00 f1 03 33 00 00 
00 00 00 00 00 00 16 80 bc 15 00 df 02 00 11 00 00 00 0c 02 33 00 00 00 00 00 00 00 00 16 80 bc 
15 00 e0 02 00 11 00 00 00 b7 00 48 00 00 00 00 00 00 00 00 16 80 bc 15 00 e1 02 00 11 00 00 00 
f3 03 41 00 00 00 00 00 00 00 00 0b 80 bd 05 11 00 00 00 00 00 00 01 00 cc 01 17 3a 05 00 11 00 
0a 00 50 76 50 53 65 72 76 65 72 00 04 00 06 00 00 00 
.........w'G. ...er...........@....E.@......@.............U......................@........E.@...
...@.............U......................U....6...7.............U....6...7.............U....t...4
.............U....t...4...............................................H......................3..
....................J.............................................3......................3......
................H......................A........................................................
.H......................3......................J.............................................3..
....................3......................H......................A........................:....
..PvPServer.......

GAME->Client [15:47:00 07/15/09] packet size: 719 CRYPTED, Flags: 7f ServerSeq: 15 ClientSeq: 13
02 03 03 00 02 0c fe 9a 77 27 47 00 20 8a c4 00 65 72 c3 00 00 04 01 00 cd 1a 1d 3a 05 00 17 00 
10 00 50 76 50 4d 61 78 53 61 66 65 4c 65 76 65 6c 00 04 00 0f 00 00 00 3f 3a 05 00 14 00 0d 00 
57 52 5f 52 65 7a 45 76 65 6e 74 73 00 29 00 48 61 6c 6c 6f 77 65 65 6e 5f 45 76 65 6e 74 2c 57 
69 6e 74 65 72 33 50 6c 75 73 48 61 6c 6c 6f 77 65 65 6e 54 53 45 43 00 1b 3a 05 00 19 00 12 00 
45 76 65 6e 74 53 6c 6f 74 31 5f 45 66 66 65 63 74 00 00 00 28 3a 05 00 19 00 12 00 45 76 65 6e 
74 53 6c 6f 74 32 5f 45 66 66 65 63 74 00 0d 00 66 6c 79 6d 61 6e 5f 69 64 6c 65 33 00 25 3a 05 
00 19 00 12 00 45 76 65 6e 74 53 6c 6f 74 33 5f 45 66 66 65 63 74 00 0a 00 66 6c 79 5f 76 69 72 
75 73 00 1f 3a 05 00 1b 00 14 00 46 69 78 65 64 42 69 6e 6b 49 44 4f 76 65 72 72 69 64 65 00 02 
00 20 00 16 80 bc 11 00 45 02 00 00 00 00 00 cb 02 00 00 00 00 00 00 00 00 00 16 80 bc 09 00 8b 
02 00 ca 00 00 00 ca 00 eb ff ff ff 00 00 00 59 43 16 80 bc 56 00 8c 02 00 0a 95 00 00 06 04 02 
00 00 00 00 00 00 00 00 16 80 bc 56 00 8d 02 00 0a 95 00 00 b4 00 11 00 00 00 00 00 00 00 00 16 
80 bc 56 00 8e 02 00 0a 95 00 00 b5 00 11 00 00 00 00 00 00 00 00 16 80 bc 56 00 8f 02 00 0a 95 
00 00 07 04 02 00 00 00 00 00 00 00 00 16 80 bc 56 00 90 02 00 8a b2 00 00 23 04 02 00 00 00 00 
00 00 00 00 16 80 bc 56 00 91 02 00 8a b2 00 00 21 04 01 00 00 00 00 00 00 00 00 16 80 bc 56 00 
92 02 00 8a b2 00 00 b4 00 1d 00 00 00 00 00 00 00 00 16 80 bc 56 00 93 02 00 8a b2 00 00 09 04 
1d 00 00 00 00 00 00 00 00 16 80 bc 56 00 94 02 00 8a b2 00 00 9d 00 1d 00 00 00 00 00 00 00 00 
16 80 bc 56 00 95 02 00 8a b2 00 00 06 04 01 00 00 00 00 00 00 00 00 16 80 bc 56 00 96 02 00 24 
b3 00 00 89 02 02 00 00 00 00 00 00 00 00 16 80 bc 56 00 97 02 00 24 b3 00 00 1a 04 01 00 00 00 
00 00 00 00 00 16 80 bc 56 00 98 02 00 24 b3 00 00 b4 00 21 00 00 00 00 00 00 00 00 16 80 bc 56 
00 99 02 00 24 b3 00 00 09 04 21 00 00 00 00 00 00 00 00 16 80 bc 56 00 9a 02 00 24 b3 00 00 15 
04 02 00 00 00 00 00 00 00 00 16 80 bc 56 00 9b 02 00 24 b3 00 00 b5 00 21 00 00 00 00 00 00 00 
00 16 80 bc 56 00 9c 02 00 95 a7 00 00 b4 00 12 00 00 00 00 00 00 00 00 16 80 bc 56 00 9d 02 00 
95 a7 00 00 b5 00 12 00 00 00 00 00 00 00 00 
........w'G. ...er.........:......PvPMaxSafeLevel.......?:......WR_RezEvents.).Halloween_Event,W
inter3PlusHalloweenTSEC..:......EventSlot1_Effect...(:......EventSlot2_Effect...flyman_idle3.%:.
.....EventSlot3_Effect...fly_virus..:......FixedBinkIDOverride... ......E.......................
...............YC...V......................V......................V......................V......
................V........#.............V........!.............V......................V..........
............V......................V......................V....$.................V....$.........
........V....$.....!...........V....$.....!...........V....$.................V....$.....!.......
....V......................V...................

Client->GAME [15:47:00 07/15/09] packet size: 1 CRYPTED, Flags: 7e ServerSeq: 15 ClientSeq: 14
02 
.

GAME->Client [15:47:00 07/15/09] packet size: 697 CRYPTED, Flags: 7f ServerSeq: 16 ClientSeq: 13
82 8c 3c 00 49 03 03 00 02 0c 08 9a 77 27 47 00 20 8a c4 00 65 72 c3 00 00 04 01 00 e7 1d 16 80 
bc 56 00 9e 02 00 95 a7 00 00 09 04 12 00 00 00 00 00 00 00 00 16 80 bc 56 00 9f 02 00 95 a7 00 
00 70 00 0f 00 00 00 00 00 00 00 00 16 80 bc 56 00 a0 02 00 2c b3 00 00 17 04 01 00 00 00 00 00 
00 00 00 16 80 bc 56 00 a1 02 00 2c b3 00 00 b4 00 21 00 00 00 00 00 00 00 00 16 80 bc 56 00 a2 
02 00 2c b3 00 00 09 04 21 00 00 00 00 00 00 00 00 16 80 bc 56 00 a3 02 00 2c b3 00 00 12 04 02 
00 00 00 00 00 00 00 00 16 80 bc 56 00 a4 02 00 2c b3 00 00 07 04 02 00 00 00 00 00 00 00 00 16 
80 bc 56 00 a5 02 00 2c b3 00 00 b5 00 21 00 00 00 00 00 00 00 00 16 80 bc 56 00 a6 02 00 c3 b2 
00 00 89 02 02 00 00 00 00 00 00 00 00 16 80 bc 56 00 a7 02 00 c3 b2 00 00 21 04 02 00 00 00 00 
00 00 00 00 16 80 bc 56 00 a8 02 00 c3 b2 00 00 b4 00 1f 00 00 00 00 00 00 00 00 16 80 bc 56 00 
a9 02 00 c3 b2 00 00 09 04 1f 00 00 00 00 00 00 00 00 16 80 bc 56 00 aa 02 00 c3 b2 00 00 1e 04 
01 00 00 00 00 00 00 00 00 16 80 bc 56 00 ab 02 00 c3 b2 00 00 9d 00 1f 00 00 00 00 00 00 00 00 
16 80 bc 55 00 b5 02 00 02 00 00 00 cc 00 0c 00 00 00 00 00 00 00 00 16 80 bc 55 00 bf 02 00 0b 
00 00 00 37 02 96 00 00 00 00 00 00 00 00 16 80 bc 55 00 c0 02 00 2d 00 00 00 23 04 0a 00 00 00 
00 00 00 00 00 16 80 bc 55 00 c1 02 00 2d 00 00 00 20 04 0a 00 00 00 00 00 00 00 00 16 80 bc 55 
00 c2 02 00 2d 00 00 00 19 04 05 00 00 00 00 00 00 00 00 16 80 bc 55 00 c3 02 00 2d 00 00 00 42 
04 05 00 00 00 00 00 00 00 00 16 80 bc 55 00 c4 02 00 34 00 00 00 83 02 c8 00 00 00 00 00 00 00 
00 16 80 bc 55 00 c5 02 00 4b 00 00 00 1f 04 19 00 00 00 00 00 00 00 00 16 80 bc 55 00 c6 02 00 
5f 00 00 00 7c 04 0f 00 00 00 00 00 00 00 00 16 80 bc 55 00 c7 02 00 5f 00 00 00 07 04 0f 00 00 
00 00 00 00 00 00 16 80 bc 55 00 c8 02 00 62 00 00 00 06 04 01 00 00 00 00 00 00 00 00 16 80 bc 
55 00 c9 02 00 62 00 00 00 15 04 01 00 00 00 00 00 00 00 00 16 80 bc 55 00 ca 02 00 5a 01 00 00 
07 04 05 00 00 00 00 00 00 00 00 16 80 bc 55 00 cb 02 00 5a 01 00 00 1d 04 0f 00 00 00 00 00 00 
00 00 16 80 bc 55 00 cc 02 00 64 01 00 00 1f 04 05 00 00 00 00 00 00 00 00 
..<.I.......w'G. ...er...........V......................V........p.............V....,...........
......V....,.....!...........V....,.....!...........V....,.................V....,...............
..V....,.....!...........V......................V........!.............V......................V.
.....................V......................V......................U......................U.....
...7.............U....-...#.............U....-... .............U....-.................U....-...B
.............U....4.................U....K.................U...._...|.............U...._........
.........U....b.................U....b.................U....Z.................U....Z............
.....U....d..............

Client->GAME [15:47:00 07/15/09] packet size: 1 CRYPTED, Flags: 7d ServerSeq: 0 ClientSeq: 15
02 
.

Client->GAME [15:47:00 07/15/09] packet size: 12
00 00 00 00 00 01 04 08 08 b4 6b 01 
..........k.

GAME->Client [15:47:00 07/15/09] packet size: 697 CRYPTED, Flags: 7f ServerSeq: 17 ClientSeq: 14
02 03 23 00 04 80 80 80 80 c0 4c 0a 00 28 01 01 1b 00 04 80 80 80 80 c0 4c 0a 00 28 01 01 19 00 
02 08 5c 38 36 47 00 20 8a c4 c0 ae 54 c4 17 00 04 80 80 80 80 c0 4c 0a 00 28 01 01 15 00 04 80 
80 80 80 c0 4c 0a 00 28 01 01 13 00 02 08 fc e0 37 47 00 20 8a c4 e8 da d9 c4 11 00 04 80 80 80 
80 c0 4c 0a 00 28 01 01 09 00 04 80 80 80 80 c0 4c 0a 00 28 01 01 03 00 02 0c 12 9a 77 27 47 00 
20 8a c4 00 65 72 c3 00 00 04 01 00 ae 1a 04 80 b3 40 04 16 80 bc 45 03 40 04 00 d5 01 00 00 40 
04 00 00 00 00 01 00 00 00 00 16 80 bc 55 00 7f 02 00 d5 01 00 00 e3 03 05 00 00 00 01 00 00 00 
00 08 80 b2 40 04 00 00 08 02 16 80 bc 45 03 40 04 00 d5 01 00 00 40 04 00 00 00 00 00 00 00 00 
00 16 80 bc 55 00 d6 02 00 d5 01 00 00 e3 03 05 00 00 00 00 00 00 00 00 16 80 bc 55 00 80 02 00 
36 02 00 00 37 02 0a 00 00 00 01 00 00 00 00 16 80 bc 55 00 d7 02 00 36 02 00 00 37 02 0a 00 00 
00 00 00 00 00 00 16 80 bc 55 00 81 02 00 74 02 00 00 34 02 1e 00 00 00 01 00 00 00 00 16 80 bc 
55 00 d8 02 00 74 02 00 00 34 02 1e 00 00 00 00 00 00 00 00 16 80 bc 15 00 b6 02 00 11 00 00 00 
ab 00 0d 00 00 00 01 00 00 00 00 16 80 bc 15 00 b7 02 00 11 00 00 00 0a 02 48 00 00 00 01 00 00 
00 00 16 80 bc 15 00 b8 02 00 11 00 00 00 f2 03 33 00 00 00 01 00 00 00 00 16 80 bc 15 00 b9 02 
00 11 00 00 00 ed 03 4a 00 00 00 01 00 00 00 00 16 80 bc 15 00 ba 02 00 11 00 00 00 9f 00 18 00 
00 00 01 00 00 00 00 16 80 bc 15 00 bb 02 00 11 00 00 00 f1 03 33 00 00 00 01 00 00 00 00 16 80 
bc 15 00 bc 02 00 11 00 00 00 0c 02 33 00 00 00 01 00 00 00 00 16 80 bc 15 00 bd 02 00 11 00 00 
00 b7 00 48 00 00 00 01 00 00 00 00 16 80 bc 15 00 be 02 00 11 00 00 00 f3 03 41 00 00 00 01 00 
00 00 00 0b 80 bd 05 11 00 00 00 00 00 00 00 16 80 bc 15 00 d9 02 00 11 00 00 00 ab 00 0d 00 00 
00 00 00 00 00 00 16 80 bc 15 00 da 02 00 11 00 00 00 0a 02 48 00 00 00 00 00 00 00 00 16 80 bc 
15 00 db 02 00 11 00 00 00 f2 03 33 00 00 00 00 00 00 00 00 16 80 bc 15 00 dc 02 00 11 00 00 00 
ed 03 4a 00 00 00 00 00 00 00 00 16 80 bc 15 00 dd 02 00 11 00 00 00 9f 00 18 00 00 00 00 00 00 
00 00 16 80 bc 15 00 de 02 00 11 00 00 00 f1 03 33 00 00 00 00 00 00 00 00 
..#.......L..(..........L..(......\86G. ....T.........L..(..........L..(........7G. ............
..L..(..........L..(........w'G. ...er...........@....E.@......@.............U..................
....@........E.@......@.............U......................U....6...7.............U....6...7....
.........U....t...4.............U....t...4...............................................H......
................3......................J.............................................3..........
............3......................H......................A.....................................
....................H......................3......................J.............................
................3........

Client->GAME [15:47:00 07/15/09] packet size: 1 CRYPTED, Flags: 7b ServerSeq: 1 ClientSeq: 16
02 
.

Client->GAME [15:47:00 07/15/09] packet size: 25 CRYPTED, Flags: 7b ServerSeq: 1 ClientSeq: 17
02 04 01 00 0a 01 12 80 c9 07 00 10 18 00 e8 00 47 00 c0 94 c4 00 d0 84 c6 
................G........

GAME->Client [15:47:00 07/15/09] packet size: 12
00 00 00 00 00 01 04 08 08 b4 6b 01 
..........k.

GAME->Client [15:47:00 07/15/09] packet size: 560 CRYPTED, Flags: 7f ServerSeq: 18 ClientSeq: 15
02 03 09 00 06 0e 05 69 a8 ef 33 47 00 20 8a c4 8c 90 7c c5 ff 00 00 00 10 00 00 00 00 00 01 ff 
00 00 00 00 00 00 00 00 00 00 00 00 00 00 00 00 00 00 00 00 00 00 00 00 00 00 02 ff 00 00 00 00 
00 00 00 00 32 02 00 00 00 00 0d 00 00 00 00 00 00 ff 00 00 00 00 00 00 00 00 00 00 00 00 00 00 
00 00 00 00 00 00 00 00 00 00 00 00 00 00 00 00 01 00 32 02 ff 00 00 00 00 00 00 00 00 b5 02 00 
00 4c 0a 00 28 ff 01 00 00 00 00 00 00 00 00 00 00 00 d9 09 00 58 37 08 00 00 1f 07 08 00 00 00 
00 00 00 22 00 00 00 00 00 03 00 02 0c 1c 9a 77 27 47 00 20 8a c4 00 65 72 c3 00 00 04 04 00 c8 
04 16 80 bc 15 00 df 02 00 11 00 00 00 0c 02 33 00 00 00 00 00 00 00 00 16 80 bc 15 00 e0 02 00 
11 00 00 00 b7 00 48 00 00 00 00 00 00 00 00 16 80 bc 15 00 e1 02 00 11 00 00 00 f3 03 41 00 00 
00 00 00 00 00 00 0b 80 bd 05 11 00 00 00 00 00 00 01 00 cc 01 17 3a 05 00 11 00 0a 00 50 76 50 
53 65 72 76 65 72 00 04 00 06 00 00 00 01 04 03 16 80 bc 55 00 cd 02 00 66 01 00 00 7b 04 05 00 
00 00 00 00 00 00 00 16 80 bc 55 00 ce 02 00 66 01 00 00 12 04 0a 00 00 00 00 00 00 00 00 16 80 
bc 55 00 cf 02 00 66 01 00 00 06 04 0b 00 00 00 00 00 00 00 00 01 07 08 16 80 bc 55 00 d0 02 00 
8e 01 00 00 03 04 05 00 00 00 00 00 00 00 00 16 80 bc 55 00 d1 02 00 8e 01 00 00 12 04 0f 00 00 
00 00 00 00 00 00 16 80 bc 55 00 d2 02 00 8e 01 00 00 77 04 05 00 00 00 00 00 00 00 00 16 80 bc 
55 00 d3 02 00 cd 01 00 00 e5 03 05 00 00 00 00 00 00 00 00 16 80 bc 55 00 d4 02 00 cd 01 00 00 
73 04 05 00 00 00 00 00 00 00 00 16 80 bc 55 00 d5 02 00 cd 01 00 00 e3 03 0f 00 00 00 00 00 00 
00 00 16 80 bc 55 00 d6 02 00 d5 01 00 00 e3 03 05 00 00 00 00 00 00 00 00 16 80 bc 55 00 d7 02 
00 36 02 00 00 37 02 0a 00 00 00 00 00 00 00 00 
.......i..3G. ....|.................................................2...........................
..................2..............L..(................X7............"...........w'G. ...er.......
...............3......................H......................A........................:......PvP
Server.............U....f...{.............U....f.................U....f....................U....
..................U......................U........w.............U......................U........
s.............U......................U......................U....6...7..........

Client->GAME [15:47:00 07/15/09] packet size: 1 CRYPTED, Flags: 77 ServerSeq: 2 ClientSeq: 18
02 
.

GAME->Client [15:47:01 07/15/09] packet size: 598 CRYPTED, Flags: 7f ServerSeq: 19 ClientSeq: 0
02 03 0f 00 04 80 80 80 80 c0 4c 0a 00 28 01 01 09 00 06 0e 05 5f a8 ef 33 47 00 20 8a c4 8c 90 
7c c5 ff 00 00 00 10 00 00 00 00 00 01 ff 00 00 00 00 00 00 00 00 00 00 00 00 00 00 00 00 00 00 
00 00 00 00 00 00 00 00 02 ff 00 00 00 00 00 00 00 00 32 02 00 00 00 00 0d 00 00 00 00 00 00 ff 
00 00 00 00 00 00 00 00 00 00 00 00 00 00 00 00 00 00 00 00 00 00 00 00 00 00 00 00 00 00 01 00 
32 02 ff 00 00 00 00 00 00 00 00 b5 02 00 00 4c 0a 00 28 ff 01 00 00 00 00 00 00 00 00 00 00 00 
d9 09 00 58 37 08 00 00 1f 07 08 00 00 00 00 00 00 22 00 00 00 00 00 03 00 06 0c 26 9a 77 27 47 
00 20 8a c4 00 65 72 c3 80 80 80 80 c0 4c 0a 00 28 01 01 00 00 04 01 01 0f 11 16 80 bc 55 00 d8 
02 00 74 02 00 00 34 02 1e 00 00 00 00 00 00 00 00 16 80 bc 15 00 d9 02 00 11 00 00 00 ab 00 0d 
00 00 00 00 00 00 00 00 16 80 bc 15 00 da 02 00 11 00 00 00 0a 02 48 00 00 00 00 00 00 00 00 16 
80 bc 15 00 db 02 00 11 00 00 00 f2 03 33 00 00 00 00 00 00 00 00 16 80 bc 15 00 dc 02 00 11 00 
00 00 ed 03 4a 00 00 00 00 00 00 00 00 16 80 bc 15 00 dd 02 00 11 00 00 00 9f 00 18 00 00 00 00 
00 00 00 00 16 80 bc 15 00 de 02 00 11 00 00 00 f1 03 33 00 00 00 00 00 00 00 00 16 80 bc 15 00 
df 02 00 11 00 00 00 0c 02 33 00 00 00 00 00 00 00 00 16 80 bc 15 00 e0 02 00 11 00 00 00 b7 00 
48 00 00 00 00 00 00 00 00 16 80 bc 15 00 e1 02 00 11 00 00 00 f3 03 41 00 00 00 00 00 00 00 00 
16 80 bc 45 03 11 00 00 02 00 00 00 11 00 32 00 00 00 00 00 00 00 00 16 80 bc 45 03 35 04 00 62 
00 00 00 35 04 00 00 00 00 00 00 00 00 00 16 80 bc 45 03 3d 04 00 43 00 00 00 3d 04 00 00 00 00 
00 00 00 00 00 16 80 bc 45 03 3e 04 00 4f 01 00 00 3e 04 00 00 00 00 00 00 00 00 00 16 80 bc 45 
03 3f 04 00 64 01 00 00 3f 04 00 00 00 00 00 00 00 00 00 16 80 bc 45 03 40 04 00 d5 01 00 00 40 
04 00 00 00 00 00 00 00 00 00 0b 80 bd 05 11 00 00 00 00 00 00 01 
..........L..(......._..3G. ....|.................................................2.............
................................2..............L..(................X7............".........&.w'G
. ...er......L..(............U....t...4...............................................H.........
.............3......................J.............................................3.............
.........3......................H......................A...........E..........2...........E.5..b
...5.............E.=..C...=.............E.>..O...>.............E.?..d...?.............E.@......@
......................

Client->GAME [15:47:01 07/15/09] packet size: 1 CRYPTED, Flags: 6f ServerSeq: 3 ClientSeq: 19
02 
.

GAME->Client [15:47:01 07/15/09] packet size: 539 CRYPTED, Flags: 7f ServerSeq: 20 ClientSeq: 2
02 03 09 00 06 0c 55 a8 ef 33 47 00 20 8a c4 8c 90 7c c5 ff 00 00 00 10 00 00 00 00 00 01 ff 00 
00 00 00 00 00 00 00 00 00 00 00 00 00 00 00 00 00 00 00 00 00 00 00 00 00 02 ff 00 00 00 00 00 
00 00 00 32 02 00 00 00 00 0d 00 00 00 00 00 00 ff 00 00 00 00 00 00 00 00 00 00 00 00 00 00 00 
00 00 00 00 00 00 00 00 00 00 00 00 00 00 00 01 00 32 02 ff 00 00 00 00 00 00 00 00 b5 02 00 00 
4c 0a 00 28 ff 01 00 00 00 00 00 00 00 00 00 00 00 d9 09 00 58 37 08 00 00 1f 07 08 00 00 00 00 
00 00 22 00 00 00 00 00 03 00 06 0c 30 9a 77 27 47 00 20 8a c4 00 65 72 c3 ff 00 00 00 10 00 00 
00 00 00 01 ff 00 00 00 00 00 00 00 00 00 00 00 00 00 00 00 00 00 00 00 00 00 00 00 00 00 00 02 
ff 00 00 00 00 00 00 00 00 32 02 00 00 00 00 0d 00 00 00 00 00 00 ff 00 00 00 00 00 00 00 00 00 
00 00 00 00 00 00 00 00 00 00 00 00 00 00 00 00 00 00 00 00 00 01 00 32 02 ff 00 00 00 00 00 00 
00 00 b5 02 00 00 4c 0a 00 28 ff 01 00 00 00 00 00 00 00 00 00 00 00 d6 09 00 58 37 08 00 00 1f 
07 08 00 00 00 00 00 00 22 00 00 00 00 00 00 00 04 01 01 20 03 41 81 67 17 00 27 00 1c 22 00 c6 
01 11 00 00 00 00 00 00 00 37 00 00 08 0e 00 41 66 74 65 72 57 68 6f 72 75 4e 65 6f 00 0e 00 41 
66 74 65 72 57 68 6f 72 75 4e 65 6f 00 02 00 48 00 00 00 00 00 00 00 41 81 67 17 00 27 00 1c 22 
00 c6 01 11 00 00 00 00 00 00 00 37 00 00 08 0e 00 41 66 74 65 72 57 68 6f 72 75 4e 65 6f 00 0e 
00 41 66 74 65 72 57 68 6f 72 75 4e 65 6f 00 02 00 48 00 00 00 00 00 00 00 41 81 67 17 00 27 00 
1c 22 00 c6 01 11 00 00 00 00 00 00 00 37 00 00 08 0e 00 41 66 74 65 72 57 68 6f 72 75 4e 65 6f 
00 0e 00 41 66 74 65 72 57 68 6f 72 75 4e 65 6f 00 02 00 48 00 00 00 00 00 00 00 
......U..3G. ....|.................................................2............................
.................2..............L..(................X7............".........0.w'G. ...er........
.........................................2.............................................2........
......L..(................X7............".......... .A.g..'.."...........7.....AfterWhoruNeo...A
fterWhoruNeo...H.......A.g..'.."...........7.....AfterWhoruNeo...AfterWhoruNeo...H.......A.g..'.
."...........7.....AfterWhoruNeo...AfterWhoruNeo...H.......

Client->GAME [15:47:01 07/15/09] packet size: 1 CRYPTED, Flags: 5f ServerSeq: 4 ClientSeq: 20
02 
.

GAME->Client [15:47:01 07/15/09] packet size: 336 CRYPTED, Flags: 7f ServerSeq: 21 ClientSeq: 3
02 03 09 00 06 0c 4b a8 ef 33 47 00 20 8a c4 8c 90 7c c5 ff 00 00 00 10 00 00 00 00 00 01 ff 00 
00 00 00 00 00 00 00 00 00 00 00 00 00 00 00 00 00 00 00 00 00 00 00 00 00 02 ff 00 00 00 00 00 
00 00 00 32 02 00 00 00 00 0d 00 00 00 00 00 00 ff 00 00 00 00 00 00 00 00 00 00 00 00 00 00 00 
00 00 00 00 00 00 00 00 00 00 00 00 00 00 00 01 00 32 02 ff 00 00 00 00 00 00 00 00 b5 02 00 00 
4c 0a 00 28 ff 01 00 00 00 00 00 00 00 00 00 00 00 d9 09 00 58 37 08 00 00 1f 07 08 00 00 00 00 
00 00 22 00 00 00 00 00 03 00 06 0c 3a 9a 77 27 47 00 20 8a c4 00 65 72 c3 ff 00 00 00 10 00 00 
00 00 00 01 ff 00 00 00 00 00 00 00 00 00 00 00 00 00 00 00 00 00 00 00 00 00 00 00 00 00 00 02 
ff 00 00 00 00 00 00 00 00 32 02 00 00 00 00 0d 00 00 00 00 00 00 ff 00 00 00 00 00 00 00 00 00 
00 00 00 00 00 00 00 00 00 00 00 00 00 00 00 00 00 00 00 00 00 01 00 32 02 ff 00 00 00 00 00 00 
00 00 b5 02 00 00 4c 0a 00 28 ff 01 00 00 00 00 00 00 00 00 00 00 00 d6 09 00 58 37 08 00 00 1f 
07 08 00 00 00 00 00 00 22 00 00 00 00 00 00 00 
......K..3G. ....|.................................................2............................
.................2..............L..(................X7............".........:.w'G. ...er........
.........................................2.............................................2........
......L..(................X7............".......

Client->GAME [15:47:01 07/15/09] packet size: 1 CRYPTED, Flags: 3f ServerSeq: 5 ClientSeq: 21
02 
.

GAME->Client [15:47:01 07/15/09] packet size: 336 CRYPTED, Flags: 7f ServerSeq: 22 ClientSeq: 4
02 03 09 00 06 0c 41 a8 ef 33 47 00 20 8a c4 8c 90 7c c5 ff 00 00 00 10 00 00 00 00 00 01 ff 00 
00 00 00 00 00 00 00 00 00 00 00 00 00 00 00 00 00 00 00 00 00 00 00 00 00 02 ff 00 00 00 00 00 
00 00 00 32 02 00 00 00 00 0d 00 00 00 00 00 00 ff 00 00 00 00 00 00 00 00 00 00 00 00 00 00 00 
00 00 00 00 00 00 00 00 00 00 00 00 00 00 00 01 00 32 02 ff 00 00 00 00 00 00 00 00 b5 02 00 00 
4c 0a 00 28 ff 01 00 00 00 00 00 00 00 00 00 00 00 d9 09 00 58 37 08 00 00 1f 07 08 00 00 00 00 
00 00 22 00 00 00 00 00 03 00 06 0c 44 9a 77 27 47 00 20 8a c4 00 65 72 c3 ff 00 00 00 10 00 00 
00 00 00 01 ff 00 00 00 00 00 00 00 00 00 00 00 00 00 00 00 00 00 00 00 00 00 00 00 00 00 00 02 
ff 00 00 00 00 00 00 00 00 32 02 00 00 00 00 0d 00 00 00 00 00 00 ff 00 00 00 00 00 00 00 00 00 
00 00 00 00 00 00 00 00 00 00 00 00 00 00 00 00 00 00 00 00 00 01 00 32 02 ff 00 00 00 00 00 00 
00 00 b5 02 00 00 4c 0a 00 28 ff 01 00 00 00 00 00 00 00 00 00 00 00 d6 09 00 58 37 08 00 00 1f 
07 08 00 00 00 00 00 00 22 00 00 00 00 00 00 00 
......A..3G. ....|.................................................2............................
.................2..............L..(................X7............".........D.w'G. ...er........
.........................................2.............................................2........
......L..(................X7............".......

Client->GAME [15:47:01 07/15/09] packet size: 1 CRYPTED, Flags: 7f ServerSeq: 6 ClientSeq: 22
02 
.

GAME->Client [15:47:01 07/15/09] packet size: 382 CRYPTED, Flags: 7f ServerSeq: 23 ClientSeq: 5
02 03 1f 00 04 80 80 80 80 c0 4c 0a 00 28 01 01 1d 00 04 80 80 80 80 c0 4c 0a 00 28 01 01 13 00 
02 0c 83 16 da 37 47 00 20 8a c4 e8 b3 ea c4 09 00 06 0c 37 a8 ef 33 47 00 20 8a c4 8c 90 7c c5 
ff 00 00 00 10 00 00 00 00 00 01 ff 00 00 00 00 00 00 00 00 00 00 00 00 00 00 00 00 00 00 00 00 
00 00 00 00 00 00 02 ff 00 00 00 00 00 00 00 00 32 02 00 00 00 00 0d 00 00 00 00 00 00 ff 00 00 
00 00 00 00 00 00 00 00 00 00 00 00 00 00 00 00 00 00 00 00 00 00 00 00 00 00 00 00 01 00 32 02 
ff 00 00 00 00 00 00 00 00 b5 02 00 00 4c 0a 00 28 ff 01 00 00 00 00 00 00 00 00 00 00 00 d9 09 
00 58 37 08 00 00 1f 07 08 00 00 00 00 00 00 22 00 00 00 00 00 03 00 06 0e 00 4e 9a 77 27 47 00 
20 8a c4 00 65 72 c3 ff 00 00 00 10 00 00 00 00 00 01 ff 00 00 00 00 00 00 00 00 00 00 00 00 00 
00 00 00 00 00 00 00 00 00 00 00 00 00 02 ff 00 00 00 00 00 00 00 00 32 02 00 00 00 00 0d 00 00 
00 00 00 00 ff 00 00 00 00 00 00 00 00 00 00 00 00 00 00 00 00 00 00 00 00 00 00 00 00 00 00 00 
00 00 00 01 00 32 02 ff 00 00 00 00 00 00 00 00 b5 02 00 00 4c 0a 00 28 ff 01 00 00 00 00 00 00 
00 00 00 00 00 d6 09 00 58 37 08 00 00 1f 07 08 00 00 00 00 00 00 22 00 00 00 00 00 00 00 
..........L..(..........L..(.........7G. ..........7..3G. ....|.................................
................2.............................................2..............L..(...............
.X7............"..........N.w'G. ...er.................................................2........
.....................................2..............L..(................X7............".......

Client->GAME [15:47:01 07/15/09] packet size: 1 CRYPTED, Flags: 7f ServerSeq: 7 ClientSeq: 23
02 
.

GAME->Client [15:47:01 07/15/09] packet size: 337 CRYPTED, Flags: 7f ServerSeq: 24 ClientSeq: 6
02 03 09 00 06 0c 2d a8 ef 33 47 00 20 8a c4 8c 90 7c c5 ff 00 00 00 10 00 00 00 00 00 01 ff 00 
00 00 00 00 00 00 00 00 00 00 00 00 00 00 00 00 00 00 00 00 00 00 00 00 00 02 ff 00 00 00 00 00 
00 00 00 32 02 00 00 00 00 0d 00 00 00 00 00 00 ff 00 00 00 00 00 00 00 00 00 00 00 00 00 00 00 
00 00 00 00 00 00 00 00 00 00 00 00 00 00 00 01 00 32 02 ff 00 00 00 00 00 00 00 00 b5 02 00 00 
4c 0a 00 28 ff 01 00 00 00 00 00 00 00 00 00 00 00 d9 09 00 58 37 08 00 00 1f 07 08 00 00 00 00 
00 00 22 00 00 00 00 00 03 00 06 0e 00 54 9a 77 27 47 00 20 8a c4 00 65 72 c3 ff 00 00 00 10 00 
00 00 00 00 01 ff 00 00 00 00 00 00 00 00 00 00 00 00 00 00 00 00 00 00 00 00 00 00 00 00 00 00 
02 ff 00 00 00 00 00 00 00 00 32 02 00 00 00 00 0d 00 00 00 00 00 00 ff 00 00 00 00 00 00 00 00 
00 00 00 00 00 00 00 00 00 00 00 00 00 00 00 00 00 00 00 00 00 00 01 00 32 02 ff 00 00 00 00 00 
00 00 00 b5 02 00 00 4c 0a 00 28 ff 01 00 00 00 00 00 00 00 00 00 00 00 d6 09 00 58 37 08 00 00 
1f 07 08 00 00 00 00 00 00 22 00 00 00 00 00 00 00 
......-..3G. ....|.................................................2............................
.................2..............L..(................X7............"..........T.w'G. ...er.......
..........................................2.............................................2.......
.......L..(................X7............".......

Client->GAME [15:47:01 07/15/09] packet size: 1 CRYPTED, Flags: 7f ServerSeq: 8 ClientSeq: 24
02 
.

GAME->Client [15:47:01 07/15/09] packet size: 206 CRYPTED, Flags: 7f ServerSeq: 25 ClientSeq: 7
82 9e 3c 00 49 03 19 00 02 08 39 ad 35 47 00 20 8a c4 a0 22 38 c4 13 00 02 08 53 d7 37 47 00 20 
8a c4 38 52 f0 c4 09 00 06 0c 23 a8 ef 33 47 00 20 8a c4 8c 90 7c c5 ff 00 00 00 10 00 00 00 00 
00 01 ff 00 00 00 00 00 00 00 00 00 00 00 00 00 00 00 00 00 00 00 00 00 00 00 00 00 00 02 ff 00 
00 00 00 00 00 00 00 32 02 00 00 00 00 0d 00 00 00 00 00 00 ff 00 00 00 00 00 00 00 00 00 00 00 
00 00 00 00 00 00 00 00 00 00 00 00 00 00 00 00 00 00 00 01 00 32 02 ff 00 00 00 00 00 00 00 00 
b5 02 00 00 4c 0a 00 28 ff 01 00 00 00 00 00 00 00 00 00 00 00 d9 09 00 58 37 08 00 00 1f 07 08 
00 00 00 00 00 00 22 00 00 00 00 00 00 00 
..<.I.....9.5G. ..."8.....S.7G. ..8R......#..3G. ....|..........................................
.......2.............................................2..............L..(................X7......
......".......

Client->GAME [15:47:01 07/15/09] packet size: 1 CRYPTED, Flags: 7f ServerSeq: 9 ClientSeq: 25
02 
.

GAME->Client [15:47:01 07/15/09] packet size: 170 CRYPTED, Flags: 7f ServerSeq: 26 ClientSeq: 8
02 03 09 00 06 0c 19 a8 ef 33 47 00 20 8a c4 8c 90 7c c5 ff 00 00 00 10 00 00 00 00 00 01 ff 00 
00 00 00 00 00 00 00 00 00 00 00 00 00 00 00 00 00 00 00 00 00 00 00 00 00 02 ff 00 00 00 00 00 
00 00 00 32 02 00 00 00 00 0d 00 00 00 00 00 00 ff 00 00 00 00 00 00 00 00 00 00 00 00 00 00 00 
00 00 00 00 00 00 00 00 00 00 00 00 00 00 00 01 00 32 02 ff 00 00 00 00 00 00 00 00 b5 02 00 00 
4c 0a 00 28 ff 01 00 00 00 00 00 00 00 00 00 00 00 d9 09 00 58 37 08 00 00 1f 07 08 00 00 00 00 
00 00 22 00 00 00 00 00 00 00 
.........3G. ....|.................................................2............................
.................2..............L..(................X7............".......

Client->GAME [15:47:01 07/15/09] packet size: 1 CRYPTED, Flags: 7f ServerSeq: 10 ClientSeq: 26
02 
.

GAME->Client [15:47:01 07/15/09] packet size: 170 CRYPTED, Flags: 7f ServerSeq: 27 ClientSeq: 9
02 03 09 00 06 0c 0e a8 ef 33 47 00 20 8a c4 8c 90 7c c5 ff 00 00 00 10 00 00 00 00 00 01 ff 00 
00 00 00 00 00 00 00 00 00 00 00 00 00 00 00 00 00 00 00 00 00 00 00 00 00 02 ff 00 00 00 00 00 
00 00 00 32 02 00 00 00 00 0d 00 00 00 00 00 00 ff 00 00 00 00 00 00 00 00 00 00 00 00 00 00 00 
00 00 00 00 00 00 00 00 00 00 00 00 00 00 00 01 00 32 02 ff 00 00 00 00 00 00 00 00 b5 02 00 00 
4c 0a 00 28 ff 01 00 00 00 00 00 00 00 00 00 00 00 d9 09 00 58 37 08 00 00 1f 07 08 00 00 00 00 
00 00 22 00 00 00 00 00 00 00 
.........3G. ....|.................................................2............................
.................2..............L..(................X7............".......

