Client->GAME [13:07:18 07/15/09] packet size: 25 CRYPTED, Flags: 7f ServerSeq: 261 ClientSeq: 508
02 04 01 00 23 01 12 81 8e 11 00 00 00 03 00 00 00 0c 00 00 00 03 00 00 00 
....#....................

GAME->Client [13:07:18 07/15/09] packet size: 20 CRYPTED, Flags: 7f ServerSeq: 486 ClientSeq: 267
02 03 0f 00 02 08 7c 81 f6 46 00 20 8a c4 82 03 c7 c6 00 00 
......|..F. ........

Client->GAME [13:07:18 07/15/09] packet size: 1 CRYPTED, Flags: 7f ServerSeq: 262 ClientSeq: 509
02 
.

GAME->Client [13:07:19 07/15/09] packet size: 22 CRYPTED, Flags: 7f ServerSeq: 487 ClientSeq: 267
02 03 06 00 02 0e 05 93 e6 39 f1 46 80 4b fe c3 40 73 03 c7 00 00 
.........9.F.K..@s....

Client->GAME [13:07:19 07/15/09] packet size: 1 CRYPTED, Flags: 7f ServerSeq: 263 ClientSeq: 510
02 
.

GAME->Client [13:07:19 07/15/09] packet size: 696 CRYPTED, Flags: 7f ServerSeq: 488 ClientSeq: 269
02 04 01 01 29 1e 16 80 bc 15 00 39 0b 00 f7 03 00 00 08 02 00 00 00 00 01 00 00 00 00 16 80 bc 
15 00 3a 0b 00 f7 03 00 00 07 02 ec ff ff ff 01 00 00 00 00 16 80 bc 15 00 3b 0b 00 f7 03 00 00 
50 04 00 00 00 00 01 00 00 00 00 16 80 bc 15 00 3c 0b 00 f7 03 00 00 f4 03 00 00 00 00 01 00 00 
00 00 16 80 bc 15 00 3d 0b 00 f7 03 00 00 51 04 f6 ff ff ff 01 00 00 00 00 16 80 bc 15 00 3e 0b 
00 f7 03 00 00 52 04 0f 00 00 00 01 00 00 00 00 16 80 bc 11 00 3f 0b 00 00 00 00 00 cb 02 00 00 
00 00 01 00 00 00 00 16 80 bc 56 00 84 0b 00 0a 95 00 00 06 04 02 00 00 00 01 00 00 00 00 16 80 
bc 56 00 85 0b 00 0a 95 00 00 b4 00 11 00 00 00 01 00 00 00 00 16 80 bc 56 00 86 0b 00 0a 95 00 
00 b5 00 11 00 00 00 01 00 00 00 00 16 80 bc 56 00 87 0b 00 0a 95 00 00 07 04 02 00 00 00 01 00 
00 00 00 16 80 bc 56 00 88 0b 00 8a b2 00 00 23 04 02 00 00 00 01 00 00 00 00 16 80 bc 56 00 89 
0b 00 8a b2 00 00 21 04 01 00 00 00 01 00 00 00 00 16 80 bc 56 00 8a 0b 00 8a b2 00 00 b4 00 1d 
00 00 00 01 00 00 00 00 16 80 bc 56 00 8b 0b 00 8a b2 00 00 09 04 1d 00 00 00 01 00 00 00 00 16 
80 bc 56 00 8c 0b 00 8a b2 00 00 9d 00 1d 00 00 00 01 00 00 00 00 16 80 bc 56 00 8d 0b 00 8a b2 
00 00 06 04 01 00 00 00 01 00 00 00 00 16 80 bc 56 00 8e 0b 00 24 b3 00 00 89 02 02 00 00 00 01 
00 00 00 00 16 80 bc 56 00 8f 0b 00 24 b3 00 00 1a 04 01 00 00 00 01 00 00 00 00 16 80 bc 56 00 
90 0b 00 24 b3 00 00 b4 00 21 00 00 00 01 00 00 00 00 16 80 bc 56 00 91 0b 00 24 b3 00 00 09 04 
21 00 00 00 01 00 00 00 00 16 80 bc 56 00 92 0b 00 24 b3 00 00 15 04 02 00 00 00 01 00 00 00 00 
16 80 bc 56 00 93 0b 00 24 b3 00 00 b5 00 21 00 00 00 01 00 00 00 00 16 80 bc 56 00 94 0b 00 95 
a7 00 00 b4 00 12 00 00 00 01 00 00 00 00 16 80 bc 56 00 95 0b 00 95 a7 00 00 b5 00 12 00 00 00 
01 00 00 00 00 16 80 bc 56 00 96 0b 00 95 a7 00 00 09 04 12 00 00 00 01 00 00 00 00 16 80 bc 56 
00 97 0b 00 95 a7 00 00 70 00 0f 00 00 00 01 00 00 00 00 16 80 bc 56 00 98 0b 00 2c b3 00 00 17 
04 01 00 00 00 01 00 00 00 00 16 80 bc 56 00 99 0b 00 2c b3 00 00 b4 00 21 00 00 00 01 00 00 00 
00 16 80 bc 56 00 9a 0b 00 2c b3 00 00 09 04 21 00 00 00 01 00 00 00 00 
....)......9......................:......................;......P...............<...............
.......=......Q...............>......R...............?....................V.....................
.V......................V......................V......................V........#.............V..
......!.............V......................V......................V......................V......
................V....$.................V....$.................V....$.....!...........V....$.....
!...........V....$.................V....$.....!...........V......................V..............
........V......................V........p.............V....,.................V....,.....!.......
....V....,.....!........

Client->GAME [13:07:19 07/15/09] packet size: 1 CRYPTED, Flags: 7f ServerSeq: 264 ClientSeq: 511
02 
.

GAME->Client [13:07:19 07/15/09] packet size: 696 CRYPTED, Flags: 7f ServerSeq: 489 ClientSeq: 270
02 04 01 01 47 1e 16 80 bc 56 00 9b 0b 00 2c b3 00 00 12 04 02 00 00 00 01 00 00 00 00 16 80 bc 
56 00 9c 0b 00 2c b3 00 00 07 04 02 00 00 00 01 00 00 00 00 16 80 bc 56 00 9d 0b 00 2c b3 00 00 
b5 00 21 00 00 00 01 00 00 00 00 16 80 bc 56 00 9e 0b 00 c3 b2 00 00 89 02 02 00 00 00 01 00 00 
00 00 16 80 bc 56 00 9f 0b 00 c3 b2 00 00 21 04 02 00 00 00 01 00 00 00 00 16 80 bc 56 00 a0 0b 
00 c3 b2 00 00 b4 00 1f 00 00 00 01 00 00 00 00 16 80 bc 56 00 a1 0b 00 c3 b2 00 00 09 04 1f 00 
00 00 01 00 00 00 00 16 80 bc 56 00 a2 0b 00 c3 b2 00 00 1e 04 01 00 00 00 01 00 00 00 00 16 80 
bc 56 00 a3 0b 00 c3 b2 00 00 9d 00 1f 00 00 00 01 00 00 00 00 16 80 bc 55 00 ad 0b 00 02 00 00 
00 cc 00 0c 00 00 00 01 00 00 00 00 16 80 bc 55 00 b7 0b 00 0b 00 00 00 37 02 96 00 00 00 01 00 
00 00 00 16 80 bc 55 00 b8 0b 00 2d 00 00 00 23 04 0a 00 00 00 01 00 00 00 00 16 80 bc 55 00 b9 
0b 00 2d 00 00 00 20 04 0a 00 00 00 01 00 00 00 00 16 80 bc 55 00 ba 0b 00 2d 00 00 00 19 04 05 
00 00 00 01 00 00 00 00 16 80 bc 55 00 bb 0b 00 2d 00 00 00 42 04 05 00 00 00 01 00 00 00 00 16 
80 bc 55 00 bc 0b 00 34 00 00 00 83 02 c8 00 00 00 01 00 00 00 00 16 80 bc 55 00 bd 0b 00 4b 00 
00 00 1f 04 19 00 00 00 01 00 00 00 00 16 80 bc 55 00 be 0b 00 5f 00 00 00 7c 04 0f 00 00 00 01 
00 00 00 00 16 80 bc 55 00 bf 0b 00 5f 00 00 00 07 04 0f 00 00 00 01 00 00 00 00 16 80 bc 55 00 
c0 0b 00 62 00 00 00 06 04 01 00 00 00 01 00 00 00 00 16 80 bc 55 00 c1 0b 00 62 00 00 00 15 04 
01 00 00 00 01 00 00 00 00 16 80 bc 55 00 c2 0b 00 5a 01 00 00 07 04 05 00 00 00 01 00 00 00 00 
16 80 bc 55 00 c3 0b 00 5a 01 00 00 1d 04 0f 00 00 00 01 00 00 00 00 16 80 bc 55 00 c4 0b 00 64 
01 00 00 1f 04 05 00 00 00 01 00 00 00 00 16 80 bc 55 00 c5 0b 00 66 01 00 00 7b 04 05 00 00 00 
01 00 00 00 00 16 80 bc 55 00 c6 0b 00 66 01 00 00 12 04 0a 00 00 00 01 00 00 00 00 16 80 bc 55 
00 c7 0b 00 66 01 00 00 06 04 0b 00 00 00 01 00 00 00 00 16 80 bc 55 00 c8 0b 00 8e 01 00 00 03 
04 05 00 00 00 01 00 00 00 00 16 80 bc 55 00 c9 0b 00 8e 01 00 00 12 04 0f 00 00 00 01 00 00 00 
00 16 80 bc 55 00 ca 0b 00 8e 01 00 00 77 04 05 00 00 00 01 00 00 00 00 
....G....V....,.................V....,.................V....,.....!...........V.................
.....V........!.............V......................V......................V.....................
.V......................U......................U........7.............U....-...#.............U..
..-... .............U....-.................U....-...B.............U....4.................U....K.
................U...._...|.............U...._.................U....b.................U....b.....
............U....Z.................U....Z.................U....d.................U....f...{.....
........U....f.................U....f.................U......................U..................
....U........w..........

Client->GAME [13:07:19 07/15/09] packet size: 1 CRYPTED, Flags: 7f ServerSeq: 265 ClientSeq: 512
02 
.

GAME->Client [13:07:19 07/15/09] packet size: 700 CRYPTED, Flags: 7f ServerSeq: 490 ClientSeq: 271
02 04 02 01 65 03 16 80 bc 55 00 cb 0b 00 cd 01 00 00 e5 03 05 00 00 00 01 00 00 00 00 16 80 bc 
55 00 cc 0b 00 cd 01 00 00 73 04 05 00 00 00 01 00 00 00 00 16 80 bc 55 00 cd 0b 00 cd 01 00 00 
e3 03 0f 00 00 00 01 00 00 00 00 01 68 1c 16 80 bc 55 00 ce 0b 00 d5 01 00 00 e3 03 05 00 00 00 
01 00 00 00 00 16 80 bc 55 00 cf 0b 00 36 02 00 00 37 02 0a 00 00 00 01 00 00 00 00 16 80 bc 55 
00 d0 0b 00 74 02 00 00 34 02 1e 00 00 00 01 00 00 00 00 16 80 bc 15 00 d1 0b 00 11 00 00 00 ab 
00 0d 00 00 00 01 00 00 00 00 16 80 bc 15 00 d2 0b 00 11 00 00 00 0a 02 4d 00 00 00 01 00 00 00 
00 16 80 bc 15 00 d3 0b 00 11 00 00 00 f2 03 34 00 00 00 01 00 00 00 00 16 80 bc 15 00 d4 0b 00 
11 00 00 00 ed 03 4d 00 00 00 01 00 00 00 00 16 80 bc 15 00 d5 0b 00 11 00 00 00 9f 00 19 00 00 
00 01 00 00 00 00 16 80 bc 15 00 d6 0b 00 11 00 00 00 f1 03 34 00 00 00 01 00 00 00 00 16 80 bc 
15 00 d7 0b 00 11 00 00 00 0c 02 34 00 00 00 01 00 00 00 00 16 80 bc 15 00 d8 0b 00 11 00 00 00 
b7 00 4d 00 00 00 01 00 00 00 00 16 80 bc 15 00 d9 0b 00 11 00 00 00 f3 03 46 00 00 00 01 00 00 
00 00 0b 80 bd 05 11 00 00 00 00 00 00 00 16 80 bc 15 00 da 0b 00 11 00 00 00 ab 00 0c 00 00 00 
00 00 00 00 00 16 80 bc 15 00 db 0b 00 11 00 00 00 0a 02 4b 00 00 00 00 00 00 00 00 16 80 bc 15 
00 dc 0b 00 11 00 00 00 f2 03 31 00 00 00 00 00 00 00 00 16 80 bc 15 00 dd 0b 00 11 00 00 00 ed 
03 4b 00 00 00 00 00 00 00 00 16 80 bc 15 00 de 0b 00 11 00 00 00 9f 00 19 00 00 00 00 00 00 00 
00 16 80 bc 15 00 df 0b 00 11 00 00 00 f1 03 31 00 00 00 00 00 00 00 00 16 80 bc 15 00 e0 0b 00 
11 00 00 00 0c 02 34 00 00 00 00 00 00 00 00 16 80 bc 15 00 e1 0b 00 11 00 00 00 b7 00 46 00 00 
00 00 00 00 00 00 16 80 bc 15 00 e2 0b 00 11 00 00 00 f3 03 46 00 00 00 00 00 00 00 00 0b 80 bd 
05 11 00 00 00 00 00 00 01 16 80 bc 15 00 da 0b 00 11 00 00 00 ab 00 0c 00 00 00 01 00 00 00 00 
16 80 bc 15 00 db 0b 00 11 00 00 00 0a 02 4b 00 00 00 01 00 00 00 00 16 80 bc 15 00 dc 0b 00 11 
00 00 00 f2 03 31 00 00 00 01 00 00 00 00 16 80 bc 15 00 dd 0b 00 11 00 00 00 ed 03 4b 00 00 00 
01 00 00 00 00 16 80 bc 15 00 de 0b 00 11 00 00 00 9f 00 19 00 00 00 01 00 00 00 00 
....e....U......................U........s.............U....................h....U..............
........U....6...7.............U....t...4...............................................M.......
...............4......................M.............................................4...........
...........4......................M......................F......................................
...................K......................1......................K..............................
...............1......................4......................F......................F...........
..............................................K......................1......................K...
............................

Client->GAME [13:07:19 07/15/09] packet size: 1 CRYPTED, Flags: 7f ServerSeq: 266 ClientSeq: 513
02 
.

GAME->Client [13:07:19 07/15/09] packet size: 269 CRYPTED, Flags: 7f ServerSeq: 491 ClientSeq: 512
02 04 01 01 84 11 16 80 bc 15 00 df 0b 00 11 00 00 00 f1 03 31 00 00 00 01 00 00 00 00 16 80 bc 
15 00 e0 0b 00 11 00 00 00 0c 02 34 00 00 00 01 00 00 00 00 16 80 bc 15 00 e1 0b 00 11 00 00 00 
b7 00 46 00 00 00 01 00 00 00 00 16 80 bc 15 00 e2 0b 00 11 00 00 00 f3 03 46 00 00 00 01 00 00 
00 00 04 80 b3 11 00 16 80 bc 45 03 11 00 00 02 00 00 00 11 00 32 00 00 00 01 00 00 00 00 04 80 
b3 35 04 16 80 bc 45 03 35 04 00 62 00 00 00 35 04 00 00 00 00 01 00 00 00 00 04 80 b3 3d 04 16 
80 bc 45 03 3d 04 00 43 00 00 00 3d 04 00 00 00 00 01 00 00 00 00 04 80 b3 3e 04 16 80 bc 45 03 
3e 04 00 4f 01 00 00 3e 04 00 00 00 00 01 00 00 00 00 04 80 b3 3f 04 16 80 bc 45 03 3f 04 00 64 
01 00 00 3f 04 00 00 00 00 01 00 00 00 00 04 80 b3 40 04 16 80 bc 45 03 40 04 00 d5 01 00 00 40 
04 00 00 00 00 01 00 00 00 00 02 81 07 
....................1......................4......................F......................F......
..........E..........2...........5....E.5..b...5.............=....E.=..C...=.............>....E.
>..O...>.............?....E.?..d...?.............@....E.@......@.............

Client->GAME [13:07:19 07/15/09] packet size: 13 CRYPTED, Flags: 7f ServerSeq: 267 ClientSeq: 514
02 04 01 00 24 01 06 81 08 00 00 00 00 
....$........

GAME->Client [13:07:19 07/15/09] packet size: 5 CRYPTED, Flags: 7f ServerSeq: 492 ClientSeq: 514
82 9c cb fb 48 
....H

Client->GAME [13:07:19 07/15/09] packet size: 1 CRYPTED, Flags: 7f ServerSeq: 268 ClientSeq: 515
02 
.

GAME->Client [13:07:20 07/15/09] packet size: 1 CRYPTED, Flags: 7f ServerSeq: 493 ClientSeq: 515
42 
B

GAME->Client [13:07:20 07/15/09] packet size: 1 CRYPTED, Flags: 7f ServerSeq: 494 ClientSeq: 515
42 
B

GAME->Client [13:07:20 07/15/09] packet size: 1 CRYPTED, Flags: 7f ServerSeq: 495 ClientSeq: 515
42 
B

Client->GAME [13:07:20 07/15/09] packet size: 1 CRYPTED, Flags: 7f ServerSeq: 270 ClientSeq: 516
42 
B

GAME->Client [13:07:20 07/15/09] packet size: 1 CRYPTED, Flags: 7f ServerSeq: 496 ClientSeq: 515
42 
B

Client->GAME [13:07:20 07/15/09] packet size: 13 CRYPTED, Flags: 0 ServerSeq: 0 ClientSeq: 1
22 04 01 00 00 01 06 81 51 00 00 00 00 
".......Q....

GAME->Client [13:07:20 07/15/09] packet size: 1 CRYPTED, Flags: 7f ServerSeq: 497 ClientSeq: 516
42 
B

GAME->Client [13:07:21 07/15/09] packet size: 72 CRYPTED, Flags: 1 ServerSeq: 2 ClientSeq: 1
02 04 01 00 03 01 41 81 67 17 00 27 00 1c 22 00 c6 01 11 00 00 00 00 00 00 00 37 00 00 08 0e 00 
41 66 74 65 72 57 68 6f 72 75 4e 65 6f 00 0e 00 41 66 74 65 72 57 68 6f 72 75 4e 65 6f 00 02 00 
4b 00 00 00 00 00 00 00 
......A.g..'.."...........7.....AfterWhoruNeo...AfterWhoruNeo...K.......

Client->GAME [13:07:21 07/15/09] packet size: 1 CRYPTED, Flags: 2 ServerSeq: 2 ClientSeq: 2
02 
.

GAME->Client [13:07:21 07/15/09] packet size: 138 CRYPTED, Flags: 3 ServerSeq: 3 ClientSeq: 2
02 04 01 00 00 03 6d 06 0e 00 03 00 00 00 c0 cb fb 48 01 42 00 32 00 72 65 73 6f 75 72 63 65 2f 
77 6f 72 6c 64 73 2f 66 69 6e 61 6c 5f 77 6f 72 6c 64 2f 69 6e 74 65 72 6e 61 74 69 6f 6e 61 6c 
2f 69 74 2e 6d 65 74 72 00 29 00 48 61 6c 6c 6f 77 65 65 6e 5f 45 76 65 6e 74 2c 57 69 6e 74 65 
72 33 50 6c 75 73 48 61 6c 6c 6f 77 65 65 6e 54 53 45 43 00 0a 80 e5 e7 cb c0 12 00 00 00 00 0a 
80 e4 bc 58 7a 00 00 00 00 00 
......m..........H.B.2.resource/worlds/final_world/international/it.metr.).Halloween_Event,Winte
r3PlusHalloweenTSEC................Xz.....

Client->GAME [13:07:21 07/15/09] packet size: 6 CRYPTED, Flags: 5 ServerSeq: 3 ClientSeq: 3
02 05 02 0c 00 00 
......

GAME->Client [13:07:22 07/15/09] packet size: 1 CRYPTED, Flags: 7 ServerSeq: 4 ClientSeq: 3
02 
.

Client->GAME [13:07:25 07/15/09] packet size: 8 CRYPTED, Flags: 5 ServerSeq: 3 ClientSeq: 4
02 04 01 00 01 01 01 05 
........

GAME->Client [13:07:25 07/15/09] packet size: 223 CRYPTED, Flags: f ServerSeq: 5 ClientSeq: 4
82 52 cc fb 48 03 01 00 0c 0c 00 9e cd ab 1c 8b 81 ff 71 02 00 00 41 6e 64 65 72 73 6f 6e 00 00 
00 00 00 00 00 00 00 00 00 00 00 00 00 00 00 00 00 00 00 00 00 00 90 54 68 6f 6d 61 73 00 00 00 
00 00 00 00 00 00 00 00 00 00 00 00 00 00 00 00 00 00 00 00 00 00 00 80 d8 28 0a 0c 00 00 00 01 
8e 81 ff f7 00 31 5e 00 00 c6 67 00 41 66 74 65 72 57 68 6f 72 75 4e 65 6f 00 00 00 00 00 00 00 
00 00 00 00 00 00 00 00 00 00 00 00 28 0a fd 64 01 00 00 67 00 75 d4 01 00 4b b1 00 00 00 00 73 
1a e9 88 80 60 04 00 02 8e 00 00 00 f7 00 9d 00 00 00 00 00 7c c5 40 00 00 00 00 00 c0 57 40 00 
00 00 00 80 87 e1 40 81 ff 32 22 80 89 e5 41 bb 1e 40 1c 01 11 00 00 00 67 00 02 00 00 00 00 
.R..H.............q...Anderson.........................Thomas............................(......
.....1^...g.AfterWhoruNeo...................(..d...g.u...K.....s....`...............|.@......W@.
......@..2"...A..@......g......

Client->GAME [13:07:26 07/15/09] packet size: 55 CRYPTED, Flags: 17 ServerSeq: 5 ClientSeq: 5
02 03 02 00 02 60 08 41 6e 64 65 72 73 6f 6e 06 54 68 6f 6d 61 73 00 00 04 01 00 02 05 02 80 be 
07 3f 4e 00 10 00 00 00 08 3e 6b 00 10 00 00 00 00 02 81 48 02 0c 01 
.....`.Anderson.Thomas...........?N......>k........H...

GAME->Client [13:07:26 07/15/09] packet size: 707 CRYPTED, Flags: 1f ServerSeq: 6 ClientSeq: 5
02 03 01 00 0c 0c 00 9e cd ab 1c 8b 81 ff 71 02 00 00 41 6e 64 65 72 73 6f 6e 00 00 00 00 00 00 
00 00 00 00 00 00 00 00 00 00 00 00 00 00 00 00 00 00 90 54 68 6f 6d 61 73 00 00 00 00 00 00 00 
00 00 00 00 00 00 00 00 00 00 00 00 00 00 00 00 00 00 00 80 d8 28 0a 0c 00 00 00 01 8e 81 ff f7 
00 31 5e 00 00 c6 67 00 41 66 74 65 72 57 68 6f 72 75 4e 65 6f 00 00 00 00 00 00 00 00 00 00 00 
00 00 00 00 00 00 00 00 28 0a fd 64 01 00 00 67 00 75 d4 01 00 4b b1 00 00 00 00 73 1a e9 88 80 
60 04 00 02 8e 00 00 00 f7 00 9d 00 00 00 00 00 7c c5 40 00 00 00 00 00 c0 57 40 00 00 00 00 80 
87 e1 40 81 ff 32 22 80 89 e5 41 bb 1e 40 1c 01 11 00 00 00 67 00 02 00 00 00 00 04 01 00 04 15 
16 80 bc 15 00 da 0b 00 f7 03 00 00 08 02 00 00 00 00 00 00 00 00 00 16 80 bc 15 00 db 0b 00 f7 
03 00 00 07 02 ec ff ff ff 00 00 00 00 00 16 80 bc 15 00 dc 0b 00 f7 03 00 00 50 04 00 00 00 00 
00 00 00 00 00 16 80 bc 15 00 dd 0b 00 f7 03 00 00 f4 03 00 00 00 00 00 00 00 00 00 16 80 bc 15 
00 de 0b 00 f7 03 00 00 51 04 f6 ff ff ff 00 00 00 00 00 16 80 bc 15 00 df 0b 00 f7 03 00 00 52 
04 0f 00 00 00 00 00 00 00 00 16 80 bc 11 00 e0 0b 00 00 00 00 00 cb 02 00 00 00 00 00 00 00 00 
00 16 80 bc 56 00 e1 0b 00 0a 95 00 00 06 04 02 00 00 00 00 00 00 00 00 16 80 bc 56 00 e2 0b 00 
0a 95 00 00 b4 00 11 00 00 00 00 00 00 00 00 16 80 bc 56 00 e3 0b 00 0a 95 00 00 b5 00 11 00 00 
00 00 00 00 00 00 16 80 bc 56 00 e4 0b 00 0a 95 00 00 07 04 02 00 00 00 00 00 00 00 00 16 80 bc 
56 00 e5 0b 00 8a b2 00 00 23 04 02 00 00 00 00 00 00 00 00 16 80 bc 56 00 e6 0b 00 8a b2 00 00 
21 04 01 00 00 00 00 00 00 00 00 16 80 bc 56 00 e7 0b 00 8a b2 00 00 b4 00 1d 00 00 00 00 00 00 
00 00 16 80 bc 56 00 e8 0b 00 8a b2 00 00 09 04 1d 00 00 00 00 00 00 00 00 16 80 bc 56 00 e9 0b 
00 8a b2 00 00 9d 00 1d 00 00 00 00 00 00 00 00 16 80 bc 56 00 ea 0b 00 8a b2 00 00 06 04 01 00 
00 00 00 00 00 00 00 16 80 bc 56 00 eb 0b 00 24 b3 00 00 89 02 02 00 00 00 00 00 00 00 00 16 80 
bc 56 00 ec 0b 00 24 b3 00 00 1a 04 01 00 00 00 00 00 00 00 00 16 80 bc 56 00 ed 0b 00 24 b3 00 
00 b4 00 21 00 00 00 00 00 00 00 00 16 80 bc 56 00 ee 0b 00 24 b3 00 00 09 04 21 00 00 00 00 00 
00 00 00 
..............q...Anderson.........................Thomas............................(..........
.1^...g.AfterWhoruNeo...................(..d...g.u...K.....s....`...............|.@......W@.....
..@..2"...A..@......g.....................................................................P.....
........................................Q......................R................................
....V......................V......................V......................V......................
V........#.............V........!.............V......................V......................V...
...................V......................V....$.................V....$.................V....$..
...!...........V....$.....!........

GAME->Client [13:07:26 07/15/09] packet size: 700 CRYPTED, Flags: 1f ServerSeq: 7 ClientSeq: 5
82 7f cc fb 48 04 01 00 19 1e 16 80 bc 56 00 ef 0b 00 24 b3 00 00 15 04 02 00 00 00 00 00 00 00 
00 16 80 bc 56 00 f0 0b 00 24 b3 00 00 b5 00 21 00 00 00 00 00 00 00 00 16 80 bc 56 00 f1 0b 00 
95 a7 00 00 b4 00 12 00 00 00 00 00 00 00 00 16 80 bc 56 00 f2 0b 00 95 a7 00 00 b5 00 12 00 00 
00 00 00 00 00 00 16 80 bc 56 00 f3 0b 00 95 a7 00 00 09 04 12 00 00 00 00 00 00 00 00 16 80 bc 
56 00 f4 0b 00 95 a7 00 00 70 00 0f 00 00 00 00 00 00 00 00 16 80 bc 56 00 f5 0b 00 2c b3 00 00 
17 04 01 00 00 00 00 00 00 00 00 16 80 bc 56 00 f6 0b 00 2c b3 00 00 b4 00 21 00 00 00 00 00 00 
00 00 16 80 bc 56 00 f7 0b 00 2c b3 00 00 09 04 21 00 00 00 00 00 00 00 00 16 80 bc 56 00 f8 0b 
00 2c b3 00 00 12 04 02 00 00 00 00 00 00 00 00 16 80 bc 56 00 f9 0b 00 2c b3 00 00 07 04 02 00 
00 00 00 00 00 00 00 16 80 bc 56 00 fa 0b 00 2c b3 00 00 b5 00 21 00 00 00 00 00 00 00 00 16 80 
bc 56 00 fb 0b 00 c3 b2 00 00 89 02 02 00 00 00 00 00 00 00 00 16 80 bc 56 00 fc 0b 00 c3 b2 00 
00 21 04 02 00 00 00 00 00 00 00 00 16 80 bc 56 00 fd 0b 00 c3 b2 00 00 b4 00 1f 00 00 00 00 00 
00 00 00 16 80 bc 56 00 fe 0b 00 c3 b2 00 00 09 04 1f 00 00 00 00 00 00 00 00 16 80 bc 56 00 ff 
0b 00 c3 b2 00 00 1e 04 01 00 00 00 00 00 00 00 00 16 80 bc 56 00 00 0c 00 c3 b2 00 00 9d 00 1f 
00 00 00 00 00 00 00 00 16 80 bc 55 00 01 0c 00 02 00 00 00 cc 00 0c 00 00 00 00 00 00 00 00 16 
80 bc 55 00 02 0c 00 0b 00 00 00 37 02 96 00 00 00 00 00 00 00 00 16 80 bc 55 00 03 0c 00 2d 00 
00 00 23 04 0a 00 00 00 00 00 00 00 00 16 80 bc 55 00 04 0c 00 2d 00 00 00 20 04 0a 00 00 00 00 
00 00 00 00 16 80 bc 55 00 05 0c 00 2d 00 00 00 19 04 05 00 00 00 00 00 00 00 00 16 80 bc 55 00 
06 0c 00 2d 00 00 00 42 04 05 00 00 00 00 00 00 00 00 16 80 bc 55 00 07 0c 00 34 00 00 00 83 02 
c8 00 00 00 00 00 00 00 00 16 80 bc 55 00 08 0c 00 4b 00 00 00 1f 04 19 00 00 00 00 00 00 00 00 
16 80 bc 55 00 09 0c 00 5f 00 00 00 7c 04 0f 00 00 00 00 00 00 00 00 16 80 bc 55 00 0a 0c 00 5f 
00 00 00 07 04 0f 00 00 00 00 00 00 00 00 16 80 bc 55 00 0b 0c 00 62 00 00 00 06 04 01 00 00 00 
00 00 00 00 00 16 80 bc 55 00 0c 0c 00 62 00 00 00 15 04 01 00 00 00 00 00 00 00 00 
....H........V....$.................V....$.....!...........V......................V.............
.........V......................V........p.............V....,.................V....,.....!......
.....V....,.....!...........V....,.................V....,.................V....,.....!..........
.V......................V........!.............V......................V......................V..
....................V......................U......................U........7.............U....-.
..#.............U....-... .............U....-.................U....-...B.............U....4.....
............U....K.................U...._...|.............U...._.................U....b.........
........U....b..............

Client->GAME [13:07:26 07/15/09] packet size: 1 CRYPTED, Flags: 5f ServerSeq: 7 ClientSeq: 6
02 
.

GAME->Client [13:07:26 07/15/09] packet size: 711 CRYPTED, Flags: 1f ServerSeq: 8 ClientSeq: 5
02 04 02 00 37 0c 16 80 bc 55 00 0d 0c 00 5a 01 00 00 07 04 05 00 00 00 00 00 00 00 00 16 80 bc 
55 00 0e 0c 00 5a 01 00 00 1d 04 0f 00 00 00 00 00 00 00 00 16 80 bc 55 00 0f 0c 00 64 01 00 00 
1f 04 05 00 00 00 00 00 00 00 00 16 80 bc 55 00 10 0c 00 66 01 00 00 7b 04 05 00 00 00 00 00 00 
00 00 16 80 bc 55 00 11 0c 00 66 01 00 00 12 04 0a 00 00 00 00 00 00 00 00 16 80 bc 55 00 12 0c 
00 66 01 00 00 06 04 0b 00 00 00 00 00 00 00 00 16 80 bc 55 00 13 0c 00 8e 01 00 00 03 04 05 00 
00 00 00 00 00 00 00 16 80 bc 55 00 14 0c 00 8e 01 00 00 12 04 0f 00 00 00 00 00 00 00 00 16 80 
bc 55 00 15 0c 00 8e 01 00 00 77 04 05 00 00 00 00 00 00 00 00 16 80 bc 55 00 16 0c 00 cd 01 00 
00 e5 03 05 00 00 00 00 00 00 00 00 16 80 bc 55 00 17 0c 00 cd 01 00 00 73 04 05 00 00 00 00 00 
00 00 00 16 80 bc 55 00 18 0c 00 cd 01 00 00 e3 03 0f 00 00 00 00 00 00 00 00 00 43 13 16 80 bc 
55 00 19 0c 00 d5 01 00 00 e3 03 05 00 00 00 00 00 00 00 00 16 80 bc 55 00 1a 0c 00 36 02 00 00 
37 02 0a 00 00 00 00 00 00 00 00 16 80 bc 55 00 1b 0c 00 74 02 00 00 34 02 1e 00 00 00 00 00 00 
00 00 16 80 bc 15 00 1c 0c 00 11 00 00 00 ab 00 0d 00 00 00 00 00 00 00 00 16 80 bc 15 00 1d 0c 
00 11 00 00 00 0a 02 4d 00 00 00 00 00 00 00 00 16 80 bc 15 00 1e 0c 00 11 00 00 00 f2 03 34 00 
00 00 00 00 00 00 00 16 80 bc 15 00 1f 0c 00 11 00 00 00 ed 03 4d 00 00 00 00 00 00 00 00 16 80 
bc 15 00 20 0c 00 11 00 00 00 9f 00 19 00 00 00 00 00 00 00 00 16 80 bc 15 00 21 0c 00 11 00 00 
00 f1 03 34 00 00 00 00 00 00 00 00 16 80 bc 15 00 22 0c 00 11 00 00 00 0c 02 34 00 00 00 00 00 
00 00 00 16 80 bc 15 00 23 0c 00 11 00 00 00 b7 00 4d 00 00 00 00 00 00 00 00 16 80 bc 15 00 24 
0c 00 11 00 00 00 f3 03 46 00 00 00 00 00 00 00 00 16 80 bc 45 03 11 00 00 02 00 00 00 11 00 32 
00 00 00 00 00 00 00 00 16 80 bc 45 03 35 04 00 62 00 00 00 35 04 00 00 00 00 00 00 00 00 00 16 
80 bc 45 03 3d 04 00 43 00 00 00 3d 04 00 00 00 00 00 00 00 00 00 16 80 bc 45 03 3e 04 00 4f 01 
00 00 3e 04 00 00 00 00 00 00 00 00 00 16 80 bc 45 03 3f 04 00 64 01 00 00 3f 04 00 00 00 00 00 
00 00 00 00 16 80 bc 45 03 40 04 00 d5 01 00 00 40 04 00 00 00 00 00 00 00 00 00 0b 80 bd 05 11 
00 00 00 00 00 00 01 
....7....U....Z.................U....Z.................U....d.................U....f...{........
.....U....f.................U....f.................U......................U.....................
.U........w.............U......................U........s.............U....................C....
U......................U....6...7.............U....t...4........................................
.......M......................4......................M............. ......................!.....
...4............."........4.............#........M.............$........F...........E..........2
...........E.5..b...5.............E.=..C...=.............E.>..O...>.............E.?..d...?......
.......E.@......@......................

Client->GAME [13:07:27 07/15/09] packet size: 1 CRYPTED, Flags: 3f ServerSeq: 8 ClientSeq: 7
02 
.

GAME->Client [13:07:27 07/15/09] packet size: 696 CRYPTED, Flags: 3f ServerSeq: 9 ClientSeq: 6
02 04 01 00 56 1e 16 80 bc 56 00 e1 0b 00 0a 95 00 00 06 04 02 00 00 00 01 00 00 00 00 16 80 bc 
56 00 e2 0b 00 0a 95 00 00 b4 00 11 00 00 00 01 00 00 00 00 16 80 bc 56 00 e3 0b 00 0a 95 00 00 
b5 00 11 00 00 00 01 00 00 00 00 16 80 bc 56 00 e4 0b 00 0a 95 00 00 07 04 02 00 00 00 01 00 00 
00 00 16 80 bc 56 00 25 0c 00 0a 95 00 00 06 04 02 00 00 00 00 00 00 00 00 16 80 bc 56 00 26 0c 
00 0a 95 00 00 b4 00 11 00 00 00 00 00 00 00 00 16 80 bc 56 00 27 0c 00 0a 95 00 00 b5 00 11 00 
00 00 00 00 00 00 00 16 80 bc 56 00 28 0c 00 0a 95 00 00 07 04 02 00 00 00 00 00 00 00 00 16 80 
bc 56 00 e5 0b 00 8a b2 00 00 23 04 02 00 00 00 01 00 00 00 00 16 80 bc 56 00 e6 0b 00 8a b2 00 
00 21 04 01 00 00 00 01 00 00 00 00 16 80 bc 56 00 e7 0b 00 8a b2 00 00 b4 00 1d 00 00 00 01 00 
00 00 00 16 80 bc 56 00 e8 0b 00 8a b2 00 00 09 04 1d 00 00 00 01 00 00 00 00 16 80 bc 56 00 e9 
0b 00 8a b2 00 00 9d 00 1d 00 00 00 01 00 00 00 00 16 80 bc 56 00 ea 0b 00 8a b2 00 00 06 04 01 
00 00 00 01 00 00 00 00 16 80 bc 56 00 29 0c 00 8a b2 00 00 23 04 02 00 00 00 00 00 00 00 00 16 
80 bc 56 00 2a 0c 00 8a b2 00 00 21 04 01 00 00 00 00 00 00 00 00 16 80 bc 56 00 2b 0c 00 8a b2 
00 00 b4 00 1d 00 00 00 00 00 00 00 00 16 80 bc 56 00 2c 0c 00 8a b2 00 00 09 04 1d 00 00 00 00 
00 00 00 00 16 80 bc 56 00 2d 0c 00 8a b2 00 00 9d 00 1d 00 00 00 00 00 00 00 00 16 80 bc 56 00 
2e 0c 00 8a b2 00 00 06 04 01 00 00 00 00 00 00 00 00 16 80 bc 56 00 eb 0b 00 24 b3 00 00 89 02 
02 00 00 00 01 00 00 00 00 16 80 bc 56 00 ec 0b 00 24 b3 00 00 1a 04 01 00 00 00 01 00 00 00 00 
16 80 bc 56 00 ed 0b 00 24 b3 00 00 b4 00 21 00 00 00 01 00 00 00 00 16 80 bc 56 00 ee 0b 00 24 
b3 00 00 09 04 21 00 00 00 01 00 00 00 00 16 80 bc 56 00 ef 0b 00 24 b3 00 00 15 04 02 00 00 00 
01 00 00 00 00 16 80 bc 56 00 f0 0b 00 24 b3 00 00 b5 00 21 00 00 00 01 00 00 00 00 16 80 bc 56 
00 2f 0c 00 24 b3 00 00 89 02 02 00 00 00 00 00 00 00 00 16 80 bc 56 00 30 0c 00 24 b3 00 00 1a 
04 01 00 00 00 00 00 00 00 00 16 80 bc 56 00 31 0c 00 24 b3 00 00 b4 00 21 00 00 00 00 00 00 00 
00 16 80 bc 56 00 32 0c 00 24 b3 00 00 09 04 21 00 00 00 00 00 00 00 00 
....V....V......................V......................V......................V.................
.....V.%....................V.&....................V.'....................V.(...................
.V........#.............V........!.............V......................V......................V..
....................V......................V.)......#.............V.*......!.............V.+....
................V.,....................V.-....................V......................V....$.....
............V....$.................V....$.....!...........V....$.....!...........V....$.........
........V....$.....!...........V./..$.................V.0..$.................V.1..$.....!.......
....V.2..$.....!........

Client->GAME [13:07:27 07/15/09] packet size: 25 CRYPTED, Flags: 7f ServerSeq: 9 ClientSeq: 8
02 04 01 00 07 01 12 80 c9 07 00 40 07 00 d0 84 46 00 80 13 c4 00 30 f2 46 
...........@....F.....0.F

GAME->Client [13:07:27 07/15/09] packet size: 696 CRYPTED, Flags: 7f ServerSeq: 10 ClientSeq: 7
02 04 01 00 74 1e 16 80 bc 56 00 33 0c 00 24 b3 00 00 15 04 02 00 00 00 00 00 00 00 00 16 80 bc 
56 00 34 0c 00 24 b3 00 00 b5 00 21 00 00 00 00 00 00 00 00 16 80 bc 56 00 f1 0b 00 95 a7 00 00 
b4 00 12 00 00 00 01 00 00 00 00 16 80 bc 56 00 f2 0b 00 95 a7 00 00 b5 00 12 00 00 00 01 00 00 
00 00 16 80 bc 56 00 f3 0b 00 95 a7 00 00 09 04 12 00 00 00 01 00 00 00 00 16 80 bc 56 00 f4 0b 
00 95 a7 00 00 70 00 0f 00 00 00 01 00 00 00 00 16 80 bc 56 00 35 0c 00 95 a7 00 00 b4 00 12 00 
00 00 00 00 00 00 00 16 80 bc 56 00 36 0c 00 95 a7 00 00 b5 00 12 00 00 00 00 00 00 00 00 16 80 
bc 56 00 37 0c 00 95 a7 00 00 09 04 12 00 00 00 00 00 00 00 00 16 80 bc 56 00 38 0c 00 95 a7 00 
00 70 00 0f 00 00 00 00 00 00 00 00 16 80 bc 56 00 f5 0b 00 2c b3 00 00 17 04 01 00 00 00 01 00 
00 00 00 16 80 bc 56 00 f6 0b 00 2c b3 00 00 b4 00 21 00 00 00 01 00 00 00 00 16 80 bc 56 00 f7 
0b 00 2c b3 00 00 09 04 21 00 00 00 01 00 00 00 00 16 80 bc 56 00 f8 0b 00 2c b3 00 00 12 04 02 
00 00 00 01 00 00 00 00 16 80 bc 56 00 f9 0b 00 2c b3 00 00 07 04 02 00 00 00 01 00 00 00 00 16 
80 bc 56 00 fa 0b 00 2c b3 00 00 b5 00 21 00 00 00 01 00 00 00 00 16 80 bc 56 00 39 0c 00 2c b3 
00 00 17 04 01 00 00 00 00 00 00 00 00 16 80 bc 56 00 3a 0c 00 2c b3 00 00 b4 00 21 00 00 00 00 
00 00 00 00 16 80 bc 56 00 3b 0c 00 2c b3 00 00 09 04 21 00 00 00 00 00 00 00 00 16 80 bc 56 00 
3c 0c 00 2c b3 00 00 12 04 02 00 00 00 00 00 00 00 00 16 80 bc 56 00 3d 0c 00 2c b3 00 00 07 04 
02 00 00 00 00 00 00 00 00 16 80 bc 56 00 3e 0c 00 2c b3 00 00 b5 00 21 00 00 00 00 00 00 00 00 
16 80 bc 56 00 fb 0b 00 c3 b2 00 00 89 02 02 00 00 00 01 00 00 00 00 16 80 bc 56 00 fc 0b 00 c3 
b2 00 00 21 04 02 00 00 00 01 00 00 00 00 16 80 bc 56 00 fd 0b 00 c3 b2 00 00 b4 00 1f 00 00 00 
01 00 00 00 00 16 80 bc 56 00 fe 0b 00 c3 b2 00 00 09 04 1f 00 00 00 01 00 00 00 00 16 80 bc 56 
00 ff 0b 00 c3 b2 00 00 1e 04 01 00 00 00 01 00 00 00 00 16 80 bc 56 00 00 0c 00 c3 b2 00 00 9d 
00 1f 00 00 00 01 00 00 00 00 16 80 bc 56 00 3f 0c 00 c3 b2 00 00 89 02 02 00 00 00 00 00 00 00 
00 16 80 bc 56 00 40 0c 00 c3 b2 00 00 21 04 02 00 00 00 00 00 00 00 00 
....t....V.3..$.................V.4..$.....!...........V......................V.................
.....V......................V........p.............V.5....................V.6...................
.V.7....................V.8......p.............V....,.................V....,.....!...........V..
..,.....!...........V....,.................V....,.................V....,.....!...........V.9..,.
................V.:..,.....!...........V.;..,.....!...........V.<..,.................V.=..,.....
............V.>..,.....!...........V......................V........!.............V..............
........V......................V......................V......................V.?................
....V.@......!..........

Client->GAME [13:07:27 07/15/09] packet size: 1 CRYPTED, Flags: 7f ServerSeq: 10 ClientSeq: 9
02 
.

GAME->Client [13:07:27 07/15/09] packet size: 700 CRYPTED, Flags: 7f ServerSeq: 11 ClientSeq: 8
02 04 02 00 92 03 16 80 bc 56 00 41 0c 00 c3 b2 00 00 b4 00 1f 00 00 00 00 00 00 00 00 16 80 bc 
56 00 42 0c 00 c3 b2 00 00 09 04 1f 00 00 00 00 00 00 00 00 16 80 bc 56 00 43 0c 00 c3 b2 00 00 
1e 04 01 00 00 00 00 00 00 00 00 00 95 1c 16 80 bc 56 00 44 0c 00 c3 b2 00 00 9d 00 1f 00 00 00 
00 00 00 00 00 16 80 bc 15 00 1c 0c 00 11 00 00 00 ab 00 0d 00 00 00 01 00 00 00 00 16 80 bc 15 
00 1d 0c 00 11 00 00 00 0a 02 4d 00 00 00 01 00 00 00 00 16 80 bc 15 00 1e 0c 00 11 00 00 00 f2 
03 34 00 00 00 01 00 00 00 00 16 80 bc 15 00 1f 0c 00 11 00 00 00 ed 03 4d 00 00 00 01 00 00 00 
00 16 80 bc 15 00 20 0c 00 11 00 00 00 9f 00 19 00 00 00 01 00 00 00 00 16 80 bc 15 00 21 0c 00 
11 00 00 00 f1 03 34 00 00 00 01 00 00 00 00 16 80 bc 15 00 22 0c 00 11 00 00 00 0c 02 34 00 00 
00 01 00 00 00 00 16 80 bc 15 00 23 0c 00 11 00 00 00 b7 00 4d 00 00 00 01 00 00 00 00 16 80 bc 
15 00 24 0c 00 11 00 00 00 f3 03 46 00 00 00 01 00 00 00 00 0b 80 bd 05 11 00 00 00 00 00 00 00 
16 80 bc 15 00 45 0c 00 11 00 00 00 ab 00 0d 00 00 00 00 00 00 00 00 16 80 bc 15 00 46 0c 00 11 
00 00 00 0a 02 4d 00 00 00 00 00 00 00 00 16 80 bc 15 00 47 0c 00 11 00 00 00 f2 03 34 00 00 00 
00 00 00 00 00 16 80 bc 15 00 48 0c 00 11 00 00 00 ed 03 4d 00 00 00 00 00 00 00 00 16 80 bc 15 
00 49 0c 00 11 00 00 00 9f 00 19 00 00 00 00 00 00 00 00 16 80 bc 15 00 4a 0c 00 11 00 00 00 f1 
03 34 00 00 00 00 00 00 00 00 16 80 bc 15 00 4b 0c 00 11 00 00 00 0c 02 34 00 00 00 00 00 00 00 
00 16 80 bc 15 00 4c 0c 00 11 00 00 00 b7 00 4d 00 00 00 00 00 00 00 00 16 80 bc 15 00 4d 0c 00 
11 00 00 00 f3 03 46 00 00 00 00 00 00 00 00 0b 80 bd 05 11 00 00 00 00 00 00 01 16 80 bc 15 00 
45 0c 00 11 00 00 00 ab 00 0d 00 00 00 01 00 00 00 00 16 80 bc 15 00 46 0c 00 11 00 00 00 0a 02 
4d 00 00 00 01 00 00 00 00 16 80 bc 15 00 47 0c 00 11 00 00 00 f2 03 34 00 00 00 01 00 00 00 00 
16 80 bc 15 00 48 0c 00 11 00 00 00 ed 03 4d 00 00 00 01 00 00 00 00 16 80 bc 15 00 49 0c 00 11 
00 00 00 9f 00 19 00 00 00 01 00 00 00 00 16 80 bc 15 00 4a 0c 00 11 00 00 00 f1 03 34 00 00 00 
01 00 00 00 00 16 80 bc 15 00 4b 0c 00 11 00 00 00 0c 02 34 00 00 00 01 00 00 00 00 
.........V.A....................V.B....................V.C.......................V.D............
..........................................M......................4......................M.......
...... ......................!........4............."........4.............#........M...........
..$........F.........................E......................F........M.............G........4...
..........H........M.............I......................J........4.............K........4.......
......L........M.............M........F.........................E......................F........
M.............G........4.............H........M.............I......................J........4...
..........K........4........

Client->GAME [13:07:27 07/15/09] packet size: 1 CRYPTED, Flags: 7f ServerSeq: 11 ClientSeq: 10
02 
.

GAME->Client [13:07:27 07/15/09] packet size: 701 CRYPTED, Flags: 7f ServerSeq: 12 ClientSeq: 9
02 04 01 00 b1 21 16 80 bc 15 00 4c 0c 00 11 00 00 00 b7 00 4d 00 00 00 01 00 00 00 00 16 80 bc 
15 00 4d 0c 00 11 00 00 00 f3 03 46 00 00 00 01 00 00 00 00 04 80 b3 11 00 16 80 bc 45 03 11 00 
00 02 00 00 00 11 00 32 00 00 00 01 00 00 00 00 16 80 bc 55 00 01 0c 00 02 00 00 00 cc 00 0c 00 
00 00 01 00 00 00 00 08 80 b2 11 00 32 00 08 02 16 80 bc 45 03 11 00 00 02 00 00 00 11 00 32 00 
00 00 00 00 00 00 00 16 80 bc 55 00 4e 0c 00 02 00 00 00 cc 00 0c 00 00 00 00 00 00 00 00 16 80 
bc 15 00 4f 0c 00 11 00 00 00 ab 00 0d 00 00 00 00 00 00 00 00 16 80 bc 15 00 50 0c 00 11 00 00 
00 0a 02 4d 00 00 00 00 00 00 00 00 16 80 bc 15 00 51 0c 00 11 00 00 00 f2 03 34 00 00 00 00 00 
00 00 00 16 80 bc 15 00 52 0c 00 11 00 00 00 ed 03 4d 00 00 00 00 00 00 00 00 16 80 bc 15 00 53 
0c 00 11 00 00 00 9f 00 19 00 00 00 00 00 00 00 00 16 80 bc 15 00 54 0c 00 11 00 00 00 f1 03 34 
00 00 00 00 00 00 00 00 16 80 bc 15 00 55 0c 00 11 00 00 00 0c 02 34 00 00 00 00 00 00 00 00 16 
80 bc 15 00 56 0c 00 11 00 00 00 b7 00 4d 00 00 00 00 00 00 00 00 16 80 bc 15 00 57 0c 00 11 00 
00 00 f3 03 46 00 00 00 00 00 00 00 00 16 80 bc 55 00 02 0c 00 0b 00 00 00 37 02 96 00 00 00 01 
00 00 00 00 16 80 bc 55 00 58 0c 00 0b 00 00 00 37 02 96 00 00 00 00 00 00 00 00 16 80 bc 55 00 
03 0c 00 2d 00 00 00 23 04 0a 00 00 00 01 00 00 00 00 16 80 bc 55 00 04 0c 00 2d 00 00 00 20 04 
0a 00 00 00 01 00 00 00 00 16 80 bc 55 00 05 0c 00 2d 00 00 00 19 04 05 00 00 00 01 00 00 00 00 
16 80 bc 55 00 06 0c 00 2d 00 00 00 42 04 05 00 00 00 01 00 00 00 00 16 80 bc 55 00 59 0c 00 2d 
00 00 00 23 04 0a 00 00 00 00 00 00 00 00 16 80 bc 55 00 5a 0c 00 2d 00 00 00 20 04 0a 00 00 00 
00 00 00 00 00 16 80 bc 55 00 5b 0c 00 2d 00 00 00 19 04 05 00 00 00 00 00 00 00 00 16 80 bc 55 
00 5c 0c 00 2d 00 00 00 42 04 05 00 00 00 00 00 00 00 00 16 80 bc 55 00 07 0c 00 34 00 00 00 83 
02 c8 00 00 00 01 00 00 00 00 16 80 bc 55 00 5d 0c 00 34 00 00 00 83 02 c8 00 00 00 00 00 00 00 
00 04 80 b3 3d 04 16 80 bc 45 03 3d 04 00 43 00 00 00 3d 04 00 00 00 00 01 00 00 00 00 08 80 b2 
3d 04 00 00 08 02 16 80 bc 45 03 3d 04 00 43 00 00 00 3d 04 00 00 00 00 00 00 00 00 00 
.....!.....L........M.............M........F................E..........2...........U............
............2......E..........2...........U.N......................O......................P.....
...M.............Q........4.............R........M.............S......................T........4
.............U........4.............V........M.............W........F...........U........7......
.......U.X......7.............U....-...#.............U....-... .............U....-..............
...U....-...B.............U.Y..-...#.............U.Z..-... .............U.[..-.................U
.\..-...B.............U....4.................U.]..4.................=....E.=..C...=.............
=........E.=..C...=..........

Client->GAME [13:07:27 07/15/09] packet size: 1 CRYPTED, Flags: 7f ServerSeq: 12 ClientSeq: 11
02 
.

GAME->Client [13:07:27 07/15/09] packet size: 695 CRYPTED, Flags: 7f ServerSeq: 13 ClientSeq: 10
02 04 02 00 d2 06 16 80 bc 55 00 08 0c 00 4b 00 00 00 1f 04 19 00 00 00 01 00 00 00 00 16 80 bc 
55 00 5e 0c 00 4b 00 00 00 1f 04 19 00 00 00 00 00 00 00 00 16 80 bc 55 00 09 0c 00 5f 00 00 00 
7c 04 0f 00 00 00 01 00 00 00 00 16 80 bc 55 00 0a 0c 00 5f 00 00 00 07 04 0f 00 00 00 01 00 00 
00 00 16 80 bc 55 00 5f 0c 00 5f 00 00 00 7c 04 0f 00 00 00 00 00 00 00 00 16 80 bc 55 00 60 0c 
00 5f 00 00 00 07 04 0f 00 00 00 00 00 00 00 00 00 d8 1c 16 80 bc 55 00 0b 0c 00 62 00 00 00 06 
04 01 00 00 00 01 00 00 00 00 04 80 b3 35 04 16 80 bc 45 03 35 04 00 62 00 00 00 35 04 00 00 00 
00 01 00 00 00 00 16 80 bc 55 00 0c 0c 00 62 00 00 00 15 04 01 00 00 00 01 00 00 00 00 16 80 bc 
55 00 61 0c 00 62 00 00 00 06 04 01 00 00 00 00 00 00 00 00 08 80 b2 35 04 00 00 08 02 16 80 bc 
45 03 35 04 00 62 00 00 00 35 04 00 00 00 00 00 00 00 00 00 16 80 bc 55 00 62 0c 00 62 00 00 00 
15 04 01 00 00 00 00 00 00 00 00 04 80 b3 3e 04 16 80 bc 45 03 3e 04 00 4f 01 00 00 3e 04 00 00 
00 00 01 00 00 00 00 08 80 b2 3e 04 00 00 08 02 16 80 bc 45 03 3e 04 00 4f 01 00 00 3e 04 00 00 
00 00 00 00 00 00 00 16 80 bc 55 00 0d 0c 00 5a 01 00 00 07 04 05 00 00 00 01 00 00 00 00 16 80 
bc 55 00 0e 0c 00 5a 01 00 00 1d 04 0f 00 00 00 01 00 00 00 00 16 80 bc 55 00 63 0c 00 5a 01 00 
00 07 04 05 00 00 00 00 00 00 00 00 16 80 bc 55 00 64 0c 00 5a 01 00 00 1d 04 0f 00 00 00 00 00 
00 00 00 04 80 b3 3f 04 16 80 bc 45 03 3f 04 00 64 01 00 00 3f 04 00 00 00 00 01 00 00 00 00 16 
80 bc 55 00 0f 0c 00 64 01 00 00 1f 04 05 00 00 00 01 00 00 00 00 08 80 b2 3f 04 00 00 08 02 16 
80 bc 45 03 3f 04 00 64 01 00 00 3f 04 00 00 00 00 00 00 00 00 00 16 80 bc 55 00 65 0c 00 64 01 
00 00 1f 04 05 00 00 00 00 00 00 00 00 16 80 bc 55 00 10 0c 00 66 01 00 00 7b 04 05 00 00 00 01 
00 00 00 00 16 80 bc 55 00 11 0c 00 66 01 00 00 12 04 0a 00 00 00 01 00 00 00 00 16 80 bc 55 00 
12 0c 00 66 01 00 00 06 04 0b 00 00 00 01 00 00 00 00 16 80 bc 55 00 66 0c 00 66 01 00 00 7b 04 
05 00 00 00 00 00 00 00 00 16 80 bc 55 00 67 0c 00 66 01 00 00 12 04 0a 00 00 00 00 00 00 00 00 
16 80 bc 55 00 68 0c 00 66 01 00 00 06 04 0b 00 00 00 00 00 00 00 00 
.........U....K.................U.^..K.................U...._...|.............U...._............
.....U._.._...|.............U.`.._....................U....b.................5....E.5..b...5....
.........U....b.................U.a..b.................5........E.5..b...5.............U.b..b...
..............>....E.>..O...>.............>........E.>..O...>.............U....Z................
.U....Z.................U.c..Z.................U.d..Z.................?....E.?..d...?...........
..U....d.................?........E.?..d...?.............U.e..d.................U....f...{......
.......U....f.................U....f.................U.f..f...{.............U.g..f..............
...U.h..f..............

Client->GAME [13:07:28 07/15/09] packet size: 1 CRYPTED, Flags: 7f ServerSeq: 13 ClientSeq: 12
02 
.

GAME->Client [13:07:28 07/15/09] packet size: 730 CRYPTED, Flags: 7f ServerSeq: 14 ClientSeq: 11
02 03 01 00 0c 57 02 9f cd ab 13 8e 4a 61 64 65 20 4d 6f 6f 6e 20 59 6f 69 00 00 00 00 00 00 00 
00 00 00 00 00 00 00 00 00 00 00 00 00 10 00 00 22 d4 a6 1b 1c 00 c6 01 80 d1 dd 09 00 58 0a 00 
00 00 90 70 03 cd 40 00 00 00 00 00 c0 57 40 00 00 00 c0 ca 8a de 40 c0 01 83 01 03 a8 18 8a 02 
b2 09 8a 02 07 08 00 00 81 ec 1a 00 00 02 06 1d 00 00 01 00 0c 57 02 a0 cd ab 13 8e 4a 61 64 65 
20 4d 6f 6f 6e 20 59 6f 69 00 00 00 00 00 00 00 00 00 00 00 00 00 00 00 00 00 00 00 00 10 00 00 
22 d4 d5 1b 1c 00 c6 01 80 d1 dd 09 00 58 0a 00 00 00 80 06 9f c0 40 00 00 00 00 00 c0 57 40 00 
00 80 8c db c0 dd 40 c0 01 83 01 03 a8 18 8a 02 b2 09 8a 02 07 08 00 00 81 ec 1a 00 00 02 06 1b 
00 00 01 00 0c 57 02 a1 cd ab 11 8e 4a 61 64 65 20 4d 6f 6f 6e 20 59 6f 69 00 00 00 00 00 00 00 
00 00 00 00 00 00 00 00 00 00 00 00 00 10 00 00 22 d4 ea 1b 1c 00 c6 01 80 c1 dd 09 00 58 00 00 
00 d0 27 aa cd 40 00 00 00 00 00 c0 57 40 00 00 00 e0 41 5f de 40 c0 01 82 03 a8 18 8a 02 b2 09 
8a 02 07 08 00 00 81 ec 1a 00 00 02 06 19 00 00 01 00 0c 57 02 a2 cd ab 12 8e 4a 61 64 65 20 4d 
6f 6f 6e 20 45 6e 66 6f 72 63 65 72 00 00 00 00 00 00 00 00 00 00 00 00 00 00 00 10 00 00 22 d4 
77 14 1c 00 c6 01 80 c1 df 09 00 58 00 00 00 a0 07 a3 b6 40 00 00 00 00 00 c0 57 40 00 00 80 2a 
dd 9e df 40 c0 01 83 04 02 a8 15 5e 03 b2 09 5e 03 07 08 00 00 81 ec 1a 00 00 02 05 17 00 00 00 
00 04 01 00 f4 0c 16 80 bc 55 00 13 0c 00 8e 01 00 00 03 04 05 00 00 00 01 00 00 00 00 16 80 bc 
55 00 14 0c 00 8e 01 00 00 12 04 0f 00 00 00 01 00 00 00 00 16 80 bc 55 00 15 0c 00 8e 01 00 00 
77 04 05 00 00 00 01 00 00 00 00 16 80 bc 55 00 69 0c 00 8e 01 00 00 03 04 05 00 00 00 00 00 00 
00 00 16 80 bc 55 00 6a 0c 00 8e 01 00 00 12 04 0f 00 00 00 00 00 00 00 00 16 80 bc 55 00 6b 0c 
00 8e 01 00 00 77 04 05 00 00 00 00 00 00 00 00 16 80 bc 55 00 16 0c 00 cd 01 00 00 e5 03 05 00 
00 00 01 00 00 00 00 16 80 bc 55 00 17 0c 00 cd 01 00 00 73 04 05 00 00 00 01 00 00 00 00 16 80 
bc 55 00 18 0c 00 cd 01 00 00 e3 03 0f 00 00 00 01 00 00 00 00 16 80 bc 55 00 6c 0c 00 cd 01 00 
00 e5 03 05 00 00 00 00 00 00 00 00 16 80 bc 55 00 6d 0c 00 cd 01 00 00 73 04 05 00 00 00 00 00 
00 00 00 16 80 bc 55 00 6e 0c 00 cd 01 00 00 e3 03 0f 00 00 00 00 00 00 00 00 
.....W......Jade Moon Yoi......................."............X.....p..@......W@.......@.........
.....................W......Jade Moon Yoi......................."............X........@......W@.
......@..............................W......Jade Moon Yoi......................."............X..
..'..@......W@....A_.@.............................W......Jade Moon Enforcer..................".
w..........X.......@......W@...*...@.......^...^.........................U......................
U......................U........w.............U.i....................U.j....................U.k.
.....w.............U......................U........s.............U......................U.l.....
...............U.m......s.............U.n.................

Client->GAME [13:07:28 07/15/09] packet size: 1 CRYPTED, Flags: 7f ServerSeq: 14 ClientSeq: 13
02 
.

GAME->Client [13:07:28 07/15/09] packet size: 719 CRYPTED, Flags: 7f ServerSeq: 15 ClientSeq: 12
02 03 01 00 02 14 00 1d 00 02 0e 00 ac c6 f6 67 46 00 00 be 42 66 49 f4 46 01 00 02 13 00 17 00 
02 0c 81 3d 18 b5 45 00 00 be 42 e9 f6 fc 46 01 00 0c 57 02 a3 cd ab 11 8e 4a 61 64 65 20 4d 6f 
6f 6e 20 54 65 6b 69 79 6f 00 00 00 00 00 00 00 00 00 00 00 00 00 00 00 00 00 10 00 00 22 d4 cb 
1c 1c 00 c6 01 80 c1 df 09 00 58 00 00 00 ee 54 13 c9 40 00 00 00 00 00 c0 57 40 00 00 00 a0 08 
f0 dd 40 c0 01 82 02 a8 18 cf 03 b2 09 cf 03 07 08 00 00 81 c7 09 00 00 02 06 15 00 00 01 00 0c 
57 02 a4 cd ab 11 8e 4a 61 64 65 20 4d 6f 6f 6e 20 52 75 6e 6e 65 72 00 00 00 00 00 00 00 00 00 
00 00 00 00 00 00 00 00 10 00 00 22 d4 19 13 1c 00 c6 01 80 c1 dd 09 00 58 00 00 00 a0 c3 9b ca 
40 00 00 00 00 00 c0 57 40 00 00 00 2a ce 23 e1 40 c0 01 82 03 a8 15 3f 02 b2 09 3f 02 07 08 00 
00 81 ec 1a 00 00 02 05 13 00 00 01 00 08 75 95 c2 09 c0 00 53 cd ab 02 09 00 00 00 00 00 ba c3 
40 00 00 00 00 00 c0 57 40 00 00 00 00 c0 8d e1 40 00 00 00 00 f2 04 35 bf 00 00 00 00 f3 04 35 
3f 11 00 00 01 00 0c 57 02 a5 cd ab 11 8e 4a 61 64 65 20 4d 6f 6f 6e 20 59 6f 69 00 00 00 00 00 
00 00 00 00 00 00 00 00 00 00 00 00 00 00 00 10 00 00 22 d4 51 1b 1c 00 c6 01 80 c1 dc 09 00 58 
00 00 00 9e 74 a6 c8 40 00 00 00 00 00 c0 57 40 00 00 00 c0 f6 b4 de 40 c0 01 82 03 a8 18 8a 02 
b2 09 8a 02 07 08 00 00 81 ec 1a 00 00 02 06 0f 00 00 01 00 08 50 02 89 09 c0 00 61 cd ab 02 09 
00 00 00 00 00 4a c5 40 00 00 00 00 00 40 60 40 00 00 00 00 80 87 e1 40 00 00 00 00 f2 04 35 3f 
00 00 00 00 f3 04 35 3f 07 00 00 00 00 04 01 01 00 0b 04 80 b3 40 04 16 80 bc 45 03 40 04 00 d5 
01 00 00 40 04 00 00 00 00 01 00 00 00 00 16 80 bc 55 00 19 0c 00 d5 01 00 00 e3 03 05 00 00 00 
01 00 00 00 00 08 80 b2 40 04 00 00 08 02 16 80 bc 45 03 40 04 00 d5 01 00 00 40 04 00 00 00 00 
00 00 00 00 00 16 80 bc 55 00 6f 0c 00 d5 01 00 00 e3 03 05 00 00 00 00 00 00 00 00 16 80 bc 55 
00 1a 0c 00 36 02 00 00 37 02 0a 00 00 00 01 00 00 00 00 16 80 bc 55 00 70 0c 00 36 02 00 00 37 
02 0a 00 00 00 00 00 00 00 00 16 80 bc 55 00 1b 0c 00 74 02 00 00 34 02 1e 00 00 00 01 00 00 00 
00 16 80 bc 55 00 71 0c 00 74 02 00 00 34 02 1e 00 00 00 00 00 00 00 00 16 80 bc 15 00 4f 0c 00 
11 00 00 00 ab 00 0d 00 00 00 01 00 00 00 00 
...............gF...BfI.F..........=..E...B...F...W......Jade Moon Tekiyo...................."..
..........X....T..@......W@.......@.............................W......Jade Moon Runner.........
..........."............X.......@......W@...*.#.@......?...?..................u.....S...........
@......W@.......@......5.......5?......W......Jade Moon Yoi.......................".Q..........X
....t..@......W@.......@.............................P.....a.........J.@.....@`@.......@......5?
......5?.............@....E.@......@.............U......................@........E.@......@.....
........U.o....................U....6...7.............U.p..6...7.............U....t...4.........
....U.q..t...4...............O.................

Client->GAME [13:07:28 07/15/09] packet size: 1 CRYPTED, Flags: 7f ServerSeq: 15 ClientSeq: 14
02 
.

GAME->Client [13:07:28 07/15/09] packet size: 721 CRYPTED, Flags: 7f ServerSeq: 16 ClientSeq: 13
82 a3 cc fb 48 03 01 00 0c 57 02 a6 cd ab 13 8e 4a 61 64 65 20 4d 6f 6f 6e 20 54 65 6b 69 79 6f 
00 00 00 00 00 00 00 00 00 00 00 00 00 00 00 00 00 10 00 00 22 d4 cc 1c 1c 00 c6 01 80 d1 df 09 
00 58 0a 00 00 00 18 0c 31 cd 40 00 00 00 00 00 c0 57 40 00 00 00 60 12 23 df 40 c0 01 83 01 02 
a8 18 cf 03 b2 09 cf 03 07 08 00 00 81 c7 09 00 00 02 06 0d 00 00 01 00 0c 57 02 a7 cd ab 11 8e 
4a 61 64 65 20 4d 6f 6f 6e 20 59 6f 69 00 00 00 00 00 00 00 00 00 00 00 00 00 00 00 00 00 00 00 
00 10 00 00 22 d4 2e 1b 1c 00 c6 01 80 c1 dd 09 00 58 00 00 00 c8 bc a1 c9 40 00 00 00 00 00 c0 
57 40 00 00 00 60 31 17 de 40 c0 01 82 03 a8 18 8a 02 b2 09 8a 02 07 08 00 00 81 ec 1a 00 00 02 
06 0b 00 00 01 00 0c 57 02 a8 cd ab 13 8e 4a 61 64 65 20 4d 6f 6f 6e 20 45 6e 66 6f 72 63 65 72 
00 00 00 00 00 00 00 00 00 00 00 00 00 00 00 10 00 00 22 d4 9b 14 1c 00 c6 01 80 d1 df 09 00 58 
0a 00 00 00 20 3f d4 ca 40 00 00 00 00 00 c0 57 40 00 00 00 c8 99 01 e1 40 c0 01 83 01 02 a8 15 
5e 03 b2 09 5e 03 07 08 00 00 81 ec 1a 00 00 02 05 09 00 00 01 00 0c 57 02 a9 cd ab 10 8e 4a 61 
64 65 20 4d 6f 6f 6e 20 52 75 6e 6e 65 72 00 00 00 00 00 00 00 00 00 00 00 00 00 00 00 00 00 10 
00 00 22 d0 13 1c 00 c6 01 80 c1 dd 09 00 58 00 00 00 00 80 d7 cb 40 00 00 00 00 00 c0 57 40 00 
00 00 44 34 2b e1 40 c0 01 82 03 a8 15 3f 02 b2 09 3f 02 07 08 00 00 81 ec 1a 00 00 02 05 05 00 
00 00 00 04 01 01 0b 0c 16 80 bc 15 00 50 0c 00 11 00 00 00 0a 02 4d 00 00 00 01 00 00 00 00 16 
80 bc 15 00 51 0c 00 11 00 00 00 f2 03 34 00 00 00 01 00 00 00 00 16 80 bc 15 00 52 0c 00 11 00 
00 00 ed 03 4d 00 00 00 01 00 00 00 00 16 80 bc 15 00 53 0c 00 11 00 00 00 9f 00 19 00 00 00 01 
00 00 00 00 16 80 bc 15 00 54 0c 00 11 00 00 00 f1 03 34 00 00 00 01 00 00 00 00 16 80 bc 15 00 
55 0c 00 11 00 00 00 0c 02 34 00 00 00 01 00 00 00 00 16 80 bc 15 00 56 0c 00 11 00 00 00 b7 00 
4d 00 00 00 01 00 00 00 00 16 80 bc 15 00 57 0c 00 11 00 00 00 f3 03 46 00 00 00 01 00 00 00 00 
0b 80 bd 05 11 00 00 00 00 00 00 00 16 80 bc 15 00 72 0c 00 11 00 00 00 ab 00 0d 00 00 00 00 00 
00 00 00 16 80 bc 15 00 73 0c 00 11 00 00 00 0a 02 4d 00 00 00 00 00 00 00 00 16 80 bc 15 00 74 
0c 00 11 00 00 00 f2 03 34 00 00 00 00 00 00 00 00 
....H....W......Jade Moon Tekiyo...................."............X......1.@......W@...`.#.@.....
.........................W......Jade Moon Yoi......................."............X.......@......
W@...`1..@.............................W......Jade Moon Enforcer.................."............X
.... ?..@......W@.......@.......^...^..................W......Jade Moon Runner..................
.."...........X.......@......W@...D4+.@......?...?...........................P........M.........
....Q........4.............R........M.............S......................T........4.............
U........4.............V........M.............W........F.........................r..............
........s........M.............t........4........

Client->GAME [13:07:29 07/15/09] packet size: 1 CRYPTED, Flags: 7f ServerSeq: 0 ClientSeq: 15
02 
.

GAME->Client [13:07:29 07/15/09] packet size: 714 CRYPTED, Flags: 7f ServerSeq: 17 ClientSeq: 14
02 03 01 00 0c 57 02 aa cd ab 11 8e 4a 61 64 65 20 4d 6f 6f 6e 20 54 65 6b 69 79 6f 00 00 00 00 
00 00 00 00 00 00 00 00 00 00 00 00 00 10 00 00 22 d4 4b 1c 1c 00 c6 01 80 c1 de 09 00 58 00 00 
00 00 5f ab c1 40 00 00 00 00 00 c0 57 40 00 00 00 54 45 2f de 40 c0 01 82 02 a8 18 cf 03 b2 09 
cf 03 07 08 00 00 81 c7 09 00 00 02 06 03 00 00 1d 00 02 0c b1 c6 f6 67 46 00 00 be 42 66 49 f4 
46 1b 00 02 0e 04 e5 e7 83 04 46 00 00 be 42 12 29 ee 46 17 00 02 0e 00 95 3d 18 b5 45 00 00 be 
42 e9 f6 fc 46 00 00 04 02 01 17 07 16 80 bc 15 00 75 0c 00 11 00 00 00 ed 03 4d 00 00 00 00 00 
00 00 00 16 80 bc 15 00 76 0c 00 11 00 00 00 9f 00 19 00 00 00 00 00 00 00 00 16 80 bc 15 00 77 
0c 00 11 00 00 00 f1 03 34 00 00 00 00 00 00 00 00 16 80 bc 15 00 78 0c 00 11 00 00 00 0c 02 34 
00 00 00 00 00 00 00 00 16 80 bc 15 00 79 0c 00 11 00 00 00 b7 00 4d 00 00 00 00 00 00 00 00 16 
80 bc 15 00 7a 0c 00 11 00 00 00 f3 03 46 00 00 00 00 00 00 00 00 0b 80 bd 05 11 00 00 00 00 00 
00 01 01 1e 09 17 3a 05 00 11 00 0a 00 50 76 50 53 65 72 76 65 72 00 04 00 06 00 00 00 1d 3a 05 
00 17 00 10 00 50 76 50 4d 61 78 53 61 66 65 4c 65 76 65 6c 00 04 00 0f 00 00 00 3f 3a 05 00 14 
00 0d 00 57 52 5f 52 65 7a 45 76 65 6e 74 73 00 29 00 48 61 6c 6c 6f 77 65 65 6e 5f 45 76 65 6e 
74 2c 57 69 6e 74 65 72 33 50 6c 75 73 48 61 6c 6c 6f 77 65 65 6e 54 53 45 43 00 1b 3a 05 00 19 
00 12 00 45 76 65 6e 74 53 6c 6f 74 31 5f 45 66 66 65 63 74 00 00 00 28 3a 05 00 19 00 12 00 45 
76 65 6e 74 53 6c 6f 74 32 5f 45 66 66 65 63 74 00 0d 00 66 6c 79 6d 61 6e 5f 69 64 6c 65 33 00 
25 3a 05 00 19 00 12 00 45 76 65 6e 74 53 6c 6f 74 33 5f 45 66 66 65 63 74 00 0a 00 66 6c 79 5f 
76 69 72 75 73 00 1f 3a 05 00 1b 00 14 00 46 69 78 65 64 42 69 6e 6b 49 44 4f 76 65 72 72 69 64 
65 00 02 00 20 00 41 81 67 17 00 27 00 1c 22 00 c6 01 11 00 00 00 00 00 00 00 37 00 00 08 0e 00 
41 66 74 65 72 57 68 6f 72 75 4e 65 6f 00 0e 00 41 66 74 65 72 57 68 6f 72 75 4e 65 6f 00 02 00 
4d 00 00 00 00 00 00 00 41 81 67 17 00 27 00 1c 22 00 c6 01 11 00 00 00 00 00 00 00 37 00 00 08 
0e 00 41 66 74 65 72 57 68 6f 72 75 4e 65 6f 00 0e 00 41 66 74 65 72 57 68 6f 72 75 4e 65 6f 00 
02 00 4d 00 00 00 00 00 00 00 
.....W......Jade Moon Tekiyo....................".K..........X...._..@......W@...TE/.@..........
.......................gF...BfI.F.........F...B.).F......=..E...B...F............u........M.....
........v......................w........4.............x........4.............y........M.........
....z........F........................:......PvPServer........:......PvPMaxSafeLevel.......?:...
...WR_RezEvents.).Halloween_Event,Winter3PlusHalloweenTSEC..:......EventSlot1_Effect...(:......E
ventSlot2_Effect...flyman_idle3.%:......EventSlot3_Effect...fly_virus..:......FixedBinkIDOverrid
e... .A.g..'.."...........7.....AfterWhoruNeo...AfterWhoruNeo...M.......A.g..'.."...........7...
..AfterWhoruNeo...AfterWhoruNeo...M.......

Client->GAME [13:07:29 07/15/09] packet size: 1 CRYPTED, Flags: 7f ServerSeq: 1 ClientSeq: 16
02 
.

Client->GAME [13:07:29 07/15/09] packet size: 9 CRYPTED, Flags: 7f ServerSeq: 1 ClientSeq: 17
02 03 02 00 01 02 05 00 00 
.........

GAME->Client [13:07:29 07/15/09] packet size: 111 CRYPTED, Flags: 7f ServerSeq: 18 ClientSeq: 15
02 03 1b 00 02 0e 04 ef e7 83 04 46 00 00 be 42 12 29 ee 46 17 00 02 0e 00 9f 3d 18 b5 45 00 00 
be 42 e9 f6 fc 46 00 00 04 01 01 27 01 41 81 67 17 00 27 00 1c 22 00 c6 01 11 00 00 00 00 00 00 
00 37 00 00 08 0e 00 41 66 74 65 72 57 68 6f 72 75 4e 65 6f 00 0e 00 41 66 74 65 72 57 68 6f 72 
75 4e 65 6f 00 02 00 4d 00 00 00 00 00 00 00 
...........F...B.).F......=..E...B...F.....'.A.g..'.."...........7.....AfterWhoruNeo...AfterWhor
uNeo...M.......

Client->GAME [13:07:29 07/15/09] packet size: 10 CRYPTED, Flags: 7f ServerSeq: 1 ClientSeq: 18
02 03 02 00 01 06 05 3c 00 00 
.......<..

Client->GAME [13:07:29 07/15/09] packet size: 10 CRYPTED, Flags: 7f ServerSeq: 2 ClientSeq: 19
02 03 02 00 01 06 05 36 00 00 
.......6..

GAME->Client [13:07:29 07/15/09] packet size: 38 CRYPTED, Flags: 7f ServerSeq: 19 ClientSeq: 1
02 03 1b 00 02 0c f9 e7 83 04 46 00 00 be 42 12 29 ee 46 17 00 02 0c a2 3d 18 b5 45 00 00 be 42 
e9 f6 fc 46 00 00 
..........F...B.).F.....=..E...B...F..

Client->GAME [13:07:29 07/15/09] packet size: 10 CRYPTED, Flags: 7f ServerSeq: 2 ClientSeq: 20
02 03 02 00 01 06 05 2f 00 00 
......./..

Client->GAME [13:07:29 07/15/09] packet size: 9 CRYPTED, Flags: 7f ServerSeq: 3 ClientSeq: 21
02 03 02 00 01 04 2a 00 00 
......*..

Client->GAME [13:07:29 07/15/09] packet size: 9 CRYPTED, Flags: 7f ServerSeq: 3 ClientSeq: 22
02 03 02 00 01 04 24 00 00 
......$..

GAME->Client [13:07:29 07/15/09] packet size: 21 CRYPTED, Flags: 7f ServerSeq: 20 ClientSeq: 3
02 03 1b 00 02 0c 03 e7 83 04 46 00 00 be 42 12 29 ee 46 00 00 
..........F...B.).F..

Client->GAME [13:07:29 07/15/09] packet size: 9 CRYPTED, Flags: 7f ServerSeq: 4 ClientSeq: 23
02 03 02 00 01 04 1e 00 00 
.........

Client->GAME [13:07:29 07/15/09] packet size: 9 CRYPTED, Flags: 7f ServerSeq: 4 ClientSeq: 24
02 03 02 00 01 04 17 00 00 
.........

GAME->Client [13:07:29 07/15/09] packet size: 35 CRYPTED, Flags: 7f ServerSeq: 21 ClientSeq: 5
02 03 1b 00 02 0c 0d e7 83 04 46 00 00 be 42 12 29 ee 46 09 00 04 80 80 80 80 c0 4c 0a 00 28 01 
01 00 00 
..........F...B.).F........L..(....

Client->GAME [13:07:29 07/15/09] packet size: 9 CRYPTED, Flags: 7f ServerSeq: 5 ClientSeq: 25
02 03 02 00 01 04 12 00 00 
.........

Client->GAME [13:07:29 07/15/09] packet size: 9 CRYPTED, Flags: 7f ServerSeq: 5 ClientSeq: 26
02 03 02 00 01 04 0c 00 00 
.........

GAME->Client [13:07:29 07/15/09] packet size: 203 CRYPTED, Flags: 7f ServerSeq: 22 ClientSeq: 7
02 03 1b 00 02 0c 17 e7 83 04 46 00 00 be 42 12 29 ee 46 0d 00 02 0c cd ae 84 67 46 00 00 be 42 
5e 67 f9 46 09 00 06 08 76 5b 55 46 00 00 be 42 87 a1 07 47 ff 00 00 00 10 00 00 00 00 00 01 ff 
00 00 00 00 00 00 00 00 00 00 00 00 00 00 00 00 00 00 00 00 00 00 00 00 00 00 02 ff 00 00 00 00 
00 00 00 00 5e 03 00 00 00 00 15 00 00 00 00 00 00 ff 00 00 00 00 00 00 00 00 00 00 00 00 00 00 
00 00 00 00 00 00 00 00 00 00 00 00 00 00 00 00 01 00 5e 03 ff 00 00 00 00 00 00 00 00 ec 1a 00 
00 4c 0a 00 28 ff 01 00 00 00 00 00 00 00 00 00 00 00 df 09 00 58 37 08 00 00 1f 07 08 00 00 00 
00 00 00 22 00 00 00 00 00 00 00 
..........F...B.).F.......gF...B^g.F....v[UF...B...G............................................
....^.............................................^..............L..(................X7.........
...".......

Client->GAME [13:07:29 07/15/09] packet size: 10 CRYPTED, Flags: 7f ServerSeq: 6 ClientSeq: 27
02 03 02 00 01 06 00 0b 00 00 
..........

GAME->Client [13:07:29 07/15/09] packet size: 206 CRYPTED, Flags: 7f ServerSeq: 23 ClientSeq: 9
02 03 1b 00 02 0c 21 e7 83 04 46 00 00 be 42 12 29 ee 46 0d 00 02 0e 00 d4 ae 84 67 46 00 00 be 
42 5e 67 f9 46 09 00 06 0e 04 9f b3 40 55 46 00 00 be 42 81 98 07 47 ff 00 00 00 10 00 00 00 00 
00 01 ff 00 00 00 00 00 00 00 00 00 00 00 00 00 00 00 00 00 00 00 00 00 00 00 00 00 00 02 ff 00 
00 00 00 00 00 00 00 5e 03 00 00 00 00 15 00 00 00 00 00 00 ff 00 00 00 00 00 00 00 00 00 00 00 
00 00 00 00 00 00 00 00 00 00 00 00 00 00 00 00 00 00 00 01 00 5e 03 ff 00 00 00 00 00 00 00 00 
ec 1a 00 00 4c 0a 00 28 ff 01 00 00 00 00 00 00 00 00 00 00 00 df 09 00 58 37 08 00 00 1f 07 08 
00 00 00 00 00 00 22 00 00 00 00 00 00 00 
......!...F...B.).F........gF...B^g.F.......@UF...B...G.........................................
.......^.............................................^..............L..(................X7......
......".......

Client->GAME [13:07:29 07/15/09] packet size: 1 CRYPTED, Flags: 7f ServerSeq: 7 ClientSeq: 28
02 
.

GAME->Client [13:07:29 07/15/09] packet size: 207 CRYPTED, Flags: 7f ServerSeq: 24 ClientSeq: 11
02 03 1b 00 02 0e 00 2b e7 83 04 46 00 00 be 42 12 29 ee 46 0d 00 02 0e 00 d4 ae 84 67 46 00 00 
be 42 5e 67 f9 46 09 00 06 0e 04 a9 b3 40 55 46 00 00 be 42 81 98 07 47 ff 00 00 00 10 00 00 00 
00 00 01 ff 00 00 00 00 00 00 00 00 00 00 00 00 00 00 00 00 00 00 00 00 00 00 00 00 00 00 02 ff 
00 00 00 00 00 00 00 00 5e 03 00 00 00 00 15 00 00 00 00 00 00 ff 00 00 00 00 00 00 00 00 00 00 
00 00 00 00 00 00 00 00 00 00 00 00 00 00 00 00 00 00 00 00 01 00 5e 03 ff 00 00 00 00 00 00 00 
00 ec 1a 00 00 4c 0a 00 28 ff 01 00 00 00 00 00 00 00 00 00 00 00 df 09 00 58 37 08 00 00 1f 07 
08 00 00 00 00 00 00 22 00 00 00 00 00 00 00 
.......+...F...B.).F........gF...B^g.F.......@UF...B...G........................................
........^.............................................^..............L..(................X7.....
.......".......

Client->GAME [13:07:29 07/15/09] packet size: 1 CRYPTED, Flags: 7f ServerSeq: 8 ClientSeq: 29
02 
.

GAME->Client [13:07:30 07/15/09] packet size: 192 CRYPTED, Flags: 7f ServerSeq: 25 ClientSeq: 12
82 c7 cc fb 48 03 1b 00 02 0e 00 32 e7 83 04 46 00 00 be 42 12 29 ee 46 09 00 06 0c b3 b3 40 55 
46 00 00 be 42 81 98 07 47 ff 00 00 00 10 00 00 00 00 00 01 ff 00 00 00 00 00 00 00 00 00 00 00 
00 00 00 00 00 00 00 00 00 00 00 00 00 00 00 02 ff 00 00 00 00 00 00 00 00 5e 03 00 00 00 00 15 
00 00 00 00 00 00 ff 00 00 00 00 00 00 00 00 00 00 00 00 00 00 00 00 00 00 00 00 00 00 00 00 00 
00 00 00 00 00 01 00 5e 03 ff 00 00 00 00 00 00 00 00 ec 1a 00 00 4c 0a 00 28 ff 01 00 00 00 00 
00 00 00 00 00 00 00 df 09 00 58 37 08 00 00 1f 07 08 00 00 00 00 00 00 22 00 00 00 00 00 00 00 
....H......2...F...B.).F......@UF...B...G................................................^......
.......................................^..............L..(................X7............".......

Client->GAME [13:07:30 07/15/09] packet size: 1 CRYPTED, Flags: 7f ServerSeq: 9 ClientSeq: 30
02 
.

GAME->Client [13:07:30 07/15/09] packet size: 171 CRYPTED, Flags: 7f ServerSeq: 26 ClientSeq: 13
02 03 09 00 06 0e 00 bd b3 40 55 46 00 00 be 42 81 98 07 47 ff 00 00 00 10 00 00 00 00 00 01 ff 
00 00 00 00 00 00 00 00 00 00 00 00 00 00 00 00 00 00 00 00 00 00 00 00 00 00 02 ff 00 00 00 00 
00 00 00 00 5e 03 00 00 00 00 15 00 00 00 00 00 00 ff 00 00 00 00 00 00 00 00 00 00 00 00 00 00 
00 00 00 00 00 00 00 00 00 00 00 00 00 00 00 00 01 00 5e 03 ff 00 00 00 00 00 00 00 00 ec 1a 00 
00 4c 0a 00 28 ff 01 00 00 00 00 00 00 00 00 00 00 00 df 09 00 58 37 08 00 00 1f 07 08 00 00 00 
00 00 00 22 00 00 00 00 00 00 00 
.........@UF...B...G................................................^...........................
..................^..............L..(................X7............".......

Client->GAME [13:07:30 07/15/09] packet size: 1 CRYPTED, Flags: 7f ServerSeq: 10 ClientSeq: 31
02 
.

GAME->Client [13:07:30 07/15/09] packet size: 171 CRYPTED, Flags: 7f ServerSeq: 27 ClientSeq: 14
02 03 09 00 06 0e 00 c7 b3 40 55 46 00 00 be 42 81 98 07 47 ff 00 00 00 10 00 00 00 00 00 01 ff 
00 00 00 00 00 00 00 00 00 00 00 00 00 00 00 00 00 00 00 00 00 00 00 00 00 00 02 ff 00 00 00 00 
00 00 00 00 5e 03 00 00 00 00 15 00 00 00 00 00 00 ff 00 00 00 00 00 00 00 00 00 00 00 00 00 00 
00 00 00 00 00 00 00 00 00 00 00 00 00 00 00 00 01 00 5e 03 ff 00 00 00 00 00 00 00 00 ec 1a 00 
00 4c 0a 00 28 ff 01 00 00 00 00 00 00 00 00 00 00 00 df 09 00 58 37 08 00 00 1f 07 08 00 00 00 
00 00 00 22 00 00 00 00 00 00 00 
.........@UF...B...G................................................^...........................
..................^..............L..(................X7............".......

Client->GAME [13:07:30 07/15/09] packet size: 1 CRYPTED, Flags: 7f ServerSeq: 11 ClientSeq: 32
02 
.

GAME->Client [13:07:30 07/15/09] packet size: 170 CRYPTED, Flags: 7f ServerSeq: 28 ClientSeq: 15
02 03 09 00 06 0c c9 b3 40 55 46 00 00 be 42 81 98 07 47 ff 00 00 00 10 00 00 00 00 00 01 ff 00 
00 00 00 00 00 00 00 00 00 00 00 00 00 00 00 00 00 00 00 00 00 00 00 00 00 02 ff 00 00 00 00 00 
00 00 00 5e 03 00 00 00 00 15 00 00 00 00 00 00 ff 00 00 00 00 00 00 00 00 00 00 00 00 00 00 00 
00 00 00 00 00 00 00 00 00 00 00 00 00 00 00 01 00 5e 03 ff 00 00 00 00 00 00 00 00 ec 1a 00 00 
4c 0a 00 28 ff 01 00 00 00 00 00 00 00 00 00 00 00 df 09 00 58 37 08 00 00 1f 07 08 00 00 00 00 
00 00 22 00 00 00 00 00 00 00 
........@UF...B...G................................................^............................
.................^..............L..(................X7............".......

Client->GAME [13:07:30 07/15/09] packet size: 1 CRYPTED, Flags: 7f ServerSeq: 12 ClientSeq: 33
02 
.

Client->GAME [13:07:30 07/15/09] packet size: 12
00 00 00 00 00 01 04 08 f0 ab d9 00 
............

GAME->Client [13:07:30 07/15/09] packet size: 12
00 00 00 00 00 01 04 08 f0 ab d9 00 
............

