Client->GAME [13:14:00 07/15/09] packet size: 25 CRYPTED, Flags: 7f ServerSeq: 1285 ClientSeq: 1319
02 04 01 00 27 01 12 81 8e 08 00 00 00 03 00 00 00 04 00 00 00 03 00 00 00 
....'....................

GAME->Client [13:14:00 07/15/09] packet size: 22 CRYPTED, Flags: 7f ServerSeq: 1302 ClientSeq: 1285
02 03 18 00 02 0e 00 b0 ab 03 db c6 00 00 be 42 5c 04 01 47 00 00 
...............B\..G..

Client->GAME [13:14:00 07/15/09] packet size: 1 CRYPTED, Flags: 7f ServerSeq: 1286 ClientSeq: 1320
02 
.

GAME->Client [13:14:00 07/15/09] packet size: 38 CRYPTED, Flags: 7f ServerSeq: 1303 ClientSeq: 1286
02 03 18 00 02 0e 00 aa ab 03 db c6 00 00 be 42 5c 04 01 47 17 00 02 08 9b 84 cd c6 00 00 be 42 
56 46 e7 46 00 00 
...............B\..G...........BVF.F..

Client->GAME [13:14:00 07/15/09] packet size: 1 CRYPTED, Flags: 7f ServerSeq: 1287 ClientSeq: 1321
02 
.

GAME->Client [13:14:00 07/15/09] packet size: 696 CRYPTED, Flags: 7f ServerSeq: 1304 ClientSeq: 1288
02 04 01 01 2a 1e 16 80 bc 15 00 7b 0c 00 f7 03 00 00 08 02 00 00 00 00 01 00 00 00 00 16 80 bc 
15 00 7c 0c 00 f7 03 00 00 07 02 ec ff ff ff 01 00 00 00 00 16 80 bc 15 00 7d 0c 00 f7 03 00 00 
50 04 00 00 00 00 01 00 00 00 00 16 80 bc 15 00 7e 0c 00 f7 03 00 00 f4 03 00 00 00 00 01 00 00 
00 00 16 80 bc 15 00 7f 0c 00 f7 03 00 00 51 04 f6 ff ff ff 01 00 00 00 00 16 80 bc 15 00 80 0c 
00 f7 03 00 00 52 04 0f 00 00 00 01 00 00 00 00 16 80 bc 11 00 81 0c 00 00 00 00 00 cb 02 00 00 
00 00 01 00 00 00 00 16 80 bc 56 00 c6 0c 00 0a 95 00 00 06 04 02 00 00 00 01 00 00 00 00 16 80 
bc 56 00 c7 0c 00 0a 95 00 00 b4 00 11 00 00 00 01 00 00 00 00 16 80 bc 56 00 c8 0c 00 0a 95 00 
00 b5 00 11 00 00 00 01 00 00 00 00 16 80 bc 56 00 c9 0c 00 0a 95 00 00 07 04 02 00 00 00 01 00 
00 00 00 16 80 bc 56 00 ca 0c 00 8a b2 00 00 23 04 02 00 00 00 01 00 00 00 00 16 80 bc 56 00 cb 
0c 00 8a b2 00 00 21 04 01 00 00 00 01 00 00 00 00 16 80 bc 56 00 cc 0c 00 8a b2 00 00 b4 00 1d 
00 00 00 01 00 00 00 00 16 80 bc 56 00 cd 0c 00 8a b2 00 00 09 04 1d 00 00 00 01 00 00 00 00 16 
80 bc 56 00 ce 0c 00 8a b2 00 00 9d 00 1d 00 00 00 01 00 00 00 00 16 80 bc 56 00 cf 0c 00 8a b2 
00 00 06 04 01 00 00 00 01 00 00 00 00 16 80 bc 56 00 d0 0c 00 24 b3 00 00 89 02 02 00 00 00 01 
00 00 00 00 16 80 bc 56 00 d1 0c 00 24 b3 00 00 1a 04 01 00 00 00 01 00 00 00 00 16 80 bc 56 00 
d2 0c 00 24 b3 00 00 b4 00 21 00 00 00 01 00 00 00 00 16 80 bc 56 00 d3 0c 00 24 b3 00 00 09 04 
21 00 00 00 01 00 00 00 00 16 80 bc 56 00 d4 0c 00 24 b3 00 00 15 04 02 00 00 00 01 00 00 00 00 
16 80 bc 56 00 d5 0c 00 24 b3 00 00 b5 00 21 00 00 00 01 00 00 00 00 16 80 bc 56 00 d6 0c 00 95 
a7 00 00 b4 00 12 00 00 00 01 00 00 00 00 16 80 bc 56 00 d7 0c 00 95 a7 00 00 b5 00 12 00 00 00 
01 00 00 00 00 16 80 bc 56 00 d8 0c 00 95 a7 00 00 09 04 12 00 00 00 01 00 00 00 00 16 80 bc 56 
00 d9 0c 00 95 a7 00 00 70 00 0f 00 00 00 01 00 00 00 00 16 80 bc 56 00 da 0c 00 2c b3 00 00 17 
04 01 00 00 00 01 00 00 00 00 16 80 bc 56 00 db 0c 00 2c b3 00 00 b4 00 21 00 00 00 01 00 00 00 
00 16 80 bc 56 00 dc 0c 00 2c b3 00 00 09 04 21 00 00 00 01 00 00 00 00 
....*......{......................|......................}......P...............~...............
..............Q......................R....................................V.....................
.V......................V......................V......................V........#.............V..
......!.............V......................V......................V......................V......
................V....$.................V....$.................V....$.....!...........V....$.....
!...........V....$.................V....$.....!...........V......................V..............
........V......................V........p.............V....,.................V....,.....!.......
....V....,.....!........

Client->GAME [13:14:00 07/15/09] packet size: 1 CRYPTED, Flags: 7f ServerSeq: 1288 ClientSeq: 1322
02 
.

GAME->Client [13:14:00 07/15/09] packet size: 696 CRYPTED, Flags: 7f ServerSeq: 1305 ClientSeq: 1289
02 04 01 01 48 1e 16 80 bc 56 00 dd 0c 00 2c b3 00 00 12 04 02 00 00 00 01 00 00 00 00 16 80 bc 
56 00 de 0c 00 2c b3 00 00 07 04 02 00 00 00 01 00 00 00 00 16 80 bc 56 00 df 0c 00 2c b3 00 00 
b5 00 21 00 00 00 01 00 00 00 00 16 80 bc 56 00 e0 0c 00 c3 b2 00 00 89 02 02 00 00 00 01 00 00 
00 00 16 80 bc 56 00 e1 0c 00 c3 b2 00 00 21 04 02 00 00 00 01 00 00 00 00 16 80 bc 56 00 e2 0c 
00 c3 b2 00 00 b4 00 1f 00 00 00 01 00 00 00 00 16 80 bc 56 00 e3 0c 00 c3 b2 00 00 09 04 1f 00 
00 00 01 00 00 00 00 16 80 bc 56 00 e4 0c 00 c3 b2 00 00 1e 04 01 00 00 00 01 00 00 00 00 16 80 
bc 56 00 e5 0c 00 c3 b2 00 00 9d 00 1f 00 00 00 01 00 00 00 00 16 80 bc 55 00 ef 0c 00 02 00 00 
00 cc 00 0c 00 00 00 01 00 00 00 00 16 80 bc 55 00 f9 0c 00 0b 00 00 00 37 02 96 00 00 00 01 00 
00 00 00 16 80 bc 55 00 fa 0c 00 2d 00 00 00 23 04 0a 00 00 00 01 00 00 00 00 16 80 bc 55 00 fb 
0c 00 2d 00 00 00 20 04 0a 00 00 00 01 00 00 00 00 16 80 bc 55 00 fc 0c 00 2d 00 00 00 19 04 05 
00 00 00 01 00 00 00 00 16 80 bc 55 00 fd 0c 00 2d 00 00 00 42 04 05 00 00 00 01 00 00 00 00 16 
80 bc 55 00 fe 0c 00 34 00 00 00 83 02 c8 00 00 00 01 00 00 00 00 16 80 bc 55 00 ff 0c 00 4b 00 
00 00 1f 04 19 00 00 00 01 00 00 00 00 16 80 bc 55 00 00 0d 00 5f 00 00 00 7c 04 0f 00 00 00 01 
00 00 00 00 16 80 bc 55 00 01 0d 00 5f 00 00 00 07 04 0f 00 00 00 01 00 00 00 00 16 80 bc 55 00 
02 0d 00 62 00 00 00 06 04 01 00 00 00 01 00 00 00 00 16 80 bc 55 00 03 0d 00 62 00 00 00 15 04 
01 00 00 00 01 00 00 00 00 16 80 bc 55 00 04 0d 00 5a 01 00 00 07 04 05 00 00 00 01 00 00 00 00 
16 80 bc 55 00 05 0d 00 5a 01 00 00 1d 04 0f 00 00 00 01 00 00 00 00 16 80 bc 55 00 06 0d 00 64 
01 00 00 1f 04 05 00 00 00 01 00 00 00 00 16 80 bc 55 00 07 0d 00 66 01 00 00 7b 04 05 00 00 00 
01 00 00 00 00 16 80 bc 55 00 08 0d 00 66 01 00 00 12 04 0a 00 00 00 01 00 00 00 00 16 80 bc 55 
00 09 0d 00 66 01 00 00 06 04 0b 00 00 00 01 00 00 00 00 16 80 bc 55 00 0a 0d 00 8e 01 00 00 03 
04 05 00 00 00 01 00 00 00 00 16 80 bc 55 00 0b 0d 00 8e 01 00 00 12 04 0f 00 00 00 01 00 00 00 
00 16 80 bc 55 00 0c 0d 00 8e 01 00 00 77 04 05 00 00 00 01 00 00 00 00 
....H....V....,.................V....,.................V....,.....!...........V.................
.....V........!.............V......................V......................V.....................
.V......................U......................U........7.............U....-...#.............U..
..-... .............U....-.................U....-...B.............U....4.................U....K.
................U...._...|.............U...._.................U....b.................U....b.....
............U....Z.................U....Z.................U....d.................U....f...{.....
........U....f.................U....f.................U......................U..................
....U........w..........

Client->GAME [13:14:00 07/15/09] packet size: 1 CRYPTED, Flags: 7f ServerSeq: 1289 ClientSeq: 1323
02 
.

GAME->Client [13:14:00 07/15/09] packet size: 700 CRYPTED, Flags: 7f ServerSeq: 1306 ClientSeq: 1290
02 04 02 01 66 03 16 80 bc 55 00 0d 0d 00 cd 01 00 00 e5 03 05 00 00 00 01 00 00 00 00 16 80 bc 
55 00 0e 0d 00 cd 01 00 00 73 04 05 00 00 00 01 00 00 00 00 16 80 bc 55 00 0f 0d 00 cd 01 00 00 
e3 03 0f 00 00 00 01 00 00 00 00 01 69 1c 16 80 bc 55 00 10 0d 00 d5 01 00 00 e3 03 05 00 00 00 
01 00 00 00 00 16 80 bc 55 00 11 0d 00 36 02 00 00 37 02 0a 00 00 00 01 00 00 00 00 16 80 bc 55 
00 12 0d 00 74 02 00 00 34 02 1e 00 00 00 01 00 00 00 00 16 80 bc 15 00 13 0d 00 11 00 00 00 ab 
00 0d 00 00 00 01 00 00 00 00 16 80 bc 15 00 14 0d 00 11 00 00 00 0a 02 4d 00 00 00 01 00 00 00 
00 16 80 bc 15 00 15 0d 00 11 00 00 00 f2 03 34 00 00 00 01 00 00 00 00 16 80 bc 15 00 16 0d 00 
11 00 00 00 ed 03 4d 00 00 00 01 00 00 00 00 16 80 bc 15 00 17 0d 00 11 00 00 00 9f 00 19 00 00 
00 01 00 00 00 00 16 80 bc 15 00 18 0d 00 11 00 00 00 f1 03 34 00 00 00 01 00 00 00 00 16 80 bc 
15 00 19 0d 00 11 00 00 00 0c 02 34 00 00 00 01 00 00 00 00 16 80 bc 15 00 1a 0d 00 11 00 00 00 
b7 00 4d 00 00 00 01 00 00 00 00 16 80 bc 15 00 1b 0d 00 11 00 00 00 f3 03 46 00 00 00 01 00 00 
00 00 0b 80 bd 05 11 00 00 00 00 00 00 00 16 80 bc 15 00 1c 0d 00 11 00 00 00 ab 00 0c 00 00 00 
00 00 00 00 00 16 80 bc 15 00 1d 0d 00 11 00 00 00 0a 02 4b 00 00 00 00 00 00 00 00 16 80 bc 15 
00 1e 0d 00 11 00 00 00 f2 03 31 00 00 00 00 00 00 00 00 16 80 bc 15 00 1f 0d 00 11 00 00 00 ed 
03 4b 00 00 00 00 00 00 00 00 16 80 bc 15 00 20 0d 00 11 00 00 00 9f 00 19 00 00 00 00 00 00 00 
00 16 80 bc 15 00 21 0d 00 11 00 00 00 f1 03 31 00 00 00 00 00 00 00 00 16 80 bc 15 00 22 0d 00 
11 00 00 00 0c 02 34 00 00 00 00 00 00 00 00 16 80 bc 15 00 23 0d 00 11 00 00 00 b7 00 46 00 00 
00 00 00 00 00 00 16 80 bc 15 00 24 0d 00 11 00 00 00 f3 03 46 00 00 00 00 00 00 00 00 0b 80 bd 
05 11 00 00 00 00 00 00 01 16 80 bc 15 00 1c 0d 00 11 00 00 00 ab 00 0c 00 00 00 01 00 00 00 00 
16 80 bc 15 00 1d 0d 00 11 00 00 00 0a 02 4b 00 00 00 01 00 00 00 00 16 80 bc 15 00 1e 0d 00 11 
00 00 00 f2 03 31 00 00 00 01 00 00 00 00 16 80 bc 15 00 1f 0d 00 11 00 00 00 ed 03 4b 00 00 00 
01 00 00 00 00 16 80 bc 15 00 20 0d 00 11 00 00 00 9f 00 19 00 00 00 01 00 00 00 00 
....f....U......................U........s.............U....................i....U..............
........U....6...7.............U....t...4...............................................M.......
...............4......................M.............................................4...........
...........4......................M......................F......................................
...................K......................1......................K............. ................
......!........1............."........4.............#........F.............$........F...........
..............................................K......................1......................K...
.......... .................

Client->GAME [13:14:00 07/15/09] packet size: 1 CRYPTED, Flags: 7f ServerSeq: 1290 ClientSeq: 1324
02 
.

GAME->Client [13:14:00 07/15/09] packet size: 269 CRYPTED, Flags: 7f ServerSeq: 1307 ClientSeq: 1291
02 04 01 01 85 11 16 80 bc 15 00 21 0d 00 11 00 00 00 f1 03 31 00 00 00 01 00 00 00 00 16 80 bc 
15 00 22 0d 00 11 00 00 00 0c 02 34 00 00 00 01 00 00 00 00 16 80 bc 15 00 23 0d 00 11 00 00 00 
b7 00 46 00 00 00 01 00 00 00 00 16 80 bc 15 00 24 0d 00 11 00 00 00 f3 03 46 00 00 00 01 00 00 
00 00 04 80 b3 11 00 16 80 bc 45 03 11 00 00 02 00 00 00 11 00 32 00 00 00 01 00 00 00 00 04 80 
b3 35 04 16 80 bc 45 03 35 04 00 62 00 00 00 35 04 00 00 00 00 01 00 00 00 00 04 80 b3 3d 04 16 
80 bc 45 03 3d 04 00 43 00 00 00 3d 04 00 00 00 00 01 00 00 00 00 04 80 b3 3e 04 16 80 bc 45 03 
3e 04 00 4f 01 00 00 3e 04 00 00 00 00 01 00 00 00 00 04 80 b3 3f 04 16 80 bc 45 03 3f 04 00 64 
01 00 00 3f 04 00 00 00 00 01 00 00 00 00 04 80 b3 40 04 16 80 bc 45 03 40 04 00 d5 01 00 00 40 
04 00 00 00 00 01 00 00 00 00 02 81 07 
...........!........1............."........4.............#........F.............$........F......
..........E..........2...........5....E.5..b...5.............=....E.=..C...=.............>....E.
>..O...>.............?....E.?..d...?.............@....E.@......@.............

Client->GAME [13:14:00 07/15/09] packet size: 13 CRYPTED, Flags: 7f ServerSeq: 1291 ClientSeq: 1325
02 04 01 00 28 01 06 81 08 00 00 00 00 
....(........

GAME->Client [13:14:00 07/15/09] packet size: 1 CRYPTED, Flags: 7f ServerSeq: 1308 ClientSeq: 1293
02 
.

GAME->Client [13:14:01 07/15/09] packet size: 5 CRYPTED, Flags: 7f ServerSeq: 1309 ClientSeq: 1293
c2 c7 fd fb 48 
....H

Client->GAME [13:14:01 07/15/09] packet size: 1 CRYPTED, Flags: 7f ServerSeq: 1293 ClientSeq: 1326
02 
.

Client->GAME [13:14:01 07/15/09] packet size: 1 CRYPTED, Flags: 7f ServerSeq: 1293 ClientSeq: 1327
42 
B

GAME->Client [13:14:01 07/15/09] packet size: 1 CRYPTED, Flags: 7f ServerSeq: 1310 ClientSeq: 1293
42 
B

GAME->Client [13:14:01 07/15/09] packet size: 1 CRYPTED, Flags: 7f ServerSeq: 1311 ClientSeq: 1294
42 
B

Client->GAME [13:14:01 07/15/09] packet size: 13 CRYPTED, Flags: 0 ServerSeq: 0 ClientSeq: 1
22 04 01 00 00 01 06 81 51 00 00 00 00 
".......Q....

GAME->Client [13:14:02 07/15/09] packet size: 72 CRYPTED, Flags: 1 ServerSeq: 2 ClientSeq: 1
02 04 01 00 03 01 41 81 67 17 00 27 00 1c 22 00 c6 01 11 00 00 00 00 00 00 00 37 00 00 08 0e 00 
41 66 74 65 72 57 68 6f 72 75 4e 65 6f 00 0e 00 41 66 74 65 72 57 68 6f 72 75 4e 65 6f 00 02 00 
4b 00 00 00 00 00 00 00 
......A.g..'.."...........7.....AfterWhoruNeo...AfterWhoruNeo...K.......

Client->GAME [13:14:02 07/15/09] packet size: 1 CRYPTED, Flags: 2 ServerSeq: 2 ClientSeq: 2
02 
.

GAME->Client [13:14:02 07/15/09] packet size: 138 CRYPTED, Flags: 3 ServerSeq: 3 ClientSeq: 2
02 04 01 00 00 03 6d 06 0e 00 03 00 00 00 d3 fd fb 48 01 42 00 32 00 72 65 73 6f 75 72 63 65 2f 
77 6f 72 6c 64 73 2f 66 69 6e 61 6c 5f 77 6f 72 6c 64 2f 69 6e 74 65 72 6e 61 74 69 6f 6e 61 6c 
2f 69 74 2e 6d 65 74 72 00 29 00 48 61 6c 6c 6f 77 65 65 6e 5f 45 76 65 6e 74 2c 57 69 6e 74 65 
72 33 50 6c 75 73 48 61 6c 6c 6f 77 65 65 6e 54 53 45 43 00 0a 80 e5 e7 cb c0 12 00 00 00 00 0a 
80 e4 bc 58 7a 00 00 00 00 00 
......m..........H.B.2.resource/worlds/final_world/international/it.metr.).Halloween_Event,Winte
r3PlusHalloweenTSEC................Xz.....

Client->GAME [13:14:02 07/15/09] packet size: 6 CRYPTED, Flags: 5 ServerSeq: 3 ClientSeq: 3
02 05 02 0c 00 00 
......

GAME->Client [13:14:03 07/15/09] packet size: 1 CRYPTED, Flags: 7 ServerSeq: 4 ClientSeq: 3
02 
.

Client->GAME [13:14:05 07/15/09] packet size: 8 CRYPTED, Flags: 5 ServerSeq: 3 ClientSeq: 4
02 04 01 00 01 01 01 05 
........

GAME->Client [13:14:06 07/15/09] packet size: 222 CRYPTED, Flags: f ServerSeq: 5 ClientSeq: 4
82 61 fe fb 48 03 01 00 0c 0c 00 b2 cd ab 1b 8b 81 ff 71 02 00 00 41 6e 64 65 72 73 6f 6e 00 00 
00 00 00 00 00 00 00 00 00 00 00 00 00 00 00 00 00 00 00 00 00 00 90 54 68 6f 6d 61 73 00 00 00 
00 00 00 00 00 00 00 00 00 00 00 00 00 00 00 00 00 00 00 00 00 00 00 80 d8 28 0a 0c 00 00 00 01 
8e 81 ff f7 00 31 5e 00 00 c6 67 00 41 66 74 65 72 57 68 6f 72 75 4e 65 6f 00 00 00 00 00 00 00 
00 00 00 00 00 00 00 00 00 00 00 00 28 0a fd 64 01 00 00 67 00 75 d4 01 00 4b b1 00 00 00 00 73 
1a e9 88 80 60 04 00 02 8e 00 00 00 f7 00 9d 00 00 00 00 00 aa de 40 00 00 00 00 00 90 7f c0 00 
00 00 00 00 dc ce 40 81 ff 32 22 80 81 ac c6 bf 1e 1c 01 11 00 00 00 67 00 02 00 00 00 00 
.a..H.............q...Anderson.........................Thomas............................(......
.....1^...g.AfterWhoruNeo...................(..d...g.u...K.....s....`.................@.........
......@..2"............g......

Client->GAME [13:14:07 07/15/09] packet size: 55 CRYPTED, Flags: 17 ServerSeq: 5 ClientSeq: 5
02 03 02 00 02 60 08 41 6e 64 65 72 73 6f 6e 06 54 68 6f 6d 61 73 00 00 04 01 00 02 05 02 80 be 
07 3f 4e 00 10 00 00 00 08 3e 6b 00 10 00 00 00 00 02 81 48 02 0c 01 
.....`.Anderson.Thomas...........?N......>k........H...

GAME->Client [13:14:07 07/15/09] packet size: 706 CRYPTED, Flags: 1f ServerSeq: 6 ClientSeq: 5
02 03 01 00 0c 0c 00 b2 cd ab 1b 8b 81 ff 71 02 00 00 41 6e 64 65 72 73 6f 6e 00 00 00 00 00 00 
00 00 00 00 00 00 00 00 00 00 00 00 00 00 00 00 00 00 90 54 68 6f 6d 61 73 00 00 00 00 00 00 00 
00 00 00 00 00 00 00 00 00 00 00 00 00 00 00 00 00 00 00 80 d8 28 0a 0c 00 00 00 01 8e 81 ff f7 
00 31 5e 00 00 c6 67 00 41 66 74 65 72 57 68 6f 72 75 4e 65 6f 00 00 00 00 00 00 00 00 00 00 00 
00 00 00 00 00 00 00 00 28 0a fd 64 01 00 00 67 00 75 d4 01 00 4b b1 00 00 00 00 73 1a e9 88 80 
60 04 00 02 8e 00 00 00 f7 00 9d 00 00 00 00 00 aa de 40 00 00 00 00 00 90 7f c0 00 00 00 00 00 
dc ce 40 81 ff 32 22 80 81 ac c6 bf 1e 1c 01 11 00 00 00 67 00 02 00 00 00 00 04 01 00 04 15 16 
80 bc 15 00 1c 0d 00 f7 03 00 00 08 02 00 00 00 00 00 00 00 00 00 16 80 bc 15 00 1d 0d 00 f7 03 
00 00 07 02 ec ff ff ff 00 00 00 00 00 16 80 bc 15 00 1e 0d 00 f7 03 00 00 50 04 00 00 00 00 00 
00 00 00 00 16 80 bc 15 00 1f 0d 00 f7 03 00 00 f4 03 00 00 00 00 00 00 00 00 00 16 80 bc 15 00 
20 0d 00 f7 03 00 00 51 04 f6 ff ff ff 00 00 00 00 00 16 80 bc 15 00 21 0d 00 f7 03 00 00 52 04 
0f 00 00 00 00 00 00 00 00 16 80 bc 11 00 22 0d 00 00 00 00 00 cb 02 00 00 00 00 00 00 00 00 00 
16 80 bc 56 00 23 0d 00 0a 95 00 00 06 04 02 00 00 00 00 00 00 00 00 16 80 bc 56 00 24 0d 00 0a 
95 00 00 b4 00 11 00 00 00 00 00 00 00 00 16 80 bc 56 00 25 0d 00 0a 95 00 00 b5 00 11 00 00 00 
00 00 00 00 00 16 80 bc 56 00 26 0d 00 0a 95 00 00 07 04 02 00 00 00 00 00 00 00 00 16 80 bc 56 
00 27 0d 00 8a b2 00 00 23 04 02 00 00 00 00 00 00 00 00 16 80 bc 56 00 28 0d 00 8a b2 00 00 21 
04 01 00 00 00 00 00 00 00 00 16 80 bc 56 00 29 0d 00 8a b2 00 00 b4 00 1d 00 00 00 00 00 00 00 
00 16 80 bc 56 00 2a 0d 00 8a b2 00 00 09 04 1d 00 00 00 00 00 00 00 00 16 80 bc 56 00 2b 0d 00 
8a b2 00 00 9d 00 1d 00 00 00 00 00 00 00 00 16 80 bc 56 00 2c 0d 00 8a b2 00 00 06 04 01 00 00 
00 00 00 00 00 00 16 80 bc 56 00 2d 0d 00 24 b3 00 00 89 02 02 00 00 00 00 00 00 00 00 16 80 bc 
56 00 2e 0d 00 24 b3 00 00 1a 04 01 00 00 00 00 00 00 00 00 16 80 bc 56 00 2f 0d 00 24 b3 00 00 
b4 00 21 00 00 00 00 00 00 00 00 16 80 bc 56 00 30 0d 00 24 b3 00 00 09 04 21 00 00 00 00 00 00 
00 00 
..............q...Anderson.........................Thomas............................(..........
.1^...g.AfterWhoruNeo...................(..d...g.u...K.....s....`.................@.............
..@..2"............g.....................................................................P......
................................ ......Q...............!......R...............".................
...V.#....................V.$....................V.%....................V.&....................V
.'......#.............V.(......!.............V.)....................V.*....................V.+..
..................V.,....................V.-..$.................V....$.................V./..$...
..!...........V.0..$.....!........

Client->GAME [13:14:07 07/15/09] packet size: 1 CRYPTED, Flags: 2f ServerSeq: 6 ClientSeq: 6
02 
.

GAME->Client [13:14:07 07/15/09] packet size: 125 CRYPTED, Flags: 1f ServerSeq: 7 ClientSeq: 5
82 8d fe fb 48 04 01 00 19 05 16 80 bc 56 00 31 0d 00 24 b3 00 00 15 04 02 00 00 00 00 00 00 00 
00 16 80 bc 56 00 32 0d 00 24 b3 00 00 b5 00 21 00 00 00 00 00 00 00 00 16 80 bc 56 00 33 0d 00 
95 a7 00 00 b4 00 12 00 00 00 00 00 00 00 00 16 80 bc 56 00 34 0d 00 95 a7 00 00 b5 00 12 00 00 
00 00 00 00 00 00 16 80 bc 56 00 35 0d 00 95 a7 00 00 09 04 12 00 00 00 00 00 00 00 00 
....H........V.1..$.................V.2..$.....!...........V.3....................V.4...........
.........V.5.................

Client->GAME [13:14:07 07/15/09] packet size: 1 CRYPTED, Flags: 5f ServerSeq: 7 ClientSeq: 7
02 
.

GAME->Client [13:14:07 07/15/09] packet size: 144 CRYPTED, Flags: 1f ServerSeq: 8 ClientSeq: 5
02 04 01 00 1e 06 16 80 bc 56 00 36 0d 00 95 a7 00 00 70 00 0f 00 00 00 00 00 00 00 00 16 80 bc 
56 00 37 0d 00 2c b3 00 00 17 04 01 00 00 00 00 00 00 00 00 16 80 bc 56 00 38 0d 00 2c b3 00 00 
b4 00 21 00 00 00 00 00 00 00 00 16 80 bc 56 00 39 0d 00 2c b3 00 00 09 04 21 00 00 00 00 00 00 
00 00 16 80 bc 56 00 3a 0d 00 2c b3 00 00 12 04 02 00 00 00 00 00 00 00 00 16 80 bc 56 00 3b 0d 
00 2c b3 00 00 07 04 02 00 00 00 00 00 00 00 00 
.........V.6......p.............V.7..,.................V.8..,.....!...........V.9..,.....!......
.....V.:..,.................V.;..,..............

Client->GAME [13:14:07 07/15/09] packet size: 1 CRYPTED, Flags: 3f ServerSeq: 8 ClientSeq: 8
02 
.

GAME->Client [13:14:07 07/15/09] packet size: 144 CRYPTED, Flags: 7f ServerSeq: 9 ClientSeq: 7
02 04 01 00 24 06 16 80 bc 56 00 3c 0d 00 2c b3 00 00 b5 00 21 00 00 00 00 00 00 00 00 16 80 bc 
56 00 3d 0d 00 c3 b2 00 00 89 02 02 00 00 00 00 00 00 00 00 16 80 bc 56 00 3e 0d 00 c3 b2 00 00 
21 04 02 00 00 00 00 00 00 00 00 16 80 bc 56 00 3f 0d 00 c3 b2 00 00 b4 00 1f 00 00 00 00 00 00 
00 00 16 80 bc 56 00 40 0d 00 c3 b2 00 00 09 04 1f 00 00 00 00 00 00 00 00 16 80 bc 56 00 41 0d 
00 c3 b2 00 00 1e 04 01 00 00 00 00 00 00 00 00 
....$....V.<..,.....!...........V.=....................V.>......!.............V.?...............
.....V.@....................V.A.................

Client->GAME [13:14:07 07/15/09] packet size: 1 CRYPTED, Flags: 7f ServerSeq: 9 ClientSeq: 9
02 
.

GAME->Client [13:14:07 07/15/09] packet size: 144 CRYPTED, Flags: 7f ServerSeq: 10 ClientSeq: 8
02 04 01 00 2a 06 16 80 bc 56 00 42 0d 00 c3 b2 00 00 9d 00 1f 00 00 00 00 00 00 00 00 16 80 bc 
55 00 43 0d 00 02 00 00 00 cc 00 0c 00 00 00 00 00 00 00 00 16 80 bc 55 00 44 0d 00 0b 00 00 00 
37 02 96 00 00 00 00 00 00 00 00 16 80 bc 55 00 45 0d 00 2d 00 00 00 23 04 0a 00 00 00 00 00 00 
00 00 16 80 bc 55 00 46 0d 00 2d 00 00 00 20 04 0a 00 00 00 00 00 00 00 00 16 80 bc 55 00 47 0d 
00 2d 00 00 00 19 04 05 00 00 00 00 00 00 00 00 
....*....V.B....................U.C....................U.D......7.............U.E..-...#........
.....U.F..-... .............U.G..-..............

Client->GAME [13:14:08 07/15/09] packet size: 1 CRYPTED, Flags: 7f ServerSeq: 10 ClientSeq: 10
02 
.

GAME->Client [13:14:08 07/15/09] packet size: 167 CRYPTED, Flags: 7f ServerSeq: 11 ClientSeq: 9
02 04 01 00 30 07 16 80 bc 55 00 48 0d 00 2d 00 00 00 42 04 05 00 00 00 00 00 00 00 00 16 80 bc 
55 00 49 0d 00 34 00 00 00 83 02 c8 00 00 00 00 00 00 00 00 16 80 bc 55 00 4a 0d 00 4b 00 00 00 
1f 04 19 00 00 00 00 00 00 00 00 16 80 bc 55 00 4b 0d 00 5f 00 00 00 7c 04 0f 00 00 00 00 00 00 
00 00 16 80 bc 55 00 4c 0d 00 5f 00 00 00 07 04 0f 00 00 00 00 00 00 00 00 16 80 bc 55 00 4d 0d 
00 62 00 00 00 06 04 01 00 00 00 00 00 00 00 00 16 80 bc 55 00 4e 0d 00 62 00 00 00 15 04 01 00 
00 00 00 00 00 00 00 
....0....U.H..-...B.............U.I..4.................U.J..K.................U.K.._...|........
.....U.L.._.................U.M..b.................U.N..b..............

Client->GAME [13:14:08 07/15/09] packet size: 1 CRYPTED, Flags: 7f ServerSeq: 11 ClientSeq: 11
02 
.

GAME->Client [13:14:08 07/15/09] packet size: 167 CRYPTED, Flags: 7f ServerSeq: 12 ClientSeq: 10
02 04 01 00 37 07 16 80 bc 55 00 4f 0d 00 5a 01 00 00 07 04 05 00 00 00 00 00 00 00 00 16 80 bc 
55 00 50 0d 00 5a 01 00 00 1d 04 0f 00 00 00 00 00 00 00 00 16 80 bc 55 00 51 0d 00 64 01 00 00 
1f 04 05 00 00 00 00 00 00 00 00 16 80 bc 55 00 52 0d 00 66 01 00 00 7b 04 05 00 00 00 00 00 00 
00 00 16 80 bc 55 00 53 0d 00 66 01 00 00 12 04 0a 00 00 00 00 00 00 00 00 16 80 bc 55 00 54 0d 
00 66 01 00 00 06 04 0b 00 00 00 00 00 00 00 00 16 80 bc 55 00 55 0d 00 8e 01 00 00 03 04 05 00 
00 00 00 00 00 00 00 
....7....U.O..Z.................U.P..Z.................U.Q..d.................U.R..f...{........
.....U.S..f.................U.T..f.................U.U.................

Client->GAME [13:14:08 07/15/09] packet size: 1 CRYPTED, Flags: 7f ServerSeq: 12 ClientSeq: 12
02 
.

Client->GAME [13:14:08 07/15/09] packet size: 44 CRYPTED, Flags: 7f ServerSeq: 12 ClientSeq: 13
02 04 01 00 07 02 12 80 c9 07 00 10 11 00 28 20 47 00 c0 94 c4 00 00 7a 44 12 80 c9 07 00 e0 04 
00 28 20 47 00 80 13 c4 00 30 f2 46 
..............( G......zD........( G.....0.F

GAME->Client [13:14:08 07/15/09] packet size: 170 CRYPTED, Flags: 7f ServerSeq: 13 ClientSeq: 11
02 04 02 00 3e 05 16 80 bc 55 00 56 0d 00 8e 01 00 00 12 04 0f 00 00 00 00 00 00 00 00 16 80 bc 
55 00 57 0d 00 8e 01 00 00 77 04 05 00 00 00 00 00 00 00 00 16 80 bc 55 00 58 0d 00 cd 01 00 00 
e5 03 05 00 00 00 00 00 00 00 00 16 80 bc 55 00 59 0d 00 cd 01 00 00 73 04 05 00 00 00 00 00 00 
00 00 16 80 bc 55 00 5a 0d 00 cd 01 00 00 e3 03 0f 00 00 00 00 00 00 00 00 00 43 02 16 80 bc 55 
00 5b 0d 00 d5 01 00 00 e3 03 05 00 00 00 00 00 00 00 00 16 80 bc 55 00 5c 0d 00 36 02 00 00 37 
02 0a 00 00 00 00 00 00 00 00 
....>....U.V....................U.W......w.............U.X....................U.Y......s........
.....U.Z..................C....U.[....................U.\..6...7..........

Client->GAME [13:14:08 07/15/09] packet size: 1 CRYPTED, Flags: 7f ServerSeq: 13 ClientSeq: 14
02 
.

GAME->Client [13:14:08 07/15/09] packet size: 190 CRYPTED, Flags: 7f ServerSeq: 14 ClientSeq: 12
02 03 01 00 0c 57 02 b3 cd ab 13 8e 47 72 65 61 74 20 57 61 6c 6c 20 53 65 63 75 72 69 74 79 20 
53 6f 63 68 6f 00 00 00 00 00 00 00 00 10 00 00 22 d4 80 24 1c 00 c6 01 80 d1 5c 0a 00 58 0a 00 
00 00 90 aa 05 d9 40 00 00 00 00 00 90 7f c0 00 00 00 0e 5f 81 ca 40 c0 01 83 01 02 a8 12 ee 02 
b2 09 ee 02 07 08 00 00 81 e5 1a 00 00 02 04 39 00 00 00 00 04 01 00 45 03 16 80 bc 55 00 5d 0d 
00 74 02 00 00 34 02 1e 00 00 00 00 00 00 00 00 16 80 bc 15 00 5e 0d 00 11 00 00 00 ab 00 0d 00 
00 00 00 00 00 00 00 16 80 bc 15 00 5f 0d 00 11 00 00 00 0a 02 4d 00 00 00 00 00 00 00 00 
.....W......Great Wall Security Socho..........."..$......\..X........@............_..@.........
...............9.......E....U.]..t...4...............^......................_........M........

Client->GAME [13:14:08 07/15/09] packet size: 1 CRYPTED, Flags: 7f ServerSeq: 14 ClientSeq: 15
02 
.

GAME->Client [13:14:08 07/15/09] packet size: 190 CRYPTED, Flags: 7f ServerSeq: 15 ClientSeq: 14
02 03 01 00 0c 57 02 b4 cd ab 13 8e 47 72 65 61 74 20 57 61 6c 6c 20 53 65 63 75 72 69 74 79 20 
4f 66 66 69 63 65 72 00 00 00 00 00 00 10 00 00 22 d4 1f 20 1c 00 c6 01 80 d1 5b 0a 00 58 0a 00 
00 00 44 f7 a1 de 40 00 00 00 00 00 5c 97 40 00 00 00 e0 c5 64 c7 40 c0 01 83 01 02 a8 10 a3 02 
b2 09 a3 02 07 08 00 00 81 e5 1a 00 00 02 04 37 00 00 00 00 04 01 00 48 03 16 80 bc 15 00 60 0d 
00 11 00 00 00 f2 03 34 00 00 00 00 00 00 00 00 16 80 bc 15 00 61 0d 00 11 00 00 00 ed 03 4d 00 
00 00 00 00 00 00 00 16 80 bc 15 00 62 0d 00 11 00 00 00 9f 00 19 00 00 00 00 00 00 00 00 
.....W......Great Wall Security Officer.........".. ......[..X....D...@.....\.@.....d.@.........
...............7.......H......`........4.............a........M.............b.................

Client->GAME [13:14:08 07/15/09] packet size: 1 CRYPTED, Flags: 7f ServerSeq: 15 ClientSeq: 16
02 
.

Client->GAME [13:14:08 07/15/09] packet size: 25 CRYPTED, Flags: 7f ServerSeq: 15 ClientSeq: 17
02 04 01 00 09 01 12 80 c9 1b 00 e0 07 00 f8 27 47 00 80 13 c4 00 d0 84 46 
...............'G.......F

GAME->Client [13:14:08 07/15/09] packet size: 213 CRYPTED, Flags: 7f ServerSeq: 16 ClientSeq: 15
82 b1 fe fb 48 03 01 00 02 12 00 37 00 02 08 4f 2e f5 46 00 e0 ba 44 06 68 3b 46 01 00 0c 57 02 
b5 cd ab 11 8e 47 72 65 61 74 20 57 61 6c 6c 20 53 65 63 75 72 69 74 79 20 4f 66 66 69 63 65 72 
00 00 00 00 00 00 10 00 00 22 d4 4d 20 1c 00 c6 01 80 c1 5c 0a 00 58 00 00 00 58 b0 04 e1 40 00 
00 00 00 00 90 7f c0 00 00 00 c0 bc 4d c3 40 c0 01 82 02 a8 10 a3 02 b2 09 a3 02 07 08 00 00 81 
e5 1a 00 00 02 04 35 00 00 00 00 04 01 00 4b 03 16 80 bc 15 00 63 0d 00 11 00 00 00 f1 03 34 00 
00 00 00 00 00 00 00 16 80 bc 15 00 64 0d 00 11 00 00 00 0c 02 34 00 00 00 00 00 00 00 00 16 80 
bc 15 00 65 0d 00 11 00 00 00 b7 00 4d 00 00 00 00 00 00 00 00 
....H......7...O..F...D.h;F...W......Great Wall Security Officer.........".M ......\..X...X...@.
............M.@.......................5.......K......c........4.............d........4..........
...e........M........

Client->GAME [13:14:08 07/15/09] packet size: 1 CRYPTED, Flags: 7f ServerSeq: 0 ClientSeq: 18
02 
.

GAME->Client [13:14:08 07/15/09] packet size: 221 CRYPTED, Flags: 7f ServerSeq: 17 ClientSeq: 1
02 03 01 00 0c 57 02 b6 cd ab 15 8e 41 63 63 65 6c 65 72 61 74 65 64 20 4d 61 63 68 69 6e 65 00 
00 00 00 00 00 00 00 00 00 00 00 00 00 10 00 00 22 d5 03 3d 01 03 00 04 01 80 c3 36 00 00 4e 66 
00 00 04 00 00 00 58 9b 6d da 40 00 00 00 00 00 40 5a c0 00 00 00 d8 ae eb d0 40 c0 01 9a 01 14 
00 00 00 3f a8 2a 98 08 b2 04 98 08 07 08 00 00 81 22 b6 00 00 02 0a 33 00 00 00 00 04 01 00 4e 
04 16 80 bc 15 00 66 0d 00 11 00 00 00 f3 03 46 00 00 00 00 00 00 00 00 16 80 bc 45 03 11 00 00 
02 00 00 00 11 00 32 00 00 00 00 00 00 00 00 16 80 bc 45 03 35 04 00 62 00 00 00 35 04 00 00 00 
00 00 00 00 00 00 16 80 bc 45 03 3d 04 00 43 00 00 00 3d 04 00 00 00 00 00 00 00 00 00 
.....W......Accelerated Machine................."..=.......6..Nf......X.m.@.....@Z........@.....
...?.*...........".....3.......N......f........F...........E..........2...........E.5..b...5....
.........E.=..C...=..........

Client->GAME [13:14:08 07/15/09] packet size: 1 CRYPTED, Flags: 7f ServerSeq: 1 ClientSeq: 19
02 
.

GAME->Client [13:14:08 07/15/09] packet size: 229 CRYPTED, Flags: 7f ServerSeq: 18 ClientSeq: 2
02 03 01 00 0c 57 02 b7 cd ab 11 8e 47 72 65 61 74 20 57 61 6c 6c 20 53 65 63 75 72 69 74 79 20 
58 75 65 20 59 75 61 6e 00 00 00 00 00 10 00 00 22 d4 c6 28 1c 00 c6 01 80 c1 5b 0a 00 58 00 00 
00 70 54 7a de 40 00 00 00 00 00 90 7f c0 00 00 00 b0 b9 3f d4 40 c0 01 82 02 a8 13 13 03 b2 09 
13 03 07 08 00 00 81 e5 1a 00 00 02 04 31 00 00 01 00 08 50 02 ab 09 c0 15 5b cd ab 01 01 00 00 
00 00 00 aa de 40 00 00 00 00 00 30 7d c0 00 00 00 00 00 aa ce 40 0d 00 00 00 00 04 01 00 52 03 
16 80 bc 45 03 3e 04 00 4f 01 00 00 3e 04 00 00 00 00 00 00 00 00 00 16 80 bc 45 03 3f 04 00 64 
01 00 00 3f 04 00 00 00 00 00 00 00 00 00 16 80 bc 45 03 40 04 00 d5 01 00 00 40 04 00 00 00 00 
00 00 00 00 00 
.....W......Great Wall Security Xue Yuan........"..(......[..X...pTz.@.............?.@..........
.............1.....P.....[...........@.....0}........@........R....E.>..O...>.............E.?..d
...?.............E.@......@..........

Client->GAME [13:14:08 07/15/09] packet size: 1 CRYPTED, Flags: 7f ServerSeq: 2 ClientSeq: 20
02 
.

