Client->GAME [10:51:41 07/15/09] packet size: 17 CRYPTED, Flags: 7f ServerSeq: 11 ClientSeq: 13
02 04 01 00 03 01 0a 80 ff 03 00 00 00 07 00 00 00 
.................

GAME->Client [10:51:41 07/15/09] packet size: 1 CRYPTED, Flags: 7f ServerSeq: 12 ClientSeq: 13
02 
.

GAME->Client [10:51:41 07/15/09] packet size: 700 CRYPTED, Flags: ff ServerSeq: 13 ClientSeq: 13
82 0c d0 f7 48 04 01 00 89 1e 16 80 bc 15 00 91 00 00 f7 03 00 00 08 02 00 00 00 00 01 00 00 00 
00 16 80 bc 15 00 92 00 00 f7 03 00 00 07 02 ec ff ff ff 01 00 00 00 00 16 80 bc 15 00 93 00 00 
f7 03 00 00 50 04 00 00 00 00 01 00 00 00 00 16 80 bc 15 00 94 00 00 f7 03 00 00 f4 03 00 00 00 
00 01 00 00 00 00 16 80 bc 15 00 95 00 00 f7 03 00 00 51 04 f6 ff ff ff 01 00 00 00 00 16 80 bc 
15 00 96 00 00 f7 03 00 00 52 04 0f 00 00 00 01 00 00 00 00 16 80 bc 11 00 d2 00 00 00 00 00 00 
cb 02 00 00 00 00 01 00 00 00 00 16 80 bc 56 00 d3 00 00 0a 95 00 00 06 04 02 00 00 00 01 00 00 
00 00 16 80 bc 56 00 d4 00 00 0a 95 00 00 b4 00 11 00 00 00 01 00 00 00 00 16 80 bc 56 00 d5 00 
00 0a 95 00 00 b5 00 11 00 00 00 01 00 00 00 00 16 80 bc 56 00 d6 00 00 0a 95 00 00 07 04 02 00 
00 00 01 00 00 00 00 16 80 bc 56 00 d7 00 00 8a b2 00 00 23 04 02 00 00 00 01 00 00 00 00 16 80 
bc 56 00 d8 00 00 8a b2 00 00 21 04 01 00 00 00 01 00 00 00 00 16 80 bc 56 00 d9 00 00 8a b2 00 
00 b4 00 1d 00 00 00 01 00 00 00 00 16 80 bc 56 00 da 00 00 8a b2 00 00 09 04 1d 00 00 00 01 00 
00 00 00 16 80 bc 56 00 db 00 00 8a b2 00 00 9d 00 1d 00 00 00 01 00 00 00 00 16 80 bc 56 00 dc 
00 00 8a b2 00 00 06 04 01 00 00 00 01 00 00 00 00 16 80 bc 56 00 dd 00 00 24 b3 00 00 89 02 02 
00 00 00 01 00 00 00 00 16 80 bc 56 00 de 00 00 24 b3 00 00 1a 04 01 00 00 00 01 00 00 00 00 16 
80 bc 56 00 df 00 00 24 b3 00 00 b4 00 21 00 00 00 01 00 00 00 00 16 80 bc 56 00 e0 00 00 24 b3 
00 00 09 04 21 00 00 00 01 00 00 00 00 16 80 bc 56 00 e1 00 00 24 b3 00 00 15 04 02 00 00 00 01 
00 00 00 00 16 80 bc 56 00 e2 00 00 24 b3 00 00 b5 00 21 00 00 00 01 00 00 00 00 16 80 bc 56 00 
e3 00 00 95 a7 00 00 b4 00 12 00 00 00 01 00 00 00 00 16 80 bc 56 00 e4 00 00 95 a7 00 00 b5 00 
12 00 00 00 01 00 00 00 00 16 80 bc 56 00 e5 00 00 95 a7 00 00 09 04 12 00 00 00 01 00 00 00 00 
16 80 bc 56 00 e6 00 00 95 a7 00 00 70 00 0f 00 00 00 01 00 00 00 00 16 80 bc 56 00 e7 00 00 2c 
b3 00 00 17 04 01 00 00 00 01 00 00 00 00 16 80 bc 56 00 e8 00 00 2c b3 00 00 b4 00 21 00 00 00 
01 00 00 00 00 16 80 bc 56 00 e9 00 00 2c b3 00 00 09 04 21 00 00 00 01 00 00 00 00 
....H...............................................................P...........................
..................Q......................R....................................V.................
.....V......................V......................V......................V........#............
.V........!.............V......................V......................V......................V..
....................V....$.................V....$.................V....$.....!...........V....$.
....!...........V....$.................V....$.....!...........V......................V..........
............V......................V........p.............V....,.................V....,.....!...
........V....,.....!........

Client->GAME [10:51:41 07/15/09] packet size: 1 CRYPTED, Flags: 7f ServerSeq: 13 ClientSeq: 14
02 
.

GAME->Client [10:51:41 07/15/09] packet size: 696 CRYPTED, Flags: 7f ServerSeq: 14 ClientSeq: 13
02 04 01 00 a7 1e 16 80 bc 56 00 ea 00 00 2c b3 00 00 12 04 02 00 00 00 01 00 00 00 00 16 80 bc 
56 00 eb 00 00 2c b3 00 00 07 04 02 00 00 00 01 00 00 00 00 16 80 bc 56 00 ec 00 00 2c b3 00 00 
b5 00 21 00 00 00 01 00 00 00 00 16 80 bc 56 00 ed 00 00 c3 b2 00 00 89 02 02 00 00 00 01 00 00 
00 00 16 80 bc 56 00 ee 00 00 c3 b2 00 00 21 04 02 00 00 00 01 00 00 00 00 16 80 bc 56 00 ef 00 
00 c3 b2 00 00 b4 00 1f 00 00 00 01 00 00 00 00 16 80 bc 56 00 f0 00 00 c3 b2 00 00 09 04 1f 00 
00 00 01 00 00 00 00 16 80 bc 56 00 f1 00 00 c3 b2 00 00 1e 04 01 00 00 00 01 00 00 00 00 16 80 
bc 56 00 f2 00 00 c3 b2 00 00 9d 00 1f 00 00 00 01 00 00 00 00 16 80 bc 55 00 f3 00 00 02 00 00 
00 cc 00 0c 00 00 00 01 00 00 00 00 16 80 bc 55 00 f4 00 00 0b 00 00 00 37 02 96 00 00 00 01 00 
00 00 00 16 80 bc 55 00 f5 00 00 2d 00 00 00 23 04 0a 00 00 00 01 00 00 00 00 16 80 bc 55 00 f6 
00 00 2d 00 00 00 20 04 0a 00 00 00 01 00 00 00 00 16 80 bc 55 00 f7 00 00 2d 00 00 00 19 04 05 
00 00 00 01 00 00 00 00 16 80 bc 55 00 f8 00 00 2d 00 00 00 42 04 05 00 00 00 01 00 00 00 00 16 
80 bc 55 00 f9 00 00 34 00 00 00 83 02 c8 00 00 00 01 00 00 00 00 16 80 bc 55 00 fa 00 00 4b 00 
00 00 1f 04 19 00 00 00 01 00 00 00 00 16 80 bc 55 00 fb 00 00 5f 00 00 00 7c 04 0f 00 00 00 01 
00 00 00 00 16 80 bc 55 00 fc 00 00 5f 00 00 00 07 04 0f 00 00 00 01 00 00 00 00 16 80 bc 55 00 
fd 00 00 62 00 00 00 06 04 01 00 00 00 01 00 00 00 00 16 80 bc 55 00 fe 00 00 62 00 00 00 15 04 
01 00 00 00 01 00 00 00 00 16 80 bc 55 00 ff 00 00 5a 01 00 00 07 04 05 00 00 00 01 00 00 00 00 
16 80 bc 55 00 00 01 00 5a 01 00 00 1d 04 0f 00 00 00 01 00 00 00 00 16 80 bc 55 00 01 01 00 64 
01 00 00 1f 04 05 00 00 00 01 00 00 00 00 16 80 bc 55 00 02 01 00 66 01 00 00 7b 04 05 00 00 00 
01 00 00 00 00 16 80 bc 55 00 03 01 00 66 01 00 00 12 04 0a 00 00 00 01 00 00 00 00 16 80 bc 55 
00 04 01 00 66 01 00 00 06 04 0b 00 00 00 01 00 00 00 00 16 80 bc 55 00 05 01 00 8e 01 00 00 03 
04 05 00 00 00 01 00 00 00 00 16 80 bc 55 00 06 01 00 8e 01 00 00 12 04 0f 00 00 00 01 00 00 00 
00 16 80 bc 55 00 07 01 00 8e 01 00 00 77 04 05 00 00 00 01 00 00 00 00 
.........V....,.................V....,.................V....,.....!...........V.................
.....V........!.............V......................V......................V.....................
.V......................U......................U........7.............U....-...#.............U..
..-... .............U....-.................U....-...B.............U....4.................U....K.
................U...._...|.............U...._.................U....b.................U....b.....
............U....Z.................U....Z.................U....d.................U....f...{.....
........U....f.................U....f.................U......................U..................
....U........w..........

Client->GAME [10:51:41 07/15/09] packet size: 1 CRYPTED, Flags: 7f ServerSeq: 14 ClientSeq: 15
02 
.

GAME->Client [10:51:41 07/15/09] packet size: 318 CRYPTED, Flags: 7f ServerSeq: 15 ClientSeq: 14
02 04 02 00 c5 03 16 80 bc 55 00 08 01 00 cd 01 00 00 e5 03 05 00 00 00 01 00 00 00 00 16 80 bc 
55 00 09 01 00 cd 01 00 00 73 04 05 00 00 00 01 00 00 00 00 16 80 bc 55 00 0a 01 00 cd 01 00 00 
e3 03 0f 00 00 00 01 00 00 00 00 00 c8 10 16 80 bc 55 00 0b 01 00 d5 01 00 00 e3 03 05 00 00 00 
01 00 00 00 00 16 80 bc 55 00 0c 01 00 36 02 00 00 37 02 0a 00 00 00 01 00 00 00 00 16 80 bc 55 
00 0d 01 00 74 02 00 00 34 02 1e 00 00 00 01 00 00 00 00 04 80 b3 11 00 16 80 bc 45 03 11 00 00 
02 00 00 00 11 00 32 00 00 00 01 00 00 00 00 04 80 b3 35 04 16 80 bc 45 03 35 04 00 62 00 00 00 
35 04 00 00 00 00 01 00 00 00 00 04 80 b3 3d 04 16 80 bc 45 03 3d 04 00 43 00 00 00 3d 04 00 00 
00 00 01 00 00 00 00 04 80 b3 3e 04 16 80 bc 45 03 3e 04 00 4f 01 00 00 3e 04 00 00 00 00 01 00 
00 00 00 04 80 b3 3f 04 16 80 bc 45 03 3f 04 00 64 01 00 00 3f 04 00 00 00 00 01 00 00 00 00 04 
80 b3 40 04 16 80 bc 45 03 40 04 00 d5 01 00 00 40 04 00 00 00 00 01 00 00 00 00 02 81 07 
.........U......................U........s.............U.........................U..............
........U....6...7.............U....t...4..................E..........2...........5....E.5..b...
5.............=....E.=..C...=.............>....E.>..O...>.............?....E.?..d...?...........
..@....E.@......@.............

Client->GAME [10:51:42 07/15/09] packet size: 13 CRYPTED, Flags: 7f ServerSeq: 15 ClientSeq: 16
02 04 01 00 04 01 06 81 08 00 00 00 00 
.............

GAME->Client [10:51:42 07/15/09] packet size: 1 CRYPTED, Flags: 7f ServerSeq: 16 ClientSeq: 0
02 
.

GAME->Client [10:51:43 07/15/09] packet size: 1 CRYPTED, Flags: 7f ServerSeq: 17 ClientSeq: 0
42 
B

Client->GAME [10:51:43 07/15/09] packet size: 1 CRYPTED, Flags: 7f ServerSeq: 1 ClientSeq: 17
42 
B

GAME->Client [10:51:43 07/15/09] packet size: 5 CRYPTED, Flags: 7f ServerSeq: 18 ClientSeq: 0
c2 3c d0 f7 48 
.<..H

GAME->Client [10:51:43 07/15/09] packet size: 1 CRYPTED, Flags: 7f ServerSeq: 19 ClientSeq: 1
42 
B

GAME->Client [10:51:43 07/15/09] packet size: 112 CRYPTED, Flags: 0 ServerSeq: 2 ClientSeq: 0
02 04 01 00 03 02 34 2e 07 00 00 00 00 00 00 00 00 00 00 00 64 00 00 2e 00 24 00 00 00 00 00 00 
00 00 00 00 00 00 00 00 00 00 00 0e 00 41 66 74 65 72 57 68 6f 72 75 4e 65 6f 00 34 2e 07 00 00 
00 00 00 00 00 00 00 00 00 64 00 00 2e 00 24 00 00 00 00 00 00 00 00 00 00 00 00 00 00 00 00 00 
0e 00 41 66 74 65 72 57 68 6f 72 75 4e 65 6f 00 
......4.............d....$...................AfterWhoruNeo.4.............d....$.................
..AfterWhoruNeo.

Client->GAME [10:51:43 07/15/09] packet size: 1 CRYPTED, Flags: 2 ServerSeq: 2 ClientSeq: 1
02 
.

GAME->Client [10:51:44 07/15/09] packet size: 138 CRYPTED, Flags: 1 ServerSeq: 3 ClientSeq: 1
02 04 01 00 00 03 6d 06 0e 00 03 00 00 00 99 d2 f7 48 01 42 00 32 00 72 65 73 6f 75 72 63 65 2f 
77 6f 72 6c 64 73 2f 66 69 6e 61 6c 5f 77 6f 72 6c 64 2f 69 6e 74 65 72 6e 61 74 69 6f 6e 61 6c 
2f 69 74 2e 6d 65 74 72 00 29 00 48 61 6c 6c 6f 77 65 65 6e 5f 45 76 65 6e 74 2c 57 69 6e 74 65 
72 33 50 6c 75 73 48 61 6c 6c 6f 77 65 65 6e 54 53 45 43 00 0a 80 e5 e7 cb c0 12 00 00 00 00 0a 
80 e4 bc 58 7a 00 00 00 00 00 
......m..........H.B.2.resource/worlds/final_world/international/it.metr.).Halloween_Event,Winte
r3PlusHalloweenTSEC................Xz.....

Client->GAME [10:51:44 07/15/09] packet size: 6 CRYPTED, Flags: 5 ServerSeq: 3 ClientSeq: 2
02 05 02 0c 00 00 
......

GAME->Client [10:51:44 07/15/09] packet size: 1 CRYPTED, Flags: 3 ServerSeq: 4 ClientSeq: 2
02 
.

Client->GAME [10:51:47 07/15/09] packet size: 12
00 00 00 00 00 01 04 08 30 6f 5d 00 
........0o].

Client->GAME [10:51:47 07/15/09] packet size: 8 CRYPTED, Flags: 5 ServerSeq: 3 ClientSeq: 3
02 04 01 00 00 01 01 05 
........

GAME->Client [10:51:47 07/15/09] packet size: 12
00 00 00 00 00 01 04 08 30 6f 5d 00 
........0o].

GAME->Client [10:51:48 07/15/09] packet size: 225 CRYPTED, Flags: 7 ServerSeq: 5 ClientSeq: 3
82 29 d3 f7 48 03 01 00 0c 0c 00 0e cd ab 1d 8b 81 ff 71 02 00 00 41 6e 64 65 72 73 6f 6e 00 00 
00 00 00 00 00 00 00 00 00 00 00 00 00 00 00 00 00 00 00 00 00 00 90 54 68 6f 6d 61 73 00 00 00 
00 00 00 00 00 00 00 00 00 00 00 00 00 00 00 00 00 00 00 00 00 00 00 80 d8 28 0a 0c 00 00 00 01 
8e 81 ff f7 00 31 5e 00 00 c6 67 00 41 66 74 65 72 57 68 6f 72 75 4e 65 6f 00 00 00 00 00 00 00 
00 00 00 00 00 00 00 00 00 00 00 00 28 0a fd 64 01 00 00 67 00 75 d4 01 00 4b b1 00 00 00 00 73 
1a e9 88 80 60 04 00 02 8e 00 00 00 f7 00 9d 00 00 00 00 00 e6 e4 40 00 00 00 00 00 44 91 c0 00 
00 00 00 00 26 b6 c0 81 ff 32 22 90 01 00 89 9c 83 3f 1e 80 1c 01 11 00 00 00 67 00 02 00 00 00 
00 
.)..H.............q...Anderson.........................Thomas............................(......
.....1^...g.AfterWhoruNeo...................(..d...g.u...K.....s....`.................@.....D...
....&....2"......?........g......

GAME->Client [10:51:49 07/15/09] packet size: 221 CRYPTED, Flags: 7 ServerSeq: 6 ClientSeq: 3
02 03 01 00 0c 0c 00 0e cd ab 1d 8b 81 ff 71 02 00 00 41 6e 64 65 72 73 6f 6e 00 00 00 00 00 00 
00 00 00 00 00 00 00 00 00 00 00 00 00 00 00 00 00 00 90 54 68 6f 6d 61 73 00 00 00 00 00 00 00 
00 00 00 00 00 00 00 00 00 00 00 00 00 00 00 00 00 00 00 80 d8 28 0a 0c 00 00 00 01 8e 81 ff f7 
00 31 5e 00 00 c6 67 00 41 66 74 65 72 57 68 6f 72 75 4e 65 6f 00 00 00 00 00 00 00 00 00 00 00 
00 00 00 00 00 00 00 00 28 0a fd 64 01 00 00 67 00 75 d4 01 00 4b b1 00 00 00 00 73 1a e9 88 80 
60 04 00 02 8e 00 00 00 f7 00 9d 00 00 00 00 00 e6 e4 40 00 00 00 00 00 44 91 c0 00 00 00 00 00 
26 b6 c0 81 ff 32 22 90 01 00 89 9c 83 3f 1e 80 1c 01 11 00 00 00 67 00 02 00 00 00 00 
..............q...Anderson.........................Thomas............................(..........
.1^...g.AfterWhoruNeo...................(..d...g.u...K.....s....`.................@.....D.......
&....2"......?........g......

Client->GAME [10:51:51 07/15/09] packet size: 55 CRYPTED, Flags: 17 ServerSeq: 5 ClientSeq: 4
02 03 02 00 02 60 08 41 6e 64 65 72 73 6f 6e 06 54 68 6f 6d 61 73 00 00 04 01 00 01 05 02 80 be 
07 3f 4e 00 10 00 00 00 08 3e 6b 00 10 00 00 00 00 02 81 48 02 0c 01 
.....`.Anderson.Thomas...........?N......>k........H...

Client->GAME [10:51:51 07/15/09] packet size: 1 CRYPTED, Flags: 2f ServerSeq: 6 ClientSeq: 5
02 
.

GAME->Client [10:51:51 07/15/09] packet size: 713 CRYPTED, Flags: f ServerSeq: 7 ClientSeq: 4
82 8f d3 f7 48 03 01 00 0c 0c 00 0e cd ab 1d 8b 81 ff 71 02 00 00 41 6e 64 65 72 73 6f 6e 00 00 
00 00 00 00 00 00 00 00 00 00 00 00 00 00 00 00 00 00 00 00 00 00 90 54 68 6f 6d 61 73 00 00 00 
00 00 00 00 00 00 00 00 00 00 00 00 00 00 00 00 00 00 00 00 00 00 00 80 d8 28 0a 0c 00 00 00 01 
8e 81 ff f7 00 31 5e 00 00 c6 67 00 41 66 74 65 72 57 68 6f 72 75 4e 65 6f 00 00 00 00 00 00 00 
00 00 00 00 00 00 00 00 00 00 00 00 28 0a fd 64 01 00 00 67 00 75 d4 01 00 4b b1 00 00 00 00 73 
1a e9 88 80 60 04 00 02 8e 00 00 00 f7 00 9d 00 00 00 00 00 e6 e4 40 00 00 00 00 00 44 91 c0 00 
00 00 00 00 26 b6 c0 81 ff 32 22 90 01 00 89 9c 83 3f 1e 80 1c 01 11 00 00 00 67 00 02 00 00 00 
00 04 01 00 05 15 16 80 bc 15 00 0e 01 00 f7 03 00 00 08 02 00 00 00 00 00 00 00 00 00 16 80 bc 
15 00 0f 01 00 f7 03 00 00 07 02 ec ff ff ff 00 00 00 00 00 16 80 bc 15 00 10 01 00 f7 03 00 00 
50 04 00 00 00 00 00 00 00 00 00 16 80 bc 15 00 11 01 00 f7 03 00 00 f4 03 00 00 00 00 00 00 00 
00 00 16 80 bc 15 00 12 01 00 f7 03 00 00 51 04 f6 ff ff ff 00 00 00 00 00 16 80 bc 15 00 13 01 
00 f7 03 00 00 52 04 0f 00 00 00 00 00 00 00 00 16 80 bc 11 00 14 01 00 00 00 00 00 cb 02 00 00 
00 00 00 00 00 00 00 16 80 bc 56 00 15 01 00 0a 95 00 00 06 04 02 00 00 00 00 00 00 00 00 16 80 
bc 56 00 16 01 00 0a 95 00 00 b4 00 11 00 00 00 00 00 00 00 00 16 80 bc 56 00 17 01 00 0a 95 00 
00 b5 00 11 00 00 00 00 00 00 00 00 16 80 bc 56 00 18 01 00 0a 95 00 00 07 04 02 00 00 00 00 00 
00 00 00 16 80 bc 56 00 19 01 00 8a b2 00 00 23 04 02 00 00 00 00 00 00 00 00 16 80 bc 56 00 1a 
01 00 8a b2 00 00 21 04 01 00 00 00 00 00 00 00 00 16 80 bc 56 00 1b 01 00 8a b2 00 00 b4 00 1d 
00 00 00 00 00 00 00 00 16 80 bc 56 00 1c 01 00 8a b2 00 00 09 04 1d 00 00 00 00 00 00 00 00 16 
80 bc 56 00 1d 01 00 8a b2 00 00 9d 00 1d 00 00 00 00 00 00 00 00 16 80 bc 56 00 1e 01 00 8a b2 
00 00 06 04 01 00 00 00 00 00 00 00 00 16 80 bc 56 00 1f 01 00 24 b3 00 00 89 02 02 00 00 00 00 
00 00 00 00 16 80 bc 56 00 20 01 00 24 b3 00 00 1a 04 01 00 00 00 00 00 00 00 00 16 80 bc 56 00 
21 01 00 24 b3 00 00 b4 00 21 00 00 00 00 00 00 00 00 16 80 bc 56 00 22 01 00 24 b3 00 00 09 04 
21 00 00 00 00 00 00 00 00 
....H.............q...Anderson.........................Thomas............................(......
.....1^...g.AfterWhoruNeo...................(..d...g.u...K.....s....`.................@.....D...
....&....2"......?........g.....................................................................
P.............................................Q......................R..........................
..........V......................V......................V......................V................
......V........#.............V........!.............V......................V....................
..V......................V......................V....$.................V. ..$.................V.
!..$.....!...........V."..$.....!........

GAME->Client [10:51:51 07/15/09] packet size: 696 CRYPTED, Flags: f ServerSeq: 8 ClientSeq: 4
02 04 01 00 1a 1e 16 80 bc 56 00 23 01 00 24 b3 00 00 15 04 02 00 00 00 00 00 00 00 00 16 80 bc 
56 00 24 01 00 24 b3 00 00 b5 00 21 00 00 00 00 00 00 00 00 16 80 bc 56 00 25 01 00 95 a7 00 00 
b4 00 12 00 00 00 00 00 00 00 00 16 80 bc 56 00 26 01 00 95 a7 00 00 b5 00 12 00 00 00 00 00 00 
00 00 16 80 bc 56 00 27 01 00 95 a7 00 00 09 04 12 00 00 00 00 00 00 00 00 16 80 bc 56 00 28 01 
00 95 a7 00 00 70 00 0f 00 00 00 00 00 00 00 00 16 80 bc 56 00 29 01 00 2c b3 00 00 17 04 01 00 
00 00 00 00 00 00 00 16 80 bc 56 00 2a 01 00 2c b3 00 00 b4 00 21 00 00 00 00 00 00 00 00 16 80 
bc 56 00 2b 01 00 2c b3 00 00 09 04 21 00 00 00 00 00 00 00 00 16 80 bc 56 00 2c 01 00 2c b3 00 
00 12 04 02 00 00 00 00 00 00 00 00 16 80 bc 56 00 2d 01 00 2c b3 00 00 07 04 02 00 00 00 00 00 
00 00 00 16 80 bc 56 00 2e 01 00 2c b3 00 00 b5 00 21 00 00 00 00 00 00 00 00 16 80 bc 56 00 2f 
01 00 c3 b2 00 00 89 02 02 00 00 00 00 00 00 00 00 16 80 bc 56 00 30 01 00 c3 b2 00 00 21 04 02 
00 00 00 00 00 00 00 00 16 80 bc 56 00 31 01 00 c3 b2 00 00 b4 00 1f 00 00 00 00 00 00 00 00 16 
80 bc 56 00 32 01 00 c3 b2 00 00 09 04 1f 00 00 00 00 00 00 00 00 16 80 bc 56 00 33 01 00 c3 b2 
00 00 1e 04 01 00 00 00 00 00 00 00 00 16 80 bc 56 00 34 01 00 c3 b2 00 00 9d 00 1f 00 00 00 00 
00 00 00 00 16 80 bc 55 00 35 01 00 02 00 00 00 cc 00 0c 00 00 00 00 00 00 00 00 16 80 bc 55 00 
36 01 00 0b 00 00 00 37 02 96 00 00 00 00 00 00 00 00 16 80 bc 55 00 37 01 00 2d 00 00 00 23 04 
0a 00 00 00 00 00 00 00 00 16 80 bc 55 00 38 01 00 2d 00 00 00 20 04 0a 00 00 00 00 00 00 00 00 
16 80 bc 55 00 39 01 00 2d 00 00 00 19 04 05 00 00 00 00 00 00 00 00 16 80 bc 55 00 3a 01 00 2d 
00 00 00 42 04 05 00 00 00 00 00 00 00 00 16 80 bc 55 00 3b 01 00 34 00 00 00 83 02 c8 00 00 00 
00 00 00 00 00 16 80 bc 55 00 3c 01 00 4b 00 00 00 1f 04 19 00 00 00 00 00 00 00 00 16 80 bc 55 
00 3d 01 00 5f 00 00 00 7c 04 0f 00 00 00 00 00 00 00 00 16 80 bc 55 00 3e 01 00 5f 00 00 00 07 
04 0f 00 00 00 00 00 00 00 00 16 80 bc 55 00 3f 01 00 62 00 00 00 06 04 01 00 00 00 00 00 00 00 
00 16 80 bc 55 00 40 01 00 62 00 00 00 15 04 01 00 00 00 00 00 00 00 00 
.........V.#..$.................V.$..$.....!...........V.%....................V.&...............
.....V.'....................V.(......p.............V.)..,.................V.*..,.....!..........
.V.+..,.....!...........V.,..,.................V.-..,.................V....,.....!...........V./
....................V.0......!.............V.1....................V.2....................V.3....
................V.4....................U.5....................U.6......7.............U.7..-...#.
............U.8..-... .............U.9..-.................U.:..-...B.............U.;..4.........
........U.<..K.................U.=.._...|.............U.>.._.................U.?..b.............
....U.@..b..............

Client->GAME [10:51:51 07/15/09] packet size: 1 CRYPTED, Flags: 5f ServerSeq: 7 ClientSeq: 6
02 
.

Client->GAME [10:51:51 07/15/09] packet size: 1 CRYPTED, Flags: 3f ServerSeq: 8 ClientSeq: 7
02 
.

GAME->Client [10:51:51 07/15/09] packet size: 492 CRYPTED, Flags: 1f ServerSeq: 9 ClientSeq: 5
02 04 02 00 38 0c 16 80 bc 55 00 41 01 00 5a 01 00 00 07 04 05 00 00 00 00 00 00 00 00 16 80 bc 
55 00 42 01 00 5a 01 00 00 1d 04 0f 00 00 00 00 00 00 00 00 16 80 bc 55 00 43 01 00 64 01 00 00 
1f 04 05 00 00 00 00 00 00 00 00 16 80 bc 55 00 44 01 00 66 01 00 00 7b 04 05 00 00 00 00 00 00 
00 00 16 80 bc 55 00 45 01 00 66 01 00 00 12 04 0a 00 00 00 00 00 00 00 00 16 80 bc 55 00 46 01 
00 66 01 00 00 06 04 0b 00 00 00 00 00 00 00 00 16 80 bc 55 00 47 01 00 8e 01 00 00 03 04 05 00 
00 00 00 00 00 00 00 16 80 bc 55 00 48 01 00 8e 01 00 00 12 04 0f 00 00 00 00 00 00 00 00 16 80 
bc 55 00 49 01 00 8e 01 00 00 77 04 05 00 00 00 00 00 00 00 00 16 80 bc 55 00 4a 01 00 cd 01 00 
00 e5 03 05 00 00 00 00 00 00 00 00 16 80 bc 55 00 4b 01 00 cd 01 00 00 73 04 05 00 00 00 00 00 
00 00 00 16 80 bc 55 00 4c 01 00 cd 01 00 00 e3 03 0f 00 00 00 00 00 00 00 00 00 44 09 16 80 bc 
55 00 4d 01 00 d5 01 00 00 e3 03 05 00 00 00 00 00 00 00 00 16 80 bc 55 00 4e 01 00 36 02 00 00 
37 02 0a 00 00 00 00 00 00 00 00 16 80 bc 55 00 4f 01 00 74 02 00 00 34 02 1e 00 00 00 00 00 00 
00 00 16 80 bc 45 03 11 00 00 02 00 00 00 11 00 32 00 00 00 00 00 00 00 00 16 80 bc 45 03 35 04 
00 62 00 00 00 35 04 00 00 00 00 00 00 00 00 00 16 80 bc 45 03 3d 04 00 43 00 00 00 3d 04 00 00 
00 00 00 00 00 00 00 16 80 bc 45 03 3e 04 00 4f 01 00 00 3e 04 00 00 00 00 00 00 00 00 00 16 80 
bc 45 03 3f 04 00 64 01 00 00 3f 04 00 00 00 00 00 00 00 00 00 16 80 bc 45 03 40 04 00 d5 01 00 
00 40 04 00 00 00 00 00 00 00 00 00 
....8....U.A..Z.................U.B..Z.................U.C..d.................U.D..f...{........
.....U.E..f.................U.F..f.................U.G....................U.H...................
.U.I......w.............U.J....................U.K......s.............U.L..................D....
U.M....................U.N..6...7.............U.O..t...4.............E..........2...........E.5.
.b...5.............E.=..C...=.............E.>..O...>.............E.?..d...?.............E.@.....
.@..........

Client->GAME [10:51:51 07/15/09] packet size: 1 CRYPTED, Flags: 7f ServerSeq: 9 ClientSeq: 8
02 
.

GAME->Client [10:51:51 07/15/09] packet size: 714 CRYPTED, Flags: 7f ServerSeq: 10 ClientSeq: 7
02 03 01 00 0c 57 02 0f cd ab 11 8e 47 6f 6c 64 20 42 6c 6f 6f 64 20 45 6e 74 68 75 73 69 61 73 
74 00 00 00 00 00 00 00 00 00 00 00 00 10 00 00 22 d4 66 60 1c 00 c6 01 80 c1 d9 09 00 58 00 00 
00 64 bf 9b e6 40 00 00 00 00 00 44 91 c0 00 00 00 80 3b 23 a8 c0 c0 01 82 02 a8 0d 32 02 b2 09 
32 02 07 08 00 00 81 b5 02 00 00 02 03 23 00 00 01 00 0c 57 02 10 cd ab 13 8e 47 6f 6c 64 20 42 
6c 6f 6f 64 20 43 68 61 6d 70 69 6f 6e 00 00 00 00 00 00 00 00 00 00 00 00 00 00 10 00 00 22 d4 
9e 61 1c 00 c6 01 80 d1 d7 09 00 58 0a 00 00 00 4c 1d 51 e6 40 00 00 00 00 00 44 91 c0 00 00 00 
00 14 c1 a8 c0 c0 01 83 01 01 a8 0d ee 02 b2 04 ee 02 07 08 00 00 81 b5 02 00 00 02 03 21 00 00 
01 00 0c 57 02 0d cd ab 13 8e 47 6f 6c 64 20 42 6c 6f 6f 64 20 45 6e 74 68 75 73 69 61 73 74 00 
00 00 00 00 00 00 00 00 00 00 00 10 00 00 22 d5 01 8a 60 1c 00 c6 01 80 c3 d7 09 00 58 4c 0a 00 
28 00 00 00 8c e2 31 e7 40 00 00 00 00 00 44 91 c0 00 00 00 a0 34 e1 c5 c0 c0 01 82 02 a8 0d 32 
02 b2 09 32 02 07 08 00 00 81 b5 02 00 00 02 03 1f 00 00 01 00 0c 57 02 11 cd ab 13 8e 47 6f 6c 
64 20 42 6c 6f 6f 64 20 43 68 61 6d 70 69 6f 6e 00 00 00 00 00 00 00 00 00 00 00 00 00 00 10 00 
00 22 d5 01 9a 61 1c 00 c6 01 80 c3 d7 09 00 58 4c 0a 00 28 00 00 00 60 0f ef e6 40 00 00 00 00 
00 44 91 c0 00 00 00 00 54 7f 91 c0 c0 01 82 01 a8 0d ee 02 b2 04 ee 02 07 08 00 00 81 b5 02 00 
00 02 03 1d 00 00 00 00 04 01 00 4d 0b 16 80 bc 56 00 15 01 00 0a 95 00 00 06 04 02 00 00 00 01 
00 00 00 00 16 80 bc 56 00 16 01 00 0a 95 00 00 b4 00 11 00 00 00 01 00 00 00 00 16 80 bc 56 00 
17 01 00 0a 95 00 00 b5 00 11 00 00 00 01 00 00 00 00 16 80 bc 56 00 18 01 00 0a 95 00 00 07 04 
02 00 00 00 01 00 00 00 00 16 80 bc 56 00 50 01 00 0a 95 00 00 06 04 02 00 00 00 00 00 00 00 00 
16 80 bc 56 00 51 01 00 0a 95 00 00 b4 00 11 00 00 00 00 00 00 00 00 16 80 bc 56 00 52 01 00 0a 
95 00 00 b5 00 11 00 00 00 00 00 00 00 00 16 80 bc 56 00 53 01 00 0a 95 00 00 07 04 02 00 00 00 
00 00 00 00 00 16 80 bc 56 00 19 01 00 8a b2 00 00 23 04 02 00 00 00 01 00 00 00 00 16 80 bc 56 
00 1a 01 00 8a b2 00 00 21 04 01 00 00 00 01 00 00 00 00 16 80 bc 56 00 1b 01 00 8a b2 00 00 b4 
00 1d 00 00 00 01 00 00 00 00 
.....W......Gold Blood Enthusiast...............".f`.........X...d...@.....D......;#........2...
2............#.....W......Gold Blood Champion................."..a.........X....L.Q.@.....D.....
.............................!.....W......Gold Blood Enthusiast..............."...`.........XL..
(.....1.@.....D......4.........2...2..................W......Gold Blood Champion................
."...a.........XL..(...`...@.....D......T..................................M....V...............
.......V......................V......................V......................V.P.................
...V.Q....................V.R....................V.S....................V........#.............V
........!.............V...................

Client->GAME [10:51:51 07/15/09] packet size: 1 CRYPTED, Flags: 7f ServerSeq: 10 ClientSeq: 9
02 
.

GAME->Client [10:51:51 07/15/09] packet size: 724 CRYPTED, Flags: 7f ServerSeq: 11 ClientSeq: 8
02 03 01 00 02 10 00 23 00 04 80 80 80 80 c0 4c 0a 00 28 01 01 01 00 02 10 00 21 00 04 80 80 80 
80 c0 4c 0a 00 28 01 01 01 00 0c 57 02 12 cd ab 13 8e 47 6f 6c 64 20 42 6c 6f 6f 64 20 43 68 61 
6d 70 69 6f 6e 00 00 00 00 00 00 00 00 00 00 00 00 00 00 10 00 00 22 d5 01 21 61 1c 00 c6 01 80 
c3 d7 09 00 58 4c 0a 00 28 00 00 00 7c b8 f6 e6 40 00 00 00 00 00 44 91 c0 00 00 00 a0 d4 31 b2 
c0 c0 01 82 01 a8 0d ee 02 b2 04 ee 02 07 08 00 00 81 b5 02 00 00 02 03 1b 00 00 01 00 08 50 02 
f4 09 e0 03 b3 cd ab 02 09 00 00 00 00 00 e6 e4 40 00 00 00 00 00 a4 90 c0 00 00 00 00 00 c2 b5 
c0 00 00 00 00 00 00 80 3f 00 00 00 00 2e bd 3b b3 19 00 00 01 00 0c 57 02 13 cd ab 13 8e 47 6f 
6c 64 20 42 6c 6f 6f 64 20 42 72 6f 74 68 65 72 00 00 00 00 00 00 00 00 00 00 00 00 00 00 00 10 
00 00 22 d5 01 36 5f 1c 00 c6 01 80 c3 d8 09 00 58 4c 0a 00 28 00 00 00 24 b0 55 e6 40 00 00 00 
00 00 44 91 c0 00 00 00 00 2e 3e a9 c0 c0 01 82 03 a8 0d 77 01 b2 09 77 01 07 08 00 00 81 b5 02 
00 00 02 03 17 00 00 01 00 08 a1 1b 42 00 80 14 0e cd ab 02 09 00 00 00 20 9a c4 e3 40 00 00 00 
00 00 3c 91 c0 00 00 00 80 2e 5b bd c0 00 00 00 00 c8 26 74 bf 00 00 00 00 1e f6 99 3e 15 00 00 
01 00 08 69 95 43 00 80 14 a0 cd ab 02 09 00 00 00 00 40 a7 e3 40 00 00 00 00 00 40 91 c0 00 00 
00 00 00 9a c0 c0 00 00 00 00 f2 04 35 bf 00 00 00 00 f3 04 35 3f 0f 00 00 00 00 04 01 00 58 0c 
16 80 bc 56 00 1c 01 00 8a b2 00 00 09 04 1d 00 00 00 01 00 00 00 00 16 80 bc 56 00 1d 01 00 8a 
b2 00 00 9d 00 1d 00 00 00 01 00 00 00 00 16 80 bc 56 00 1e 01 00 8a b2 00 00 06 04 01 00 00 00 
01 00 00 00 00 16 80 bc 56 00 54 01 00 8a b2 00 00 23 04 02 00 00 00 00 00 00 00 00 16 80 bc 56 
00 55 01 00 8a b2 00 00 21 04 01 00 00 00 00 00 00 00 00 16 80 bc 56 00 56 01 00 8a b2 00 00 b4 
00 1d 00 00 00 00 00 00 00 00 16 80 bc 56 00 57 01 00 8a b2 00 00 09 04 1d 00 00 00 00 00 00 00 
00 16 80 bc 56 00 58 01 00 8a b2 00 00 9d 00 1d 00 00 00 00 00 00 00 00 16 80 bc 56 00 59 01 00 
8a b2 00 00 06 04 01 00 00 00 00 00 00 00 00 16 80 bc 56 00 1f 01 00 24 b3 00 00 89 02 02 00 00 
00 01 00 00 00 00 16 80 bc 56 00 20 01 00 24 b3 00 00 1a 04 01 00 00 00 01 00 00 00 00 16 80 bc 
56 00 21 01 00 24 b3 00 00 b4 00 21 00 00 00 01 00 00 00 00 
.......#.......L..(.......!.......L..(.....W......Gold Blood Champion................."..!a.....
....XL..(...|...@.....D.......1...............................P.................@...............
........?......;.......W......Gold Blood Brother.................."..6_.........XL..(...$.U.@...
..D.......>........w...w....................B........... ...@.....<.......[.......&t........>...
...i.C............@..@.....@................5.......5?........X....V......................V.....
.................V......................V.T......#.............V.U......!.............V.V.......
.............V.W....................V.X....................V.Y....................V....$........
.........V. ..$.................V.!..$.....!........

Client->GAME [10:51:51 07/15/09] packet size: 1 CRYPTED, Flags: 7f ServerSeq: 11 ClientSeq: 10
02 
.

GAME->Client [10:51:51 07/15/09] packet size: 712 CRYPTED, Flags: 7f ServerSeq: 12 ClientSeq: 9
02 03 01 00 02 14 00 1b 00 02 0e 00 17 c4 b5 37 47 00 20 8a c4 a5 8e 91 c5 01 00 0c 57 02 14 cd 
ab 15 8e 47 6f 6c 64 20 42 6c 6f 6f 64 20 42 72 6f 74 68 65 72 00 00 00 00 00 00 00 00 00 00 00 
00 00 00 00 10 00 00 22 d5 01 1c 5f 1c 00 c6 01 80 d3 d8 09 00 58 4c 0a 00 28 0a 00 00 00 d0 ae 
e8 e6 40 00 00 00 00 00 44 91 c0 00 00 00 80 fa 30 a0 c0 c0 01 83 01 03 a8 0d 77 01 b2 09 77 01 
07 08 00 00 81 b5 02 00 00 02 03 13 00 00 01 00 0c 57 02 15 cd ab 13 8e 47 6f 6c 64 20 42 6c 6f 
6f 64 20 45 6e 74 68 75 73 69 61 73 74 00 00 00 00 00 00 00 00 00 00 00 00 10 00 00 22 d5 01 ca 
60 1c 00 c6 01 80 c3 d7 09 00 58 4c 0a 00 28 00 00 00 bc 7e 11 e7 40 00 00 00 00 00 44 91 c0 00 
00 00 00 1e aa 96 c0 c0 01 82 02 a8 0d 32 02 b2 09 32 02 07 08 00 00 81 b5 02 00 00 02 03 11 00 
00 01 00 0c 57 02 0c cd ab 13 8e 47 6f 6c 64 20 42 6c 6f 6f 64 20 43 68 61 6d 70 69 6f 6e 00 00 
00 00 00 00 00 00 00 00 00 00 00 00 10 00 00 22 d5 01 a9 61 1c 00 c6 01 80 c3 d7 09 00 58 4c 0a 
00 28 00 00 00 48 56 37 e7 40 00 00 00 00 00 44 91 c0 00 00 00 20 68 e8 c5 c0 c0 01 82 01 a8 0d 
ee 02 b2 04 ee 02 07 08 00 00 81 b5 02 00 00 02 03 0d 00 00 01 00 08 68 95 44 00 80 14 a1 cd ab 
02 09 00 00 00 00 80 fe e2 40 00 00 00 00 00 40 91 c0 00 00 00 00 00 b3 c0 c0 00 00 00 00 f2 04 
35 3f 00 00 00 00 f3 04 35 3f 0b 00 00 00 00 04 01 00 64 0c 16 80 bc 56 00 22 01 00 24 b3 00 00 
09 04 21 00 00 00 01 00 00 00 00 16 80 bc 56 00 23 01 00 24 b3 00 00 15 04 02 00 00 00 01 00 00 
00 00 16 80 bc 56 00 24 01 00 24 b3 00 00 b5 00 21 00 00 00 01 00 00 00 00 16 80 bc 56 00 5a 01 
00 24 b3 00 00 89 02 02 00 00 00 00 00 00 00 00 16 80 bc 56 00 5b 01 00 24 b3 00 00 1a 04 01 00 
00 00 00 00 00 00 00 16 80 bc 56 00 5c 01 00 24 b3 00 00 b4 00 21 00 00 00 00 00 00 00 00 16 80 
bc 56 00 5d 01 00 24 b3 00 00 09 04 21 00 00 00 00 00 00 00 00 16 80 bc 56 00 5e 01 00 24 b3 00 
00 15 04 02 00 00 00 00 00 00 00 00 16 80 bc 56 00 5f 01 00 24 b3 00 00 b5 00 21 00 00 00 00 00 
00 00 00 16 80 bc 56 00 25 01 00 95 a7 00 00 b4 00 12 00 00 00 01 00 00 00 00 16 80 bc 56 00 26 
01 00 95 a7 00 00 b5 00 12 00 00 00 01 00 00 00 00 16 80 bc 56 00 27 01 00 95 a7 00 00 09 04 12 
00 00 00 01 00 00 00 00 
...............7G. .........W......Gold Blood Brother.................."..._.........XL..(......
..@.....D.......0.........w...w..................W......Gold Blood Enthusiast..............."...
`.........XL..(....~..@.....D................2...2..................W......Gold Blood Champion..
..............."...a.........XL..(...HV7.@.....D..... h................................h.D......
.........@.....@................5?......5?........d....V."..$.....!...........V.#..$............
.....V.$..$.....!...........V.Z..$.................V.[..$.................V.\..$.....!..........
.V.]..$.....!...........V.^..$.................V._..$.....!...........V.%....................V.&
....................V.'.................

Client->GAME [10:51:51 07/15/09] packet size: 63 CRYPTED, Flags: 7f ServerSeq: 12 ClientSeq: 11
02 04 01 00 06 03 12 80 c9 07 00 c0 0a 00 68 3f 47 00 c0 94 c4 00 00 7a c4 12 80 c9 0e 00 c0 0a 
00 68 3f 47 00 c0 94 c4 00 60 6a c6 12 80 c9 07 00 10 11 00 28 20 47 00 c0 94 c4 00 00 7a 44 
..............h?G......z.........h?G.....`j.........( G......zD

GAME->Client [10:51:51 07/15/09] packet size: 712 CRYPTED, Flags: 7f ServerSeq: 13 ClientSeq: 10
02 03 01 00 0c 57 02 16 cd ab 13 8e 47 6f 6c 64 20 42 6c 6f 6f 64 20 45 6e 74 68 75 73 69 61 73 
74 00 00 00 00 00 00 00 00 00 00 00 00 10 00 00 22 d5 01 5e 60 1c 00 c6 01 80 c3 d7 09 00 58 4c 
0a 00 28 00 00 00 01 29 f1 e4 40 00 00 00 00 00 44 91 c0 00 00 00 00 b4 9a 7b c0 c0 01 82 02 a8 
0d 32 02 b2 09 32 02 07 08 00 00 81 b5 02 00 00 02 03 09 00 00 01 00 0c 57 02 17 cd ab 10 8e 47 
6f 6c 64 20 42 6c 6f 6f 64 20 45 6e 74 68 75 73 69 61 73 74 00 00 00 00 00 00 00 00 00 00 00 00 
10 00 00 22 d0 60 1c 00 c6 01 80 c1 d6 09 00 58 00 00 00 b4 b8 be e6 40 00 00 00 00 00 44 91 c0 
00 00 00 00 00 63 b5 c0 c0 01 82 02 a8 0d 32 02 b2 09 32 02 07 08 00 00 81 b5 02 00 00 02 03 07 
00 00 01 00 0c 57 02 18 cd ab 13 8e 47 6f 6c 64 20 42 6c 6f 6f 64 20 43 68 61 6d 70 69 6f 6e 00 
00 00 00 00 00 00 00 00 00 00 00 00 00 10 00 00 22 d5 01 c4 61 1c 00 c6 01 80 c3 d7 09 00 58 4c 
0a 00 28 00 00 00 1d 40 ec e4 40 00 00 00 00 00 44 91 c0 00 00 00 00 08 0c 96 c0 c0 01 82 01 a8 
0d ee 02 b2 04 ee 02 07 08 00 00 81 b5 02 00 00 02 03 05 00 00 01 00 08 d0 20 fc 09 e0 03 10 cd 
ab 08 fd 00 00 00 00 40 5d e7 40 00 00 00 00 00 44 91 c0 00 00 00 00 00 44 b6 c0 41 6d 65 74 68 
79 73 74 00 00 00 00 00 00 00 00 00 00 00 00 00 00 00 00 00 00 00 00 00 00 00 00 00 00 00 00 00 
00 00 00 00 00 00 00 00 00 00 00 00 00 00 00 00 00 00 00 00 00 00 00 00 00 00 00 02 00 00 3a 00 
f9 0a 00 58 00 00 03 00 00 00 00 00 5c 83 6c 3f 00 00 00 00 17 ef c3 3e 03 00 00 00 00 04 01 00 
70 0a 16 80 bc 56 00 28 01 00 95 a7 00 00 70 00 0f 00 00 00 01 00 00 00 00 16 80 bc 56 00 60 01 
00 95 a7 00 00 b4 00 12 00 00 00 00 00 00 00 00 16 80 bc 56 00 61 01 00 95 a7 00 00 b5 00 12 00 
00 00 00 00 00 00 00 16 80 bc 56 00 62 01 00 95 a7 00 00 09 04 12 00 00 00 00 00 00 00 00 16 80 
bc 56 00 63 01 00 95 a7 00 00 70 00 0f 00 00 00 00 00 00 00 00 16 80 bc 56 00 29 01 00 2c b3 00 
00 17 04 01 00 00 00 01 00 00 00 00 16 80 bc 56 00 2a 01 00 2c b3 00 00 b4 00 21 00 00 00 01 00 
00 00 00 16 80 bc 56 00 2b 01 00 2c b3 00 00 09 04 21 00 00 00 01 00 00 00 00 16 80 bc 56 00 2c 
01 00 2c b3 00 00 12 04 02 00 00 00 01 00 00 00 00 16 80 bc 56 00 2d 01 00 2c b3 00 00 07 04 02 
00 00 00 01 00 00 00 00 
.....W......Gold Blood Enthusiast..............."..^`.........XL..(....)..@.....D........{......
.2...2..................W......Gold Blood Enthusiast...............".`.........X.......@.....D..
.....c........2...2..................W......Gold Blood Champion................."...a.........XL
..(....@..@.....D........................................ .............@].@.....D.......D..Ameth
yst...........................................................:....X........\.l?.......>........
p....V.(......p.............V.`....................V.a....................V.b...................
.V.c......p.............V.)..,.................V.*..,.....!...........V.+..,.....!...........V.,
..,.................V.-..,..............

Client->GAME [10:51:51 07/15/09] packet size: 1 CRYPTED, Flags: 7f ServerSeq: 13 ClientSeq: 12
02 
.

GAME->Client [10:51:52 07/15/09] packet size: 707 CRYPTED, Flags: 7f ServerSeq: 14 ClientSeq: 11
02 03 21 00 02 0e 05 94 fd 5a 32 47 00 20 8a c4 a6 1f 49 c5 1b 00 02 0c 15 c4 b5 37 47 00 20 8a 
c4 a5 8e 91 c5 13 00 02 08 76 62 37 47 00 20 8a c4 bc c0 fe c4 00 00 04 02 00 7a 12 16 80 bc 56 
00 2e 01 00 2c b3 00 00 b5 00 21 00 00 00 01 00 00 00 00 16 80 bc 56 00 64 01 00 2c b3 00 00 17 
04 01 00 00 00 00 00 00 00 00 16 80 bc 56 00 65 01 00 2c b3 00 00 b4 00 21 00 00 00 00 00 00 00 
00 16 80 bc 56 00 66 01 00 2c b3 00 00 09 04 21 00 00 00 00 00 00 00 00 16 80 bc 56 00 67 01 00 
2c b3 00 00 12 04 02 00 00 00 00 00 00 00 00 16 80 bc 56 00 68 01 00 2c b3 00 00 07 04 02 00 00 
00 00 00 00 00 00 16 80 bc 56 00 69 01 00 2c b3 00 00 b5 00 21 00 00 00 00 00 00 00 00 16 80 bc 
56 00 2f 01 00 c3 b2 00 00 89 02 02 00 00 00 01 00 00 00 00 16 80 bc 56 00 30 01 00 c3 b2 00 00 
21 04 02 00 00 00 01 00 00 00 00 16 80 bc 56 00 31 01 00 c3 b2 00 00 b4 00 1f 00 00 00 01 00 00 
00 00 16 80 bc 56 00 32 01 00 c3 b2 00 00 09 04 1f 00 00 00 01 00 00 00 00 16 80 bc 56 00 33 01 
00 c3 b2 00 00 1e 04 01 00 00 00 01 00 00 00 00 16 80 bc 56 00 34 01 00 c3 b2 00 00 9d 00 1f 00 
00 00 01 00 00 00 00 16 80 bc 56 00 6a 01 00 c3 b2 00 00 89 02 02 00 00 00 00 00 00 00 00 16 80 
bc 56 00 6b 01 00 c3 b2 00 00 21 04 02 00 00 00 00 00 00 00 00 16 80 bc 56 00 6c 01 00 c3 b2 00 
00 b4 00 1f 00 00 00 00 00 00 00 00 16 80 bc 56 00 6d 01 00 c3 b2 00 00 09 04 1f 00 00 00 00 00 
00 00 00 16 80 bc 56 00 6e 01 00 c3 b2 00 00 1e 04 01 00 00 00 00 00 00 00 00 00 8c 0a 16 80 bc 
56 00 6f 01 00 c3 b2 00 00 9d 00 1f 00 00 00 00 00 00 00 00 16 80 bc 15 00 70 01 00 11 00 00 00 
ab 00 0d 00 00 00 00 00 00 00 00 16 80 bc 15 00 71 01 00 11 00 00 00 0a 02 4d 00 00 00 00 00 00 
00 00 16 80 bc 15 00 72 01 00 11 00 00 00 f2 03 34 00 00 00 00 00 00 00 00 16 80 bc 15 00 73 01 
00 11 00 00 00 ed 03 4d 00 00 00 00 00 00 00 00 16 80 bc 15 00 74 01 00 11 00 00 00 9f 00 19 00 
00 00 00 00 00 00 00 16 80 bc 15 00 75 01 00 11 00 00 00 f1 03 34 00 00 00 00 00 00 00 00 16 80 
bc 15 00 76 01 00 11 00 00 00 0c 02 34 00 00 00 00 00 00 00 00 16 80 bc 15 00 77 01 00 11 00 00 
00 b7 00 4d 00 00 00 00 00 00 00 00 16 80 bc 15 00 78 01 00 11 00 00 00 f3 03 46 00 00 00 00 00 
00 00 00 
..!......Z2G. ....I........7G. ..........vb7G. ...........z....V....,.....!...........V.d..,....
.............V.e..,.....!...........V.f..,.....!...........V.g..,.................V.h..,........
.........V.i..,.....!...........V./....................V.0......!.............V.1...............
.....V.2....................V.3....................V.4....................V.j...................
.V.k......!.............V.l....................V.m....................V.n.......................
V.o......................p......................q........M.............r........4.............s.
.......M.............t......................u........4.............v........4.............w.....
...M.............x........F........

Client->GAME [10:51:52 07/15/09] packet size: 1 CRYPTED, Flags: 7f ServerSeq: 14 ClientSeq: 13
02 
.

GAME->Client [10:51:52 07/15/09] packet size: 692 CRYPTED, Flags: 7f ServerSeq: 15 ClientSeq: 12
02 03 21 00 02 0e 05 8a fd 5a 32 47 00 20 8a c4 a6 1f 49 c5 13 00 02 0e 05 12 76 62 37 47 00 20 
8a c4 bc c0 fe c4 00 00 04 01 00 96 1e 0b 80 bd 05 11 00 00 00 00 00 00 01 16 80 bc 15 00 70 01 
00 11 00 00 00 ab 00 0d 00 00 00 01 00 00 00 00 16 80 bc 15 00 71 01 00 11 00 00 00 0a 02 4d 00 
00 00 01 00 00 00 00 16 80 bc 15 00 72 01 00 11 00 00 00 f2 03 34 00 00 00 01 00 00 00 00 16 80 
bc 15 00 73 01 00 11 00 00 00 ed 03 4d 00 00 00 01 00 00 00 00 16 80 bc 15 00 74 01 00 11 00 00 
00 9f 00 19 00 00 00 01 00 00 00 00 16 80 bc 15 00 75 01 00 11 00 00 00 f1 03 34 00 00 00 01 00 
00 00 00 16 80 bc 15 00 76 01 00 11 00 00 00 0c 02 34 00 00 00 01 00 00 00 00 16 80 bc 15 00 77 
01 00 11 00 00 00 b7 00 4d 00 00 00 01 00 00 00 00 16 80 bc 15 00 78 01 00 11 00 00 00 f3 03 46 
00 00 00 01 00 00 00 00 04 80 b3 11 00 16 80 bc 45 03 11 00 00 02 00 00 00 11 00 32 00 00 00 01 
00 00 00 00 16 80 bc 55 00 35 01 00 02 00 00 00 cc 00 0c 00 00 00 01 00 00 00 00 08 80 b2 11 00 
32 00 08 02 16 80 bc 45 03 11 00 00 02 00 00 00 11 00 32 00 00 00 00 00 00 00 00 16 80 bc 55 00 
79 01 00 02 00 00 00 cc 00 0c 00 00 00 00 00 00 00 00 16 80 bc 15 00 7a 01 00 11 00 00 00 ab 00 
0d 00 00 00 00 00 00 00 00 16 80 bc 15 00 7b 01 00 11 00 00 00 0a 02 4d 00 00 00 00 00 00 00 00 
16 80 bc 15 00 7c 01 00 11 00 00 00 f2 03 34 00 00 00 00 00 00 00 00 16 80 bc 15 00 7d 01 00 11 
00 00 00 ed 03 4d 00 00 00 00 00 00 00 00 16 80 bc 15 00 7e 01 00 11 00 00 00 9f 00 19 00 00 00 
00 00 00 00 00 16 80 bc 15 00 7f 01 00 11 00 00 00 f1 03 34 00 00 00 00 00 00 00 00 16 80 bc 15 
00 80 01 00 11 00 00 00 0c 02 34 00 00 00 00 00 00 00 00 16 80 bc 15 00 81 01 00 11 00 00 00 b7 
00 4d 00 00 00 00 00 00 00 00 16 80 bc 15 00 82 01 00 11 00 00 00 f3 03 46 00 00 00 00 00 00 00 
00 16 80 bc 55 00 36 01 00 0b 00 00 00 37 02 96 00 00 00 01 00 00 00 00 16 80 bc 55 00 83 01 00 
0b 00 00 00 37 02 96 00 00 00 00 00 00 00 00 16 80 bc 55 00 37 01 00 2d 00 00 00 23 04 0a 00 00 
00 01 00 00 00 00 16 80 bc 55 00 38 01 00 2d 00 00 00 20 04 0a 00 00 00 01 00 00 00 00 16 80 bc 
55 00 39 01 00 2d 00 00 00 19 04 05 00 00 00 01 00 00 00 00 
..!......Z2G. ....I.......vb7G. ..............................p......................q........M.
............r........4.............s........M.............t......................u........4.....
........v........4.............w........M.............x........F................E..........2....
.......U.5......................2......E..........2...........U.y......................z........
..............{........M.............|........4.............}........M.............~............
...................4......................4......................M......................F.......
....U.6......7.............U........7.............U.7..-...#.............U.8..-... .............
U.9..-..............

Client->GAME [10:51:52 07/15/09] packet size: 1 CRYPTED, Flags: 7f ServerSeq: 15 ClientSeq: 14
02 
.

GAME->Client [10:51:52 07/15/09] packet size: 711 CRYPTED, Flags: 7f ServerSeq: 16 ClientSeq: 13
02 03 21 00 02 0e 00 80 fd 5a 32 47 00 20 8a c4 a6 1f 49 c5 13 00 02 0e 05 08 76 62 37 47 00 20 
8a c4 bc c0 fe c4 00 00 04 02 00 b4 1e 16 80 bc 55 00 3a 01 00 2d 00 00 00 42 04 05 00 00 00 01 
00 00 00 00 16 80 bc 55 00 84 01 00 2d 00 00 00 23 04 0a 00 00 00 00 00 00 00 00 16 80 bc 55 00 
85 01 00 2d 00 00 00 20 04 0a 00 00 00 00 00 00 00 00 16 80 bc 55 00 86 01 00 2d 00 00 00 19 04 
05 00 00 00 00 00 00 00 00 16 80 bc 55 00 87 01 00 2d 00 00 00 42 04 05 00 00 00 00 00 00 00 00 
16 80 bc 55 00 3b 01 00 34 00 00 00 83 02 c8 00 00 00 01 00 00 00 00 16 80 bc 55 00 88 01 00 34 
00 00 00 83 02 c8 00 00 00 00 00 00 00 00 04 80 b3 3d 04 16 80 bc 45 03 3d 04 00 43 00 00 00 3d 
04 00 00 00 00 01 00 00 00 00 08 80 b2 3d 04 00 00 08 02 16 80 bc 45 03 3d 04 00 43 00 00 00 3d 
04 00 00 00 00 00 00 00 00 00 16 80 bc 55 00 3c 01 00 4b 00 00 00 1f 04 19 00 00 00 01 00 00 00 
00 16 80 bc 55 00 89 01 00 4b 00 00 00 1f 04 19 00 00 00 00 00 00 00 00 16 80 bc 55 00 3d 01 00 
5f 00 00 00 7c 04 0f 00 00 00 01 00 00 00 00 16 80 bc 55 00 3e 01 00 5f 00 00 00 07 04 0f 00 00 
00 01 00 00 00 00 16 80 bc 55 00 8a 01 00 5f 00 00 00 7c 04 0f 00 00 00 00 00 00 00 00 16 80 bc 
55 00 8b 01 00 5f 00 00 00 07 04 0f 00 00 00 00 00 00 00 00 16 80 bc 55 00 3f 01 00 62 00 00 00 
06 04 01 00 00 00 01 00 00 00 00 04 80 b3 35 04 16 80 bc 45 03 35 04 00 62 00 00 00 35 04 00 00 
00 00 01 00 00 00 00 16 80 bc 55 00 40 01 00 62 00 00 00 15 04 01 00 00 00 01 00 00 00 00 16 80 
bc 55 00 8c 01 00 62 00 00 00 06 04 01 00 00 00 00 00 00 00 00 08 80 b2 35 04 00 00 08 02 16 80 
bc 45 03 35 04 00 62 00 00 00 35 04 00 00 00 00 00 00 00 00 00 16 80 bc 55 00 8d 01 00 62 00 00 
00 15 04 01 00 00 00 00 00 00 00 00 04 80 b3 3e 04 16 80 bc 45 03 3e 04 00 4f 01 00 00 3e 04 00 
00 00 00 01 00 00 00 00 08 80 b2 3e 04 00 00 08 02 16 80 bc 45 03 3e 04 00 4f 01 00 00 3e 04 00 
00 00 00 00 00 00 00 00 16 80 bc 55 00 41 01 00 5a 01 00 00 07 04 05 00 00 00 01 00 00 00 00 00 
d2 03 16 80 bc 55 00 42 01 00 5a 01 00 00 1d 04 0f 00 00 00 01 00 00 00 00 16 80 bc 55 00 8e 01 
00 5a 01 00 00 07 04 05 00 00 00 00 00 00 00 00 16 80 bc 55 00 8f 01 00 5a 01 00 00 1d 04 0f 00 
00 00 00 00 00 00 00 
..!......Z2G. ....I.......vb7G. ................U.:..-...B.............U....-...#.............U.
...-... .............U....-.................U....-...B.............U.;..4.................U....4
.................=....E.=..C...=.............=........E.=..C...=.............U.<..K.............
....U....K.................U.=.._...|.............U.>.._.................U...._...|.............
U...._.................U.?..b.................5....E.5..b...5.............U.@..b................
.U....b.................5........E.5..b...5.............U....b.................>....E.>..O...>..
...........>........E.>..O...>.............U.A..Z....................U.B..Z.................U...
.Z.................U....Z..............

Client->GAME [10:51:52 07/15/09] packet size: 1 CRYPTED, Flags: 7f ServerSeq: 0 ClientSeq: 15
02 
.

GAME->Client [10:51:52 07/15/09] packet size: 697 CRYPTED, Flags: 7f ServerSeq: 17 ClientSeq: 14
82 b4 d3 f7 48 03 21 00 02 0e 00 79 fd 5a 32 47 00 20 8a c4 a6 1f 49 c5 13 00 02 0c fe 76 62 37 
47 00 20 8a c4 bc c0 fe c4 00 00 04 01 00 d5 1f 04 80 b3 3f 04 16 80 bc 45 03 3f 04 00 64 01 00 
00 3f 04 00 00 00 00 01 00 00 00 00 16 80 bc 55 00 43 01 00 64 01 00 00 1f 04 05 00 00 00 01 00 
00 00 00 08 80 b2 3f 04 00 00 08 02 16 80 bc 45 03 3f 04 00 64 01 00 00 3f 04 00 00 00 00 00 00 
00 00 00 16 80 bc 55 00 90 01 00 64 01 00 00 1f 04 05 00 00 00 00 00 00 00 00 16 80 bc 55 00 44 
01 00 66 01 00 00 7b 04 05 00 00 00 01 00 00 00 00 16 80 bc 55 00 45 01 00 66 01 00 00 12 04 0a 
00 00 00 01 00 00 00 00 16 80 bc 55 00 46 01 00 66 01 00 00 06 04 0b 00 00 00 01 00 00 00 00 16 
80 bc 55 00 91 01 00 66 01 00 00 7b 04 05 00 00 00 00 00 00 00 00 16 80 bc 55 00 92 01 00 66 01 
00 00 12 04 0a 00 00 00 00 00 00 00 00 16 80 bc 55 00 93 01 00 66 01 00 00 06 04 0b 00 00 00 00 
00 00 00 00 16 80 bc 55 00 47 01 00 8e 01 00 00 03 04 05 00 00 00 01 00 00 00 00 16 80 bc 55 00 
48 01 00 8e 01 00 00 12 04 0f 00 00 00 01 00 00 00 00 16 80 bc 55 00 49 01 00 8e 01 00 00 77 04 
05 00 00 00 01 00 00 00 00 16 80 bc 55 00 94 01 00 8e 01 00 00 03 04 05 00 00 00 00 00 00 00 00 
16 80 bc 55 00 95 01 00 8e 01 00 00 12 04 0f 00 00 00 00 00 00 00 00 16 80 bc 55 00 96 01 00 8e 
01 00 00 77 04 05 00 00 00 00 00 00 00 00 16 80 bc 55 00 4a 01 00 cd 01 00 00 e5 03 05 00 00 00 
01 00 00 00 00 16 80 bc 55 00 4b 01 00 cd 01 00 00 73 04 05 00 00 00 01 00 00 00 00 16 80 bc 55 
00 4c 01 00 cd 01 00 00 e3 03 0f 00 00 00 01 00 00 00 00 16 80 bc 55 00 97 01 00 cd 01 00 00 e5 
03 05 00 00 00 00 00 00 00 00 16 80 bc 55 00 98 01 00 cd 01 00 00 73 04 05 00 00 00 00 00 00 00 
00 16 80 bc 55 00 99 01 00 cd 01 00 00 e3 03 0f 00 00 00 00 00 00 00 00 04 80 b3 40 04 16 80 bc 
45 03 40 04 00 d5 01 00 00 40 04 00 00 00 00 01 00 00 00 00 16 80 bc 55 00 4d 01 00 d5 01 00 00 
e3 03 05 00 00 00 01 00 00 00 00 08 80 b2 40 04 00 00 08 02 16 80 bc 45 03 40 04 00 d5 01 00 00 
40 04 00 00 00 00 00 00 00 00 00 16 80 bc 55 00 9a 01 00 d5 01 00 00 e3 03 05 00 00 00 00 00 00 
00 00 16 80 bc 55 00 4e 01 00 36 02 00 00 37 02 0a 00 00 00 01 00 00 00 00 
....H.!....y.Z2G. ....I......vb7G. ................?....E.?..d...?.............U.C..d...........
......?........E.?..d...?.............U....d.................U.D..f...{.............U.E..f......
...........U.F..f.................U....f...{.............U....f.................U....f..........
.......U.G....................U.H....................U.I......w.............U...................
...U......................U........w.............U.J....................U.K......s.............U
.L....................U......................U........s.............U......................@....
E.@......@.............U.M....................@........E.@......@.............U.................
.....U.N..6...7..........

Client->GAME [10:51:52 07/15/09] packet size: 1 CRYPTED, Flags: 7f ServerSeq: 1 ClientSeq: 16
02 
.

GAME->Client [10:51:52 07/15/09] packet size: 679 CRYPTED, Flags: 7f ServerSeq: 18 ClientSeq: 15
02 03 13 00 02 0c f4 76 62 37 47 00 20 8a c4 bc c0 fe c4 00 00 04 01 00 f4 1b 16 80 bc 55 00 9b 
01 00 36 02 00 00 37 02 0a 00 00 00 00 00 00 00 00 16 80 bc 55 00 4f 01 00 74 02 00 00 34 02 1e 
00 00 00 01 00 00 00 00 16 80 bc 55 00 9c 01 00 74 02 00 00 34 02 1e 00 00 00 00 00 00 00 00 16 
80 bc 15 00 7a 01 00 11 00 00 00 ab 00 0d 00 00 00 01 00 00 00 00 16 80 bc 15 00 7b 01 00 11 00 
00 00 0a 02 4d 00 00 00 01 00 00 00 00 16 80 bc 15 00 7c 01 00 11 00 00 00 f2 03 34 00 00 00 01 
00 00 00 00 16 80 bc 15 00 7d 01 00 11 00 00 00 ed 03 4d 00 00 00 01 00 00 00 00 16 80 bc 15 00 
7e 01 00 11 00 00 00 9f 00 19 00 00 00 01 00 00 00 00 16 80 bc 15 00 7f 01 00 11 00 00 00 f1 03 
34 00 00 00 01 00 00 00 00 16 80 bc 15 00 80 01 00 11 00 00 00 0c 02 34 00 00 00 01 00 00 00 00 
16 80 bc 15 00 81 01 00 11 00 00 00 b7 00 4d 00 00 00 01 00 00 00 00 16 80 bc 15 00 82 01 00 11 
00 00 00 f3 03 46 00 00 00 01 00 00 00 00 0b 80 bd 05 11 00 00 00 00 00 00 00 16 80 bc 15 00 9d 
01 00 11 00 00 00 ab 00 0d 00 00 00 00 00 00 00 00 16 80 bc 15 00 9e 01 00 11 00 00 00 0a 02 4d 
00 00 00 00 00 00 00 00 16 80 bc 15 00 9f 01 00 11 00 00 00 f2 03 34 00 00 00 00 00 00 00 00 16 
80 bc 15 00 a0 01 00 11 00 00 00 ed 03 4d 00 00 00 00 00 00 00 00 16 80 bc 15 00 a1 01 00 11 00 
00 00 9f 00 19 00 00 00 00 00 00 00 00 16 80 bc 15 00 a2 01 00 11 00 00 00 f1 03 34 00 00 00 00 
00 00 00 00 16 80 bc 15 00 a3 01 00 11 00 00 00 0c 02 34 00 00 00 00 00 00 00 00 16 80 bc 15 00 
a4 01 00 11 00 00 00 b7 00 4d 00 00 00 00 00 00 00 00 16 80 bc 15 00 a5 01 00 11 00 00 00 f3 03 
46 00 00 00 00 00 00 00 00 0b 80 bd 05 11 00 00 00 00 00 00 01 17 3a 05 00 11 00 0a 00 50 76 50 
53 65 72 76 65 72 00 04 00 06 00 00 00 1d 3a 05 00 17 00 10 00 50 76 50 4d 61 78 53 61 66 65 4c 
65 76 65 6c 00 04 00 0f 00 00 00 3f 3a 05 00 14 00 0d 00 57 52 5f 52 65 7a 45 76 65 6e 74 73 00 
29 00 48 61 6c 6c 6f 77 65 65 6e 5f 45 76 65 6e 74 2c 57 69 6e 74 65 72 33 50 6c 75 73 48 61 6c 
6c 6f 77 65 65 6e 54 53 45 43 00 1b 3a 05 00 19 00 12 00 45 76 65 6e 74 53 6c 6f 74 31 5f 45 66 
66 65 63 74 00 00 00 
.......vb7G. ................U....6...7.............U.O..t...4.............U....t...4...........
....z......................{........M.............|........4.............}........M.............
~...............................4......................4......................M.................
.....F.........................................................M......................4.........
.............M.............................................4......................4.............
.........M......................F.....................:......PvPServer........:......PvPMaxSafeL
evel.......?:......WR_RezEvents.).Halloween_Event,Winter3PlusHalloweenTSEC..:......EventSlot1_Ef
fect...

Client->GAME [10:51:52 07/15/09] packet size: 1 CRYPTED, Flags: 7f ServerSeq: 2 ClientSeq: 17
02 
.

GAME->Client [10:51:52 07/15/09] packet size: 338 CRYPTED, Flags: 7f ServerSeq: 19 ClientSeq: 0
02 03 13 00 02 0c ea 76 62 37 47 00 20 8a c4 bc c0 fe c4 00 00 04 02 01 0f 02 28 3a 05 00 19 00 
12 00 45 76 65 6e 74 53 6c 6f 74 32 5f 45 66 66 65 63 74 00 0d 00 66 6c 79 6d 61 6e 5f 69 64 6c 
65 33 00 25 3a 05 00 19 00 12 00 45 76 65 6e 74 53 6c 6f 74 33 5f 45 66 66 65 63 74 00 0a 00 66 
6c 79 5f 76 69 72 75 73 00 01 11 04 1f 3a 05 00 1b 00 14 00 46 69 78 65 64 42 69 6e 6b 49 44 4f 
76 65 72 72 69 64 65 00 02 00 20 00 41 81 67 17 00 27 00 1c 22 00 c6 01 11 00 00 00 00 00 00 00 
37 00 00 08 0e 00 41 66 74 65 72 57 68 6f 72 75 4e 65 6f 00 0e 00 41 66 74 65 72 57 68 6f 72 75 
4e 65 6f 00 02 00 4d 00 00 00 00 00 00 00 41 81 67 17 00 27 00 1c 22 00 c6 01 11 00 00 00 00 00 
00 00 37 00 00 08 0e 00 41 66 74 65 72 57 68 6f 72 75 4e 65 6f 00 0e 00 41 66 74 65 72 57 68 6f 
72 75 4e 65 6f 00 02 00 4d 00 00 00 00 00 00 00 41 81 67 17 00 27 00 1c 22 00 c6 01 11 00 00 00 
00 00 00 00 37 00 00 08 0e 00 41 66 74 65 72 57 68 6f 72 75 4e 65 6f 00 0e 00 41 66 74 65 72 57 
68 6f 72 75 4e 65 6f 00 02 00 4d 00 00 00 00 00 00 00 
.......vb7G. .............(:......EventSlot2_Effect...flyman_idle3.%:......EventSlot3_Effect...f
ly_virus.....:......FixedBinkIDOverride... .A.g..'.."...........7.....AfterWhoruNeo...AfterWhoru
Neo...M.......A.g..'.."...........7.....AfterWhoruNeo...AfterWhoruNeo...M.......A.g..'..".......
....7.....AfterWhoruNeo...AfterWhoruNeo...M.......

Client->GAME [10:51:52 07/15/09] packet size: 1 CRYPTED, Flags: 7f ServerSeq: 3 ClientSeq: 18
02 
.

GAME->Client [10:51:52 07/15/09] packet size: 21 CRYPTED, Flags: 7f ServerSeq: 20 ClientSeq: 1
02 03 13 00 02 0c e0 76 62 37 47 00 20 8a c4 bc c0 fe c4 00 00 
.......vb7G. ........

Client->GAME [10:51:52 07/15/09] packet size: 1 CRYPTED, Flags: 7f ServerSeq: 4 ClientSeq: 19
02 
.

GAME->Client [10:51:52 07/15/09] packet size: 39 CRYPTED, Flags: 7f ServerSeq: 21 ClientSeq: 2
02 03 1d 00 02 0e 04 a4 7b 78 37 47 00 20 8a c4 a0 fa 8b c4 13 00 02 0c d6 76 62 37 47 00 20 8a 
c4 bc c0 fe c4 00 00 
........{x7G. ...........vb7G. ........

Client->GAME [10:51:52 07/15/09] packet size: 1 CRYPTED, Flags: 7f ServerSeq: 5 ClientSeq: 20
02 
.

GAME->Client [10:51:52 07/15/09] packet size: 39 CRYPTED, Flags: 7f ServerSeq: 22 ClientSeq: 3
02 03 1d 00 02 0e 04 ae 7b 78 37 47 00 20 8a c4 a0 fa 8b c4 13 00 02 0c cc 76 62 37 47 00 20 8a 
c4 bc c0 fe c4 00 00 
........{x7G. ...........vb7G. ........

Client->GAME [10:51:52 07/15/09] packet size: 1 CRYPTED, Flags: 7f ServerSeq: 6 ClientSeq: 21
02 
.

