Client->GAME [13:31:46 07/15/09] packet size: 25 CRYPTED, Flags: 7f ServerSeq: 3 ClientSeq: 162
02 04 01 00 25 01 12 81 8e 0a 00 00 00 03 00 00 00 0e 00 00 00 03 00 00 00 
....%....................

GAME->Client [13:31:46 07/15/09] packet size: 33 CRYPTED, Flags: 7f ServerSeq: 164 ClientSeq: 0
02 03 01 00 01 01 00 06 00 01 00 02 13 00 03 00 02 0c f5 d9 ee bc 46 00 80 fc c3 2c db 83 46 00 
00 
......................F....,..F..

Client->GAME [13:31:46 07/15/09] packet size: 1 CRYPTED, Flags: 7f ServerSeq: 4 ClientSeq: 163
02 
.

GAME->Client [13:31:47 07/15/09] packet size: 696 CRYPTED, Flags: 7f ServerSeq: 165 ClientSeq: 3
02 04 01 01 96 1e 16 80 bc 15 00 3d 00 00 f7 03 00 00 08 02 00 00 00 00 01 00 00 00 00 16 80 bc 
15 00 3e 00 00 f7 03 00 00 07 02 ec ff ff ff 01 00 00 00 00 16 80 bc 15 00 3f 00 00 f7 03 00 00 
50 04 00 00 00 00 01 00 00 00 00 16 80 bc 15 00 40 00 00 f7 03 00 00 f4 03 00 00 00 00 01 00 00 
00 00 16 80 bc 15 00 41 00 00 f7 03 00 00 51 04 f6 ff ff ff 01 00 00 00 00 16 80 bc 15 00 42 00 
00 f7 03 00 00 52 04 0f 00 00 00 01 00 00 00 00 16 80 bc 56 00 43 00 00 0a 95 00 00 06 04 02 00 
00 00 01 00 00 00 00 16 80 bc 56 00 44 00 00 0a 95 00 00 b4 00 11 00 00 00 01 00 00 00 00 16 80 
bc 56 00 45 00 00 0a 95 00 00 b5 00 11 00 00 00 01 00 00 00 00 16 80 bc 56 00 46 00 00 0a 95 00 
00 07 04 02 00 00 00 01 00 00 00 00 16 80 bc 56 00 47 00 00 8a b2 00 00 23 04 02 00 00 00 01 00 
00 00 00 16 80 bc 56 00 48 00 00 8a b2 00 00 21 04 01 00 00 00 01 00 00 00 00 16 80 bc 56 00 49 
00 00 8a b2 00 00 b4 00 1d 00 00 00 01 00 00 00 00 16 80 bc 56 00 4a 00 00 8a b2 00 00 09 04 1d 
00 00 00 01 00 00 00 00 16 80 bc 56 00 4b 00 00 8a b2 00 00 9d 00 1d 00 00 00 01 00 00 00 00 16 
80 bc 56 00 4c 00 00 8a b2 00 00 06 04 01 00 00 00 01 00 00 00 00 16 80 bc 56 00 4d 00 00 24 b3 
00 00 89 02 02 00 00 00 01 00 00 00 00 16 80 bc 56 00 4e 00 00 24 b3 00 00 1a 04 01 00 00 00 01 
00 00 00 00 16 80 bc 56 00 4f 00 00 24 b3 00 00 b4 00 21 00 00 00 01 00 00 00 00 16 80 bc 56 00 
50 00 00 24 b3 00 00 09 04 21 00 00 00 01 00 00 00 00 16 80 bc 56 00 51 00 00 24 b3 00 00 15 04 
02 00 00 00 01 00 00 00 00 16 80 bc 56 00 52 00 00 24 b3 00 00 b5 00 21 00 00 00 01 00 00 00 00 
16 80 bc 56 00 53 00 00 95 a7 00 00 b4 00 12 00 00 00 01 00 00 00 00 16 80 bc 56 00 54 00 00 95 
a7 00 00 b5 00 12 00 00 00 01 00 00 00 00 16 80 bc 56 00 55 00 00 95 a7 00 00 09 04 12 00 00 00 
01 00 00 00 00 16 80 bc 56 00 56 00 00 95 a7 00 00 70 00 0f 00 00 00 01 00 00 00 00 16 80 bc 56 
00 57 00 00 2c b3 00 00 17 04 01 00 00 00 01 00 00 00 00 16 80 bc 56 00 58 00 00 2c b3 00 00 b4 
00 21 00 00 00 01 00 00 00 00 16 80 bc 56 00 59 00 00 2c b3 00 00 09 04 21 00 00 00 01 00 00 00 
00 16 80 bc 56 00 5a 00 00 2c b3 00 00 12 04 02 00 00 00 01 00 00 00 00 
...........=......................>......................?......P...............@...............
.......A......Q...............B......R.............V.C....................V.D...................
.V.E....................V.F....................V.G......#.............V.H......!.............V.I
....................V.J....................V.K....................V.L....................V.M..$.
................V.N..$.................V.O..$.....!...........V.P..$.....!...........V.Q..$.....
............V.R..$.....!...........V.S....................V.T....................V.U............
........V.V......p.............V.W..,.................V.X..,.....!...........V.Y..,.....!.......
....V.Z..,..............

Client->GAME [13:31:47 07/15/09] packet size: 1 CRYPTED, Flags: 7f ServerSeq: 5 ClientSeq: 164
02 
.

GAME->Client [13:31:47 07/15/09] packet size: 700 CRYPTED, Flags: 7f ServerSeq: 166 ClientSeq: 3
82 f2 82 fc 48 04 01 01 b4 1e 16 80 bc 56 00 5b 00 00 2c b3 00 00 07 04 02 00 00 00 01 00 00 00 
00 16 80 bc 56 00 5c 00 00 2c b3 00 00 b5 00 21 00 00 00 01 00 00 00 00 16 80 bc 56 00 5d 00 00 
c3 b2 00 00 89 02 02 00 00 00 01 00 00 00 00 16 80 bc 56 00 5e 00 00 c3 b2 00 00 21 04 02 00 00 
00 01 00 00 00 00 16 80 bc 56 00 5f 00 00 c3 b2 00 00 b4 00 1f 00 00 00 01 00 00 00 00 16 80 bc 
56 00 60 00 00 c3 b2 00 00 09 04 1f 00 00 00 01 00 00 00 00 16 80 bc 56 00 61 00 00 c3 b2 00 00 
1e 04 01 00 00 00 01 00 00 00 00 16 80 bc 56 00 62 00 00 c3 b2 00 00 9d 00 1f 00 00 00 01 00 00 
00 00 16 80 bc 55 00 63 00 00 02 00 00 00 cc 00 0c 00 00 00 01 00 00 00 00 16 80 bc 55 00 64 00 
00 0b 00 00 00 37 02 96 00 00 00 01 00 00 00 00 16 80 bc 55 00 65 00 00 2d 00 00 00 23 04 0a 00 
00 00 01 00 00 00 00 16 80 bc 55 00 66 00 00 2d 00 00 00 20 04 0a 00 00 00 01 00 00 00 00 16 80 
bc 55 00 67 00 00 2d 00 00 00 19 04 05 00 00 00 01 00 00 00 00 16 80 bc 55 00 68 00 00 2d 00 00 
00 42 04 05 00 00 00 01 00 00 00 00 16 80 bc 55 00 69 00 00 34 00 00 00 83 02 c8 00 00 00 01 00 
00 00 00 16 80 bc 55 00 6a 00 00 4b 00 00 00 1f 04 19 00 00 00 01 00 00 00 00 16 80 bc 55 00 6b 
00 00 5f 00 00 00 7c 04 0f 00 00 00 01 00 00 00 00 16 80 bc 55 00 6c 00 00 5f 00 00 00 07 04 0f 
00 00 00 01 00 00 00 00 16 80 bc 55 00 6d 00 00 62 00 00 00 06 04 01 00 00 00 01 00 00 00 00 16 
80 bc 55 00 6e 00 00 62 00 00 00 15 04 01 00 00 00 01 00 00 00 00 16 80 bc 55 00 6f 00 00 5a 01 
00 00 07 04 05 00 00 00 01 00 00 00 00 16 80 bc 55 00 70 00 00 5a 01 00 00 1d 04 0f 00 00 00 01 
00 00 00 00 16 80 bc 55 00 71 00 00 64 01 00 00 1f 04 05 00 00 00 01 00 00 00 00 16 80 bc 55 00 
72 00 00 66 01 00 00 7b 04 05 00 00 00 01 00 00 00 00 16 80 bc 55 00 73 00 00 66 01 00 00 12 04 
0a 00 00 00 01 00 00 00 00 16 80 bc 55 00 74 00 00 66 01 00 00 06 04 0b 00 00 00 01 00 00 00 00 
16 80 bc 55 00 75 00 00 8e 01 00 00 03 04 05 00 00 00 01 00 00 00 00 16 80 bc 55 00 76 00 00 8e 
01 00 00 12 04 0f 00 00 00 01 00 00 00 00 16 80 bc 55 00 77 00 00 8e 01 00 00 77 04 05 00 00 00 
01 00 00 00 00 16 80 bc 55 00 78 00 00 cd 01 00 00 e5 03 05 00 00 00 01 00 00 00 00 
....H........V.[..,.................V.\..,.....!...........V.]....................V.^......!....
.........V._....................V.`....................V.a....................V.b...............
.....U.c....................U.d......7.............U.e..-...#.............U.f..-... ............
.U.g..-.................U.h..-...B.............U.i..4.................U.j..K.................U.k
.._...|.............U.l.._.................U.m..b.................U.n..b.................U.o..Z.
................U.p..Z.................U.q..d.................U.r..f...{.............U.s..f.....
............U.t..f.................U.u....................U.v....................U.w......w.....
........U.x.................

Client->GAME [13:31:47 07/15/09] packet size: 1 CRYPTED, Flags: 7f ServerSeq: 6 ClientSeq: 165
02 
.

GAME->Client [13:31:47 07/15/09] packet size: 700 CRYPTED, Flags: 7f ServerSeq: 167 ClientSeq: 4
02 04 02 01 d2 03 16 80 bc 55 00 79 00 00 cd 01 00 00 73 04 05 00 00 00 01 00 00 00 00 16 80 bc 
55 00 7a 00 00 cd 01 00 00 e3 03 0f 00 00 00 01 00 00 00 00 16 80 bc 55 00 7b 00 00 d5 01 00 00 
e3 03 05 00 00 00 01 00 00 00 00 01 d5 1c 16 80 bc 55 00 7c 00 00 36 02 00 00 37 02 0a 00 00 00 
01 00 00 00 00 16 80 bc 55 00 7d 00 00 74 02 00 00 34 02 1e 00 00 00 01 00 00 00 00 16 80 bc 15 
00 7e 00 00 11 00 00 00 ab 00 0d 00 00 00 01 00 00 00 00 16 80 bc 15 00 7f 00 00 11 00 00 00 0a 
02 4d 00 00 00 01 00 00 00 00 16 80 bc 15 00 80 00 00 11 00 00 00 f2 03 34 00 00 00 01 00 00 00 
00 16 80 bc 15 00 81 00 00 11 00 00 00 ed 03 4d 00 00 00 01 00 00 00 00 16 80 bc 15 00 82 00 00 
11 00 00 00 9f 00 19 00 00 00 01 00 00 00 00 16 80 bc 15 00 83 00 00 11 00 00 00 f1 03 34 00 00 
00 01 00 00 00 00 16 80 bc 15 00 84 00 00 11 00 00 00 0c 02 34 00 00 00 01 00 00 00 00 16 80 bc 
15 00 85 00 00 11 00 00 00 b7 00 4d 00 00 00 01 00 00 00 00 16 80 bc 15 00 86 00 00 11 00 00 00 
f3 03 46 00 00 00 01 00 00 00 00 16 80 bc 11 00 87 00 00 00 00 00 00 cb 02 00 00 00 00 01 00 00 
00 00 0b 80 bd 05 11 00 00 00 00 00 00 00 16 80 bc 15 00 88 00 00 11 00 00 00 ab 00 0c 00 00 00 
00 00 00 00 00 16 80 bc 15 00 89 00 00 11 00 00 00 0a 02 4b 00 00 00 00 00 00 00 00 16 80 bc 15 
00 8a 00 00 11 00 00 00 f2 03 31 00 00 00 00 00 00 00 00 16 80 bc 15 00 8b 00 00 11 00 00 00 ed 
03 4b 00 00 00 00 00 00 00 00 16 80 bc 15 00 8c 00 00 11 00 00 00 9f 00 19 00 00 00 00 00 00 00 
00 16 80 bc 15 00 8d 00 00 11 00 00 00 f1 03 31 00 00 00 00 00 00 00 00 16 80 bc 15 00 8e 00 00 
11 00 00 00 0c 02 34 00 00 00 00 00 00 00 00 16 80 bc 15 00 8f 00 00 11 00 00 00 b7 00 46 00 00 
00 00 00 00 00 00 16 80 bc 15 00 90 00 00 11 00 00 00 f3 03 46 00 00 00 00 00 00 00 00 0b 80 bd 
05 11 00 00 00 00 00 00 01 16 80 bc 15 00 88 00 00 11 00 00 00 ab 00 0c 00 00 00 01 00 00 00 00 
16 80 bc 15 00 89 00 00 11 00 00 00 0a 02 4b 00 00 00 01 00 00 00 00 16 80 bc 15 00 8a 00 00 11 
00 00 00 f2 03 31 00 00 00 01 00 00 00 00 16 80 bc 15 00 8b 00 00 11 00 00 00 ed 03 4b 00 00 00 
01 00 00 00 00 16 80 bc 15 00 8c 00 00 11 00 00 00 9f 00 19 00 00 00 01 00 00 00 00 
.........U.y......s.............U.z....................U.{.......................U.|..6...7.....
........U.}..t...4...............~...............................M......................4.......
...............M.............................................4......................4...........
...........M......................F.............................................................
...................K......................1......................K..............................
...............1......................4......................F......................F...........
..............................................K......................1......................K...
............................

Client->GAME [13:31:47 07/15/09] packet size: 1 CRYPTED, Flags: 7f ServerSeq: 7 ClientSeq: 166
02 
.

GAME->Client [13:31:47 07/15/09] packet size: 281 CRYPTED, Flags: 7f ServerSeq: 168 ClientSeq: 5
02 04 01 01 f1 12 16 80 bc 15 00 8d 00 00 11 00 00 00 f1 03 31 00 00 00 01 00 00 00 00 16 80 bc 
15 00 8e 00 00 11 00 00 00 0c 02 34 00 00 00 01 00 00 00 00 16 80 bc 15 00 8f 00 00 11 00 00 00 
b7 00 46 00 00 00 01 00 00 00 00 16 80 bc 15 00 90 00 00 11 00 00 00 f3 03 46 00 00 00 01 00 00 
00 00 0b 80 bd 05 11 00 00 00 00 00 00 00 04 80 b3 11 00 16 80 bc 45 03 11 00 00 02 00 00 00 11 
00 32 00 00 00 01 00 00 00 00 04 80 b3 35 04 16 80 bc 45 03 35 04 00 62 00 00 00 35 04 00 00 00 
00 01 00 00 00 00 04 80 b3 3d 04 16 80 bc 45 03 3d 04 00 43 00 00 00 3d 04 00 00 00 00 01 00 00 
00 00 04 80 b3 3e 04 16 80 bc 45 03 3e 04 00 4f 01 00 00 3e 04 00 00 00 00 01 00 00 00 00 04 80 
b3 3f 04 16 80 bc 45 03 3f 04 00 64 01 00 00 3f 04 00 00 00 00 01 00 00 00 00 04 80 b3 40 04 16 
80 bc 45 03 40 04 00 d5 01 00 00 40 04 00 00 00 00 01 00 00 00 00 02 81 07 
....................1......................4......................F......................F......
......................E..........2...........5....E.5..b...5.............=....E.=..C...=........
.....>....E.>..O...>.............?....E.?..d...?.............@....E.@......@.............

Client->GAME [13:31:47 07/15/09] packet size: 13 CRYPTED, Flags: 7f ServerSeq: 8 ClientSeq: 167
02 04 01 00 26 01 06 81 08 00 00 00 00 
....&........

GAME->Client [13:31:47 07/15/09] packet size: 1 CRYPTED, Flags: 7f ServerSeq: 169 ClientSeq: 7
02 
.

GAME->Client [13:31:48 07/15/09] packet size: 1 CRYPTED, Flags: 7f ServerSeq: 170 ClientSeq: 7
42 
B

GAME->Client [13:31:48 07/15/09] packet size: 5 CRYPTED, Flags: 7f ServerSeq: 171 ClientSeq: 7
c2 1b 83 fc 48 
....H

Client->GAME [13:31:48 07/15/09] packet size: 1 CRYPTED, Flags: 7f ServerSeq: 11 ClientSeq: 168
02 
.

GAME->Client [13:31:48 07/15/09] packet size: 1 CRYPTED, Flags: 7f ServerSeq: 172 ClientSeq: 7
42 
B

Client->GAME [13:31:48 07/15/09] packet size: 1 CRYPTED, Flags: 7f ServerSeq: 12 ClientSeq: 169
42 
B

GAME->Client [13:31:48 07/15/09] packet size: 1 CRYPTED, Flags: 7f ServerSeq: 173 ClientSeq: 8
42 
B

GAME->Client [13:31:48 07/15/09] packet size: 1 CRYPTED, Flags: 7f ServerSeq: 174 ClientSeq: 8
42 
B

Client->GAME [13:31:48 07/15/09] packet size: 13 CRYPTED, Flags: 0 ServerSeq: 0 ClientSeq: 1
22 04 01 00 00 01 06 81 51 00 00 00 00 
".......Q....

GAME->Client [13:31:49 07/15/09] packet size: 72 CRYPTED, Flags: 1 ServerSeq: 2 ClientSeq: 1
02 04 01 00 03 01 41 81 67 17 00 27 00 1c 22 00 c6 01 11 00 00 00 00 00 00 00 37 00 00 08 0e 00 
41 66 74 65 72 57 68 6f 72 75 4e 65 6f 00 0e 00 41 66 74 65 72 57 68 6f 72 75 4e 65 6f 00 02 00 
4b 00 00 00 00 00 00 00 
......A.g..'.."...........7.....AfterWhoruNeo...AfterWhoruNeo...K.......

Client->GAME [13:31:49 07/15/09] packet size: 1 CRYPTED, Flags: 2 ServerSeq: 2 ClientSeq: 2
02 
.

GAME->Client [13:31:49 07/15/09] packet size: 138 CRYPTED, Flags: 3 ServerSeq: 3 ClientSeq: 2
02 04 01 00 00 03 6d 06 0e 00 03 00 00 00 29 83 fc 48 01 42 00 32 00 72 65 73 6f 75 72 63 65 2f 
77 6f 72 6c 64 73 2f 66 69 6e 61 6c 5f 77 6f 72 6c 64 2f 69 6e 74 65 72 6e 61 74 69 6f 6e 61 6c 
2f 69 74 2e 6d 65 74 72 00 29 00 48 61 6c 6c 6f 77 65 65 6e 5f 45 76 65 6e 74 2c 57 69 6e 74 65 
72 33 50 6c 75 73 48 61 6c 6c 6f 77 65 65 6e 54 53 45 43 00 0a 80 e5 e7 cb c0 12 00 00 00 00 0a 
80 e4 bc 58 7a 00 00 00 00 00 
......m.......)..H.B.2.resource/worlds/final_world/international/it.metr.).Halloween_Event,Winte
r3PlusHalloweenTSEC................Xz.....

Client->GAME [13:31:49 07/15/09] packet size: 6 CRYPTED, Flags: 5 ServerSeq: 3 ClientSeq: 3
02 05 02 0c 00 00 
......

GAME->Client [13:31:50 07/15/09] packet size: 1 CRYPTED, Flags: 7 ServerSeq: 4 ClientSeq: 3
02 
.

Client->GAME [13:31:52 07/15/09] packet size: 8 CRYPTED, Flags: 5 ServerSeq: 3 ClientSeq: 4
02 04 01 00 01 01 01 05 
........

GAME->Client [13:31:53 07/15/09] packet size: 223 CRYPTED, Flags: f ServerSeq: 5 ClientSeq: 4
82 b9 83 fc 48 03 01 00 0c 0c 00 22 cd ab 1c 8b 81 ff 71 02 00 00 41 6e 64 65 72 73 6f 6e 00 00 
00 00 00 00 00 00 00 00 00 00 00 00 00 00 00 00 00 00 00 00 00 00 90 54 68 6f 6d 61 73 00 00 00 
00 00 00 00 00 00 00 00 00 00 00 00 00 00 00 00 00 00 00 00 00 00 00 80 d8 28 0a 0c 00 00 00 01 
8e 81 ff f7 00 31 5e 00 00 c6 67 00 41 66 74 65 72 57 68 6f 72 75 4e 65 6f 00 00 00 00 00 00 00 
00 00 00 00 00 00 00 00 00 00 00 00 28 0a fd 64 01 00 00 67 00 75 d4 01 00 4b b1 00 00 00 00 73 
1a e9 88 80 60 04 00 02 8e 00 00 00 f7 00 9d 00 00 00 00 80 b6 de c0 00 00 00 00 00 c0 57 40 00 
00 00 00 00 40 bf 40 81 ff 32 22 80 89 22 9c d2 1e c0 1c 01 11 00 00 00 67 00 02 00 00 00 00 
....H......"......q...Anderson.........................Thomas............................(......
.....1^...g.AfterWhoruNeo...................(..d...g.u...K.....s....`........................W@.
....@.@..2".."..........g......

Client->GAME [13:31:54 07/15/09] packet size: 55 CRYPTED, Flags: 17 ServerSeq: 5 ClientSeq: 5
02 03 02 00 02 60 08 41 6e 64 65 72 73 6f 6e 06 54 68 6f 6d 61 73 00 00 04 01 00 02 05 02 80 be 
07 3f 4e 00 10 00 00 00 08 3e 6b 00 10 00 00 00 00 02 81 48 02 0c 01 
.....`.Anderson.Thomas...........?N......>k........H...

GAME->Client [13:31:54 07/15/09] packet size: 707 CRYPTED, Flags: 1f ServerSeq: 6 ClientSeq: 5
02 03 01 00 0c 0c 00 22 cd ab 1c 8b 81 ff 71 02 00 00 41 6e 64 65 72 73 6f 6e 00 00 00 00 00 00 
00 00 00 00 00 00 00 00 00 00 00 00 00 00 00 00 00 00 90 54 68 6f 6d 61 73 00 00 00 00 00 00 00 
00 00 00 00 00 00 00 00 00 00 00 00 00 00 00 00 00 00 00 80 d8 28 0a 0c 00 00 00 01 8e 81 ff f7 
00 31 5e 00 00 c6 67 00 41 66 74 65 72 57 68 6f 72 75 4e 65 6f 00 00 00 00 00 00 00 00 00 00 00 
00 00 00 00 00 00 00 00 28 0a fd 64 01 00 00 67 00 75 d4 01 00 4b b1 00 00 00 00 73 1a e9 88 80 
60 04 00 02 8e 00 00 00 f7 00 9d 00 00 00 00 80 b6 de c0 00 00 00 00 00 c0 57 40 00 00 00 00 00 
40 bf 40 81 ff 32 22 80 89 22 9c d2 1e c0 1c 01 11 00 00 00 67 00 02 00 00 00 00 04 01 00 04 15 
16 80 bc 15 00 88 00 00 f7 03 00 00 08 02 00 00 00 00 00 00 00 00 00 16 80 bc 15 00 89 00 00 f7 
03 00 00 07 02 ec ff ff ff 00 00 00 00 00 16 80 bc 15 00 8a 00 00 f7 03 00 00 50 04 00 00 00 00 
00 00 00 00 00 16 80 bc 15 00 8b 00 00 f7 03 00 00 f4 03 00 00 00 00 00 00 00 00 00 16 80 bc 15 
00 8c 00 00 f7 03 00 00 51 04 f6 ff ff ff 00 00 00 00 00 16 80 bc 15 00 8d 00 00 f7 03 00 00 52 
04 0f 00 00 00 00 00 00 00 00 16 80 bc 56 00 8e 00 00 0a 95 00 00 06 04 02 00 00 00 00 00 00 00 
00 16 80 bc 56 00 8f 00 00 0a 95 00 00 b4 00 11 00 00 00 00 00 00 00 00 16 80 bc 56 00 90 00 00 
0a 95 00 00 b5 00 11 00 00 00 00 00 00 00 00 16 80 bc 56 00 91 00 00 0a 95 00 00 07 04 02 00 00 
00 00 00 00 00 00 16 80 bc 56 00 92 00 00 8a b2 00 00 23 04 02 00 00 00 00 00 00 00 00 16 80 bc 
56 00 93 00 00 8a b2 00 00 21 04 01 00 00 00 00 00 00 00 00 16 80 bc 56 00 94 00 00 8a b2 00 00 
b4 00 1d 00 00 00 00 00 00 00 00 16 80 bc 56 00 95 00 00 8a b2 00 00 09 04 1d 00 00 00 00 00 00 
00 00 16 80 bc 56 00 96 00 00 8a b2 00 00 9d 00 1d 00 00 00 00 00 00 00 00 16 80 bc 56 00 97 00 
00 8a b2 00 00 06 04 01 00 00 00 00 00 00 00 00 16 80 bc 56 00 98 00 00 24 b3 00 00 89 02 02 00 
00 00 00 00 00 00 00 16 80 bc 56 00 99 00 00 24 b3 00 00 1a 04 01 00 00 00 00 00 00 00 00 16 80 
bc 56 00 9a 00 00 24 b3 00 00 b4 00 21 00 00 00 00 00 00 00 00 16 80 bc 56 00 9b 00 00 24 b3 00 
00 09 04 21 00 00 00 00 00 00 00 00 16 80 bc 56 00 9c 00 00 24 b3 00 00 15 04 02 00 00 00 00 00 
00 00 00 
......."......q...Anderson.........................Thomas............................(..........
.1^...g.AfterWhoruNeo...................(..d...g.u...K.....s....`........................W@.....
@.@..2".."..........g.....................................................................P.....
........................................Q......................R.............V..................
....V......................V......................V......................V........#.............
V........!.............V......................V......................V......................V...
...................V....$.................V....$.................V....$.....!...........V....$..
...!...........V....$..............

Client->GAME [13:31:54 07/15/09] packet size: 1 CRYPTED, Flags: 2f ServerSeq: 6 ClientSeq: 6
02 
.

GAME->Client [13:31:54 07/15/09] packet size: 700 CRYPTED, Flags: 1f ServerSeq: 7 ClientSeq: 5
82 e4 83 fc 48 04 01 00 19 1e 16 80 bc 56 00 9d 00 00 24 b3 00 00 b5 00 21 00 00 00 00 00 00 00 
00 16 80 bc 56 00 9e 00 00 95 a7 00 00 b4 00 12 00 00 00 00 00 00 00 00 16 80 bc 56 00 9f 00 00 
95 a7 00 00 b5 00 12 00 00 00 00 00 00 00 00 16 80 bc 56 00 a0 00 00 95 a7 00 00 09 04 12 00 00 
00 00 00 00 00 00 16 80 bc 56 00 a1 00 00 95 a7 00 00 70 00 0f 00 00 00 00 00 00 00 00 16 80 bc 
56 00 a2 00 00 2c b3 00 00 17 04 01 00 00 00 00 00 00 00 00 16 80 bc 56 00 a3 00 00 2c b3 00 00 
b4 00 21 00 00 00 00 00 00 00 00 16 80 bc 56 00 a4 00 00 2c b3 00 00 09 04 21 00 00 00 00 00 00 
00 00 16 80 bc 56 00 a5 00 00 2c b3 00 00 12 04 02 00 00 00 00 00 00 00 00 16 80 bc 56 00 a6 00 
00 2c b3 00 00 07 04 02 00 00 00 00 00 00 00 00 16 80 bc 56 00 a7 00 00 2c b3 00 00 b5 00 21 00 
00 00 00 00 00 00 00 16 80 bc 56 00 a8 00 00 c3 b2 00 00 89 02 02 00 00 00 00 00 00 00 00 16 80 
bc 56 00 a9 00 00 c3 b2 00 00 21 04 02 00 00 00 00 00 00 00 00 16 80 bc 56 00 aa 00 00 c3 b2 00 
00 b4 00 1f 00 00 00 00 00 00 00 00 16 80 bc 56 00 ab 00 00 c3 b2 00 00 09 04 1f 00 00 00 00 00 
00 00 00 16 80 bc 56 00 ac 00 00 c3 b2 00 00 1e 04 01 00 00 00 00 00 00 00 00 16 80 bc 56 00 ad 
00 00 c3 b2 00 00 9d 00 1f 00 00 00 00 00 00 00 00 16 80 bc 55 00 ae 00 00 02 00 00 00 cc 00 0c 
00 00 00 00 00 00 00 00 16 80 bc 55 00 af 00 00 0b 00 00 00 37 02 96 00 00 00 00 00 00 00 00 16 
80 bc 55 00 b0 00 00 2d 00 00 00 23 04 0a 00 00 00 00 00 00 00 00 16 80 bc 55 00 b1 00 00 2d 00 
00 00 20 04 0a 00 00 00 00 00 00 00 00 16 80 bc 55 00 b2 00 00 2d 00 00 00 19 04 05 00 00 00 00 
00 00 00 00 16 80 bc 55 00 b3 00 00 2d 00 00 00 42 04 05 00 00 00 00 00 00 00 00 16 80 bc 55 00 
b4 00 00 34 00 00 00 83 02 c8 00 00 00 00 00 00 00 00 16 80 bc 55 00 b5 00 00 4b 00 00 00 1f 04 
19 00 00 00 00 00 00 00 00 16 80 bc 55 00 b6 00 00 5f 00 00 00 7c 04 0f 00 00 00 00 00 00 00 00 
16 80 bc 55 00 b7 00 00 5f 00 00 00 07 04 0f 00 00 00 00 00 00 00 00 16 80 bc 55 00 b8 00 00 62 
00 00 00 06 04 01 00 00 00 00 00 00 00 00 16 80 bc 55 00 b9 00 00 62 00 00 00 15 04 01 00 00 00 
00 00 00 00 00 16 80 bc 55 00 ba 00 00 5a 01 00 00 07 04 05 00 00 00 00 00 00 00 00 
....H........V....$.....!...........V......................V......................V.............
.........V........p.............V....,.................V....,.....!...........V....,.....!......
.....V....,.................V....,.................V....,.....!...........V.....................
.V........!.............V......................V......................V......................V..
....................U......................U........7.............U....-...#.............U....-.
.. .............U....-.................U....-...B.............U....4.................U....K.....
............U...._...|.............U...._.................U....b.................U....b.........
........U....Z..............

Client->GAME [13:31:54 07/15/09] packet size: 1 CRYPTED, Flags: 5f ServerSeq: 7 ClientSeq: 7
02 
.

GAME->Client [13:31:54 07/15/09] packet size: 711 CRYPTED, Flags: 1f ServerSeq: 8 ClientSeq: 5
02 04 02 00 37 0c 16 80 bc 55 00 bb 00 00 5a 01 00 00 1d 04 0f 00 00 00 00 00 00 00 00 16 80 bc 
55 00 bc 00 00 64 01 00 00 1f 04 05 00 00 00 00 00 00 00 00 16 80 bc 55 00 bd 00 00 66 01 00 00 
7b 04 05 00 00 00 00 00 00 00 00 16 80 bc 55 00 be 00 00 66 01 00 00 12 04 0a 00 00 00 00 00 00 
00 00 16 80 bc 55 00 bf 00 00 66 01 00 00 06 04 0b 00 00 00 00 00 00 00 00 16 80 bc 55 00 c0 00 
00 8e 01 00 00 03 04 05 00 00 00 00 00 00 00 00 16 80 bc 55 00 c1 00 00 8e 01 00 00 12 04 0f 00 
00 00 00 00 00 00 00 16 80 bc 55 00 c2 00 00 8e 01 00 00 77 04 05 00 00 00 00 00 00 00 00 16 80 
bc 55 00 c3 00 00 cd 01 00 00 e5 03 05 00 00 00 00 00 00 00 00 16 80 bc 55 00 c4 00 00 cd 01 00 
00 73 04 05 00 00 00 00 00 00 00 00 16 80 bc 55 00 c5 00 00 cd 01 00 00 e3 03 0f 00 00 00 00 00 
00 00 00 16 80 bc 55 00 c6 00 00 d5 01 00 00 e3 03 05 00 00 00 00 00 00 00 00 00 43 13 16 80 bc 
55 00 c7 00 00 36 02 00 00 37 02 0a 00 00 00 00 00 00 00 00 16 80 bc 55 00 c8 00 00 74 02 00 00 
34 02 1e 00 00 00 00 00 00 00 00 16 80 bc 15 00 c9 00 00 11 00 00 00 ab 00 0d 00 00 00 00 00 00 
00 00 16 80 bc 15 00 ca 00 00 11 00 00 00 0a 02 4d 00 00 00 00 00 00 00 00 16 80 bc 15 00 cb 00 
00 11 00 00 00 f2 03 34 00 00 00 00 00 00 00 00 16 80 bc 15 00 cc 00 00 11 00 00 00 ed 03 4d 00 
00 00 00 00 00 00 00 16 80 bc 15 00 cd 00 00 11 00 00 00 9f 00 19 00 00 00 00 00 00 00 00 16 80 
bc 15 00 ce 00 00 11 00 00 00 f1 03 34 00 00 00 00 00 00 00 00 16 80 bc 15 00 cf 00 00 11 00 00 
00 0c 02 34 00 00 00 00 00 00 00 00 16 80 bc 15 00 d0 00 00 11 00 00 00 b7 00 4d 00 00 00 00 00 
00 00 00 16 80 bc 15 00 d1 00 00 11 00 00 00 f3 03 46 00 00 00 00 00 00 00 00 16 80 bc 11 00 d2 
00 00 00 00 00 00 cb 02 00 00 00 00 00 00 00 00 00 16 80 bc 45 03 11 00 00 02 00 00 00 11 00 32 
00 00 00 00 00 00 00 00 16 80 bc 45 03 35 04 00 62 00 00 00 35 04 00 00 00 00 00 00 00 00 00 16 
80 bc 45 03 3d 04 00 43 00 00 00 3d 04 00 00 00 00 00 00 00 00 00 16 80 bc 45 03 3e 04 00 4f 01 
00 00 3e 04 00 00 00 00 00 00 00 00 00 16 80 bc 45 03 3f 04 00 64 01 00 00 3f 04 00 00 00 00 00 
00 00 00 00 16 80 bc 45 03 40 04 00 d5 01 00 00 40 04 00 00 00 00 00 00 00 00 00 0b 80 bd 05 11 
00 00 00 00 00 00 01 
....7....U....Z.................U....d.................U....f...{.............U....f............
.....U....f.................U......................U......................U........w............
.U......................U........s.............U......................U....................C....
U....6...7.............U....t...4...............................................M...............
.......4......................M.............................................4...................
...4......................M......................F..................................E..........2
...........E.5..b...5.............E.=..C...=.............E.>..O...>.............E.?..d...?......
.......E.@......@......................

Client->GAME [13:31:54 07/15/09] packet size: 1 CRYPTED, Flags: 3f ServerSeq: 8 ClientSeq: 8
02 
.

GAME->Client [13:31:54 07/15/09] packet size: 696 CRYPTED, Flags: 7f ServerSeq: 9 ClientSeq: 7
02 04 01 00 56 1e 16 80 bc 56 00 8e 00 00 0a 95 00 00 06 04 02 00 00 00 01 00 00 00 00 16 80 bc 
56 00 8f 00 00 0a 95 00 00 b4 00 11 00 00 00 01 00 00 00 00 16 80 bc 56 00 90 00 00 0a 95 00 00 
b5 00 11 00 00 00 01 00 00 00 00 16 80 bc 56 00 91 00 00 0a 95 00 00 07 04 02 00 00 00 01 00 00 
00 00 16 80 bc 56 00 d3 00 00 0a 95 00 00 06 04 02 00 00 00 00 00 00 00 00 16 80 bc 56 00 d4 00 
00 0a 95 00 00 b4 00 11 00 00 00 00 00 00 00 00 16 80 bc 56 00 d5 00 00 0a 95 00 00 b5 00 11 00 
00 00 00 00 00 00 00 16 80 bc 56 00 d6 00 00 0a 95 00 00 07 04 02 00 00 00 00 00 00 00 00 16 80 
bc 56 00 92 00 00 8a b2 00 00 23 04 02 00 00 00 01 00 00 00 00 16 80 bc 56 00 93 00 00 8a b2 00 
00 21 04 01 00 00 00 01 00 00 00 00 16 80 bc 56 00 94 00 00 8a b2 00 00 b4 00 1d 00 00 00 01 00 
00 00 00 16 80 bc 56 00 95 00 00 8a b2 00 00 09 04 1d 00 00 00 01 00 00 00 00 16 80 bc 56 00 96 
00 00 8a b2 00 00 9d 00 1d 00 00 00 01 00 00 00 00 16 80 bc 56 00 97 00 00 8a b2 00 00 06 04 01 
00 00 00 01 00 00 00 00 16 80 bc 56 00 d7 00 00 8a b2 00 00 23 04 02 00 00 00 00 00 00 00 00 16 
80 bc 56 00 d8 00 00 8a b2 00 00 21 04 01 00 00 00 00 00 00 00 00 16 80 bc 56 00 d9 00 00 8a b2 
00 00 b4 00 1d 00 00 00 00 00 00 00 00 16 80 bc 56 00 da 00 00 8a b2 00 00 09 04 1d 00 00 00 00 
00 00 00 00 16 80 bc 56 00 db 00 00 8a b2 00 00 9d 00 1d 00 00 00 00 00 00 00 00 16 80 bc 56 00 
dc 00 00 8a b2 00 00 06 04 01 00 00 00 00 00 00 00 00 16 80 bc 56 00 98 00 00 24 b3 00 00 89 02 
02 00 00 00 01 00 00 00 00 16 80 bc 56 00 99 00 00 24 b3 00 00 1a 04 01 00 00 00 01 00 00 00 00 
16 80 bc 56 00 9a 00 00 24 b3 00 00 b4 00 21 00 00 00 01 00 00 00 00 16 80 bc 56 00 9b 00 00 24 
b3 00 00 09 04 21 00 00 00 01 00 00 00 00 16 80 bc 56 00 9c 00 00 24 b3 00 00 15 04 02 00 00 00 
01 00 00 00 00 16 80 bc 56 00 9d 00 00 24 b3 00 00 b5 00 21 00 00 00 01 00 00 00 00 16 80 bc 56 
00 dd 00 00 24 b3 00 00 89 02 02 00 00 00 00 00 00 00 00 16 80 bc 56 00 de 00 00 24 b3 00 00 1a 
04 01 00 00 00 00 00 00 00 00 16 80 bc 56 00 df 00 00 24 b3 00 00 b4 00 21 00 00 00 00 00 00 00 
00 16 80 bc 56 00 e0 00 00 24 b3 00 00 09 04 21 00 00 00 00 00 00 00 00 
....V....V......................V......................V......................V.................
.....V......................V......................V......................V.....................
.V........#.............V........!.............V......................V......................V..
....................V......................V........#.............V........!.............V......
................V......................V......................V......................V....$.....
............V....$.................V....$.....!...........V....$.....!...........V....$.........
........V....$.....!...........V....$.................V....$.................V....$.....!.......
....V....$.....!........

Client->GAME [13:31:55 07/15/09] packet size: 1 CRYPTED, Flags: 7f ServerSeq: 9 ClientSeq: 9
02 
.

GAME->Client [13:31:55 07/15/09] packet size: 696 CRYPTED, Flags: 7f ServerSeq: 10 ClientSeq: 8
02 04 01 00 74 1e 16 80 bc 56 00 e1 00 00 24 b3 00 00 15 04 02 00 00 00 00 00 00 00 00 16 80 bc 
56 00 e2 00 00 24 b3 00 00 b5 00 21 00 00 00 00 00 00 00 00 16 80 bc 56 00 9e 00 00 95 a7 00 00 
b4 00 12 00 00 00 01 00 00 00 00 16 80 bc 56 00 9f 00 00 95 a7 00 00 b5 00 12 00 00 00 01 00 00 
00 00 16 80 bc 56 00 a0 00 00 95 a7 00 00 09 04 12 00 00 00 01 00 00 00 00 16 80 bc 56 00 a1 00 
00 95 a7 00 00 70 00 0f 00 00 00 01 00 00 00 00 16 80 bc 56 00 e3 00 00 95 a7 00 00 b4 00 12 00 
00 00 00 00 00 00 00 16 80 bc 56 00 e4 00 00 95 a7 00 00 b5 00 12 00 00 00 00 00 00 00 00 16 80 
bc 56 00 e5 00 00 95 a7 00 00 09 04 12 00 00 00 00 00 00 00 00 16 80 bc 56 00 e6 00 00 95 a7 00 
00 70 00 0f 00 00 00 00 00 00 00 00 16 80 bc 56 00 a2 00 00 2c b3 00 00 17 04 01 00 00 00 01 00 
00 00 00 16 80 bc 56 00 a3 00 00 2c b3 00 00 b4 00 21 00 00 00 01 00 00 00 00 16 80 bc 56 00 a4 
00 00 2c b3 00 00 09 04 21 00 00 00 01 00 00 00 00 16 80 bc 56 00 a5 00 00 2c b3 00 00 12 04 02 
00 00 00 01 00 00 00 00 16 80 bc 56 00 a6 00 00 2c b3 00 00 07 04 02 00 00 00 01 00 00 00 00 16 
80 bc 56 00 a7 00 00 2c b3 00 00 b5 00 21 00 00 00 01 00 00 00 00 16 80 bc 56 00 e7 00 00 2c b3 
00 00 17 04 01 00 00 00 00 00 00 00 00 16 80 bc 56 00 e8 00 00 2c b3 00 00 b4 00 21 00 00 00 00 
00 00 00 00 16 80 bc 56 00 e9 00 00 2c b3 00 00 09 04 21 00 00 00 00 00 00 00 00 16 80 bc 56 00 
ea 00 00 2c b3 00 00 12 04 02 00 00 00 00 00 00 00 00 16 80 bc 56 00 eb 00 00 2c b3 00 00 07 04 
02 00 00 00 00 00 00 00 00 16 80 bc 56 00 ec 00 00 2c b3 00 00 b5 00 21 00 00 00 00 00 00 00 00 
16 80 bc 56 00 a8 00 00 c3 b2 00 00 89 02 02 00 00 00 01 00 00 00 00 16 80 bc 56 00 a9 00 00 c3 
b2 00 00 21 04 02 00 00 00 01 00 00 00 00 16 80 bc 56 00 aa 00 00 c3 b2 00 00 b4 00 1f 00 00 00 
01 00 00 00 00 16 80 bc 56 00 ab 00 00 c3 b2 00 00 09 04 1f 00 00 00 01 00 00 00 00 16 80 bc 56 
00 ac 00 00 c3 b2 00 00 1e 04 01 00 00 00 01 00 00 00 00 16 80 bc 56 00 ad 00 00 c3 b2 00 00 9d 
00 1f 00 00 00 01 00 00 00 00 16 80 bc 56 00 ed 00 00 c3 b2 00 00 89 02 02 00 00 00 00 00 00 00 
00 16 80 bc 56 00 ee 00 00 c3 b2 00 00 21 04 02 00 00 00 00 00 00 00 00 
....t....V....$.................V....$.....!...........V......................V.................
.....V......................V........p.............V......................V.....................
.V......................V........p.............V....,.................V....,.....!...........V..
..,.....!...........V....,.................V....,.................V....,.....!...........V....,.
................V....,.....!...........V....,.....!...........V....,.................V....,.....
............V....,.....!...........V......................V........!.............V..............
........V......................V......................V......................V..................
....V........!..........

Client->GAME [13:31:55 07/15/09] packet size: 1 CRYPTED, Flags: 7f ServerSeq: 10 ClientSeq: 10
02 
.

GAME->Client [13:31:55 07/15/09] packet size: 700 CRYPTED, Flags: 7f ServerSeq: 11 ClientSeq: 9
02 04 02 00 92 03 16 80 bc 56 00 ef 00 00 c3 b2 00 00 b4 00 1f 00 00 00 00 00 00 00 00 16 80 bc 
56 00 f0 00 00 c3 b2 00 00 09 04 1f 00 00 00 00 00 00 00 00 16 80 bc 56 00 f1 00 00 c3 b2 00 00 
1e 04 01 00 00 00 00 00 00 00 00 00 95 1c 16 80 bc 56 00 f2 00 00 c3 b2 00 00 9d 00 1f 00 00 00 
00 00 00 00 00 16 80 bc 15 00 c9 00 00 11 00 00 00 ab 00 0d 00 00 00 01 00 00 00 00 16 80 bc 15 
00 ca 00 00 11 00 00 00 0a 02 4d 00 00 00 01 00 00 00 00 16 80 bc 15 00 cb 00 00 11 00 00 00 f2 
03 34 00 00 00 01 00 00 00 00 16 80 bc 15 00 cc 00 00 11 00 00 00 ed 03 4d 00 00 00 01 00 00 00 
00 16 80 bc 15 00 cd 00 00 11 00 00 00 9f 00 19 00 00 00 01 00 00 00 00 16 80 bc 15 00 ce 00 00 
11 00 00 00 f1 03 34 00 00 00 01 00 00 00 00 16 80 bc 15 00 cf 00 00 11 00 00 00 0c 02 34 00 00 
00 01 00 00 00 00 16 80 bc 15 00 d0 00 00 11 00 00 00 b7 00 4d 00 00 00 01 00 00 00 00 16 80 bc 
15 00 d1 00 00 11 00 00 00 f3 03 46 00 00 00 01 00 00 00 00 0b 80 bd 05 11 00 00 00 00 00 00 00 
16 80 bc 15 00 f3 00 00 11 00 00 00 ab 00 0d 00 00 00 00 00 00 00 00 16 80 bc 15 00 f4 00 00 11 
00 00 00 0a 02 4d 00 00 00 00 00 00 00 00 16 80 bc 15 00 f5 00 00 11 00 00 00 f2 03 34 00 00 00 
00 00 00 00 00 16 80 bc 15 00 f6 00 00 11 00 00 00 ed 03 4d 00 00 00 00 00 00 00 00 16 80 bc 15 
00 f7 00 00 11 00 00 00 9f 00 19 00 00 00 00 00 00 00 00 16 80 bc 15 00 f8 00 00 11 00 00 00 f1 
03 34 00 00 00 00 00 00 00 00 16 80 bc 15 00 f9 00 00 11 00 00 00 0c 02 34 00 00 00 00 00 00 00 
00 16 80 bc 15 00 fa 00 00 11 00 00 00 b7 00 4d 00 00 00 00 00 00 00 00 16 80 bc 15 00 fb 00 00 
11 00 00 00 f3 03 46 00 00 00 00 00 00 00 00 0b 80 bd 05 11 00 00 00 00 00 00 01 16 80 bc 15 00 
f3 00 00 11 00 00 00 ab 00 0d 00 00 00 01 00 00 00 00 16 80 bc 15 00 f4 00 00 11 00 00 00 0a 02 
4d 00 00 00 01 00 00 00 00 16 80 bc 15 00 f5 00 00 11 00 00 00 f2 03 34 00 00 00 01 00 00 00 00 
16 80 bc 15 00 f6 00 00 11 00 00 00 ed 03 4d 00 00 00 01 00 00 00 00 16 80 bc 15 00 f7 00 00 11 
00 00 00 9f 00 19 00 00 00 01 00 00 00 00 16 80 bc 15 00 f8 00 00 11 00 00 00 f1 03 34 00 00 00 
01 00 00 00 00 16 80 bc 15 00 f9 00 00 11 00 00 00 0c 02 34 00 00 00 01 00 00 00 00 
.........V......................V......................V.........................V..............
..........................................M......................4......................M.......
......................................4......................4......................M...........
...........F.........................................................M......................4...
...................M.............................................4......................4.......
...............M......................F.........................................................
M......................4......................M.............................................4...
...................4........

Client->GAME [13:31:55 07/15/09] packet size: 1 CRYPTED, Flags: 7f ServerSeq: 11 ClientSeq: 11
02 
.

GAME->Client [13:31:55 07/15/09] packet size: 701 CRYPTED, Flags: 7f ServerSeq: 12 ClientSeq: 10
02 04 01 00 b1 21 16 80 bc 15 00 fa 00 00 11 00 00 00 b7 00 4d 00 00 00 01 00 00 00 00 16 80 bc 
15 00 fb 00 00 11 00 00 00 f3 03 46 00 00 00 01 00 00 00 00 04 80 b3 11 00 16 80 bc 45 03 11 00 
00 02 00 00 00 11 00 32 00 00 00 01 00 00 00 00 16 80 bc 55 00 ae 00 00 02 00 00 00 cc 00 0c 00 
00 00 01 00 00 00 00 08 80 b2 11 00 32 00 08 02 16 80 bc 45 03 11 00 00 02 00 00 00 11 00 32 00 
00 00 00 00 00 00 00 16 80 bc 55 00 fc 00 00 02 00 00 00 cc 00 0c 00 00 00 00 00 00 00 00 16 80 
bc 15 00 fd 00 00 11 00 00 00 ab 00 0d 00 00 00 00 00 00 00 00 16 80 bc 15 00 fe 00 00 11 00 00 
00 0a 02 4d 00 00 00 00 00 00 00 00 16 80 bc 15 00 ff 00 00 11 00 00 00 f2 03 34 00 00 00 00 00 
00 00 00 16 80 bc 15 00 00 01 00 11 00 00 00 ed 03 4d 00 00 00 00 00 00 00 00 16 80 bc 15 00 01 
01 00 11 00 00 00 9f 00 19 00 00 00 00 00 00 00 00 16 80 bc 15 00 02 01 00 11 00 00 00 f1 03 34 
00 00 00 00 00 00 00 00 16 80 bc 15 00 03 01 00 11 00 00 00 0c 02 34 00 00 00 00 00 00 00 00 16 
80 bc 15 00 04 01 00 11 00 00 00 b7 00 4d 00 00 00 00 00 00 00 00 16 80 bc 15 00 05 01 00 11 00 
00 00 f3 03 46 00 00 00 00 00 00 00 00 16 80 bc 55 00 af 00 00 0b 00 00 00 37 02 96 00 00 00 01 
00 00 00 00 16 80 bc 55 00 06 01 00 0b 00 00 00 37 02 96 00 00 00 00 00 00 00 00 16 80 bc 55 00 
b0 00 00 2d 00 00 00 23 04 0a 00 00 00 01 00 00 00 00 16 80 bc 55 00 b1 00 00 2d 00 00 00 20 04 
0a 00 00 00 01 00 00 00 00 16 80 bc 55 00 b2 00 00 2d 00 00 00 19 04 05 00 00 00 01 00 00 00 00 
16 80 bc 55 00 b3 00 00 2d 00 00 00 42 04 05 00 00 00 01 00 00 00 00 16 80 bc 55 00 07 01 00 2d 
00 00 00 23 04 0a 00 00 00 00 00 00 00 00 16 80 bc 55 00 08 01 00 2d 00 00 00 20 04 0a 00 00 00 
00 00 00 00 00 16 80 bc 55 00 09 01 00 2d 00 00 00 19 04 05 00 00 00 00 00 00 00 00 16 80 bc 55 
00 0a 01 00 2d 00 00 00 42 04 05 00 00 00 00 00 00 00 00 16 80 bc 55 00 b4 00 00 34 00 00 00 83 
02 c8 00 00 00 01 00 00 00 00 16 80 bc 55 00 0b 01 00 34 00 00 00 83 02 c8 00 00 00 00 00 00 00 
00 04 80 b3 3d 04 16 80 bc 45 03 3d 04 00 43 00 00 00 3d 04 00 00 00 00 01 00 00 00 00 08 80 b2 
3d 04 00 00 08 02 16 80 bc 45 03 3d 04 00 43 00 00 00 3d 04 00 00 00 00 00 00 00 00 00 
.....!..............M......................F................E..........2...........U............
............2......E..........2...........U.....................................................
...M......................4......................M.............................................4
......................4......................M......................F...........U........7......
.......U........7.............U....-...#.............U....-... .............U....-..............
...U....-...B.............U....-...#.............U....-... .............U....-.................U
....-...B.............U....4.................U....4.................=....E.=..C...=.............
=........E.=..C...=..........

Client->GAME [13:31:55 07/15/09] packet size: 1 CRYPTED, Flags: 7f ServerSeq: 12 ClientSeq: 12
02 
.

GAME->Client [13:31:55 07/15/09] packet size: 695 CRYPTED, Flags: 7f ServerSeq: 13 ClientSeq: 11
02 04 02 00 d2 06 16 80 bc 55 00 b5 00 00 4b 00 00 00 1f 04 19 00 00 00 01 00 00 00 00 16 80 bc 
55 00 0c 01 00 4b 00 00 00 1f 04 19 00 00 00 00 00 00 00 00 16 80 bc 55 00 b6 00 00 5f 00 00 00 
7c 04 0f 00 00 00 01 00 00 00 00 16 80 bc 55 00 b7 00 00 5f 00 00 00 07 04 0f 00 00 00 01 00 00 
00 00 16 80 bc 55 00 0d 01 00 5f 00 00 00 7c 04 0f 00 00 00 00 00 00 00 00 16 80 bc 55 00 0e 01 
00 5f 00 00 00 07 04 0f 00 00 00 00 00 00 00 00 00 d8 1c 16 80 bc 55 00 b8 00 00 62 00 00 00 06 
04 01 00 00 00 01 00 00 00 00 04 80 b3 35 04 16 80 bc 45 03 35 04 00 62 00 00 00 35 04 00 00 00 
00 01 00 00 00 00 16 80 bc 55 00 b9 00 00 62 00 00 00 15 04 01 00 00 00 01 00 00 00 00 16 80 bc 
55 00 0f 01 00 62 00 00 00 06 04 01 00 00 00 00 00 00 00 00 08 80 b2 35 04 00 00 08 02 16 80 bc 
45 03 35 04 00 62 00 00 00 35 04 00 00 00 00 00 00 00 00 00 16 80 bc 55 00 10 01 00 62 00 00 00 
15 04 01 00 00 00 00 00 00 00 00 04 80 b3 3e 04 16 80 bc 45 03 3e 04 00 4f 01 00 00 3e 04 00 00 
00 00 01 00 00 00 00 08 80 b2 3e 04 00 00 08 02 16 80 bc 45 03 3e 04 00 4f 01 00 00 3e 04 00 00 
00 00 00 00 00 00 00 16 80 bc 55 00 ba 00 00 5a 01 00 00 07 04 05 00 00 00 01 00 00 00 00 16 80 
bc 55 00 bb 00 00 5a 01 00 00 1d 04 0f 00 00 00 01 00 00 00 00 16 80 bc 55 00 11 01 00 5a 01 00 
00 07 04 05 00 00 00 00 00 00 00 00 16 80 bc 55 00 12 01 00 5a 01 00 00 1d 04 0f 00 00 00 00 00 
00 00 00 04 80 b3 3f 04 16 80 bc 45 03 3f 04 00 64 01 00 00 3f 04 00 00 00 00 01 00 00 00 00 16 
80 bc 55 00 bc 00 00 64 01 00 00 1f 04 05 00 00 00 01 00 00 00 00 08 80 b2 3f 04 00 00 08 02 16 
80 bc 45 03 3f 04 00 64 01 00 00 3f 04 00 00 00 00 00 00 00 00 00 16 80 bc 55 00 13 01 00 64 01 
00 00 1f 04 05 00 00 00 00 00 00 00 00 16 80 bc 55 00 bd 00 00 66 01 00 00 7b 04 05 00 00 00 01 
00 00 00 00 16 80 bc 55 00 be 00 00 66 01 00 00 12 04 0a 00 00 00 01 00 00 00 00 16 80 bc 55 00 
bf 00 00 66 01 00 00 06 04 0b 00 00 00 01 00 00 00 00 16 80 bc 55 00 14 01 00 66 01 00 00 7b 04 
05 00 00 00 00 00 00 00 00 16 80 bc 55 00 15 01 00 66 01 00 00 12 04 0a 00 00 00 00 00 00 00 00 
16 80 bc 55 00 16 01 00 66 01 00 00 06 04 0b 00 00 00 00 00 00 00 00 
.........U....K.................U....K.................U...._...|.............U...._............
.....U...._...|.............U...._....................U....b.................5....E.5..b...5....
.........U....b.................U....b.................5........E.5..b...5.............U....b...
..............>....E.>..O...>.............>........E.>..O...>.............U....Z................
.U....Z.................U....Z.................U....Z.................?....E.?..d...?...........
..U....d.................?........E.?..d...?.............U....d.................U....f...{......
.......U....f.................U....f.................U....f...{.............U....f..............
...U....f..............

Client->GAME [13:31:55 07/15/09] packet size: 1 CRYPTED, Flags: 7f ServerSeq: 13 ClientSeq: 13
02 
.

GAME->Client [13:31:55 07/15/09] packet size: 729 CRYPTED, Flags: 7f ServerSeq: 14 ClientSeq: 12
02 03 01 00 08 50 02 25 0c 30 10 e3 cd ab 02 09 00 00 00 00 80 9d de c0 00 00 00 00 00 40 60 40 
00 00 00 00 00 40 bf 40 00 00 00 00 f2 04 35 bf 00 00 00 00 f3 04 35 3f 0f 00 00 01 00 0c 57 02 
23 cd ab 12 8e 42 6c 61 63 6b 20 54 69 67 65 72 20 53 74 72 65 65 74 20 46 69 67 68 74 65 72 00 
00 00 00 00 00 00 10 00 00 22 d4 97 f0 1b 00 c6 01 80 d1 cc 09 00 58 0a 00 00 00 b8 91 00 e0 c0 
00 00 00 00 00 c0 57 40 00 00 00 e0 77 7f c5 40 c0 01 83 01 02 a8 15 5e 03 b2 09 5e 03 07 08 00 
00 80 02 05 0d 00 00 01 00 0c 57 02 24 cd ab 12 8e 53 68 75 72 69 6b 65 6e 20 54 65 74 73 75 62 
69 73 68 69 00 00 00 00 00 00 00 00 00 00 00 00 00 00 10 00 00 22 d4 c8 30 1c 00 c6 01 80 c1 e8 
09 00 58 00 00 00 b8 eb b5 dd c0 00 00 00 00 20 f9 40 40 00 00 00 20 29 1d bf 40 c0 01 83 05 02 
a8 18 cf 03 b2 09 cf 03 07 08 00 00 81 f0 1a 00 00 02 06 0b 00 00 01 00 08 a3 01 d9 0a 30 10 e4 
cd ab 03 88 00 00 00 00 f3 04 35 3f 00 00 00 00 f3 04 35 3f 22 00 00 00 00 00 fb dd c0 00 00 00 
00 00 08 81 40 00 00 00 00 00 e8 bc 40 ff ff ff ff 09 00 00 01 00 0c 57 02 25 cd ab 10 8e 42 6c 
61 63 6b 20 54 69 67 65 72 20 53 74 72 65 65 74 20 42 6f 73 73 00 00 00 00 00 00 00 00 00 00 10 
00 00 22 d4 c9 f1 1b 00 c6 01 80 c1 cd 09 00 58 00 00 00 30 9b 85 df c0 00 00 00 00 00 c0 57 40 
00 00 00 e0 97 c9 af 40 c0 01 82 01 a8 15 7e 04 b2 04 7e 04 07 08 00 00 80 02 05 07 00 00 00 00 
04 01 00 f4 0c 16 80 bc 55 00 c0 00 00 8e 01 00 00 03 04 05 00 00 00 01 00 00 00 00 16 80 bc 55 
00 c1 00 00 8e 01 00 00 12 04 0f 00 00 00 01 00 00 00 00 16 80 bc 55 00 c2 00 00 8e 01 00 00 77 
04 05 00 00 00 01 00 00 00 00 16 80 bc 55 00 17 01 00 8e 01 00 00 03 04 05 00 00 00 00 00 00 00 
00 16 80 bc 55 00 18 01 00 8e 01 00 00 12 04 0f 00 00 00 00 00 00 00 00 16 80 bc 55 00 19 01 00 
8e 01 00 00 77 04 05 00 00 00 00 00 00 00 00 16 80 bc 55 00 c3 00 00 cd 01 00 00 e5 03 05 00 00 
00 01 00 00 00 00 16 80 bc 55 00 c4 00 00 cd 01 00 00 73 04 05 00 00 00 01 00 00 00 00 16 80 bc 
55 00 c5 00 00 cd 01 00 00 e3 03 0f 00 00 00 01 00 00 00 00 16 80 bc 55 00 1a 01 00 cd 01 00 00 
e5 03 05 00 00 00 00 00 00 00 00 16 80 bc 55 00 1b 01 00 cd 01 00 00 73 04 05 00 00 00 00 00 00 
00 00 16 80 bc 55 00 1c 01 00 cd 01 00 00 e3 03 0f 00 00 00 00 00 00 00 00 
.....P.%.0...................@`@.....@.@......5.......5?......W.#....Black Tiger Street Fighter.
........."............X...............W@....w..@.......^...^..............W.$....Shuriken Tetsub
ishi................."..0.........X............ .@@... )..@..................................0..
..........5?......5?"...............@.......@..........W.%....Black Tiger Street Boss...........
.."............X...0..........W@.......@......~...~.....................U......................U
......................U........w.............U......................U......................U....
....w.............U......................U........s.............U......................U........
..............U........s.............U...................

Client->GAME [13:31:55 07/15/09] packet size: 1 CRYPTED, Flags: 7f ServerSeq: 14 ClientSeq: 14
02 
.

GAME->Client [13:31:55 07/15/09] packet size: 712 CRYPTED, Flags: 7f ServerSeq: 15 ClientSeq: 13
02 03 01 00 02 13 00 0b 00 02 0c be 5e af ed c6 00 c9 07 42 49 e9 f8 45 01 00 0c 57 02 26 cd ab 
10 8e 42 6c 61 63 6b 20 54 69 67 65 72 20 53 74 72 65 65 74 20 46 69 67 68 74 65 72 00 00 00 00 
00 00 00 10 00 00 22 d4 f2 f0 1b 00 c6 01 80 c1 cb 09 00 58 00 00 00 50 5d 3b e0 c0 00 00 00 00 
00 c0 57 40 00 00 00 d0 84 31 b0 40 c0 01 82 02 a8 15 5e 03 b2 09 5e 03 07 08 00 00 80 02 05 05 
00 00 01 00 0c 57 02 27 cd ab 13 8e 53 68 75 72 69 6b 65 6e 20 53 68 61 6b 65 6e 00 00 00 00 00 
00 00 00 00 00 00 00 00 00 00 00 00 00 10 00 00 22 d4 36 2f 1c 00 c6 01 80 d1 eb 09 00 58 0a 00 
00 00 58 41 3b db c0 00 00 00 00 00 c0 57 40 00 00 00 e0 1a 1c c3 40 c0 01 83 01 03 a8 18 8a 02 
b2 09 8a 02 07 08 00 00 81 f0 1a 00 00 02 06 03 00 00 00 00 04 01 01 00 16 04 80 b3 40 04 16 80 
bc 45 03 40 04 00 d5 01 00 00 40 04 00 00 00 00 01 00 00 00 00 16 80 bc 55 00 c6 00 00 d5 01 00 
00 e3 03 05 00 00 00 01 00 00 00 00 08 80 b2 40 04 00 00 08 02 16 80 bc 45 03 40 04 00 d5 01 00 
00 40 04 00 00 00 00 00 00 00 00 00 16 80 bc 55 00 1d 01 00 d5 01 00 00 e3 03 05 00 00 00 00 00 
00 00 00 16 80 bc 55 00 c7 00 00 36 02 00 00 37 02 0a 00 00 00 01 00 00 00 00 16 80 bc 55 00 1e 
01 00 36 02 00 00 37 02 0a 00 00 00 00 00 00 00 00 16 80 bc 55 00 c8 00 00 74 02 00 00 34 02 1e 
00 00 00 01 00 00 00 00 16 80 bc 55 00 1f 01 00 74 02 00 00 34 02 1e 00 00 00 00 00 00 00 00 16 
80 bc 15 00 fd 00 00 11 00 00 00 ab 00 0d 00 00 00 01 00 00 00 00 16 80 bc 15 00 fe 00 00 11 00 
00 00 0a 02 4d 00 00 00 01 00 00 00 00 16 80 bc 15 00 ff 00 00 11 00 00 00 f2 03 34 00 00 00 01 
00 00 00 00 16 80 bc 15 00 00 01 00 11 00 00 00 ed 03 4d 00 00 00 01 00 00 00 00 16 80 bc 15 00 
01 01 00 11 00 00 00 9f 00 19 00 00 00 01 00 00 00 00 16 80 bc 15 00 02 01 00 11 00 00 00 f1 03 
34 00 00 00 01 00 00 00 00 16 80 bc 15 00 03 01 00 11 00 00 00 0c 02 34 00 00 00 01 00 00 00 00 
16 80 bc 15 00 04 01 00 11 00 00 00 b7 00 4d 00 00 00 01 00 00 00 00 16 80 bc 15 00 05 01 00 11 
00 00 00 f3 03 46 00 00 00 01 00 00 00 00 0b 80 bd 05 11 00 00 00 00 00 00 00 16 80 bc 15 00 20 
01 00 11 00 00 00 ab 00 0d 00 00 00 00 00 00 00 00 16 80 bc 15 00 21 01 00 11 00 00 00 0a 02 4d 
00 00 00 00 00 00 00 00 
............^......BI..E...W.&....Black Tiger Street Fighter.........."............X...P];......
..W@.....1.@......^...^..............W.'....Shuriken Shaken.....................".6/.........X..
..XA;........W@.......@.....................................@....E.@......@.............U.......
...............@........E.@......@.............U......................U....6...7.............U..
..6...7.............U....t...4.............U....t...4...........................................
....M......................4......................M.............................................
4......................4......................M......................F......................... 
......................!........M........

Client->GAME [13:31:55 07/15/09] packet size: 1 CRYPTED, Flags: 7f ServerSeq: 15 ClientSeq: 15
02 
.

Client->GAME [13:31:55 07/15/09] packet size: 44 CRYPTED, Flags: 7f ServerSeq: 15 ClientSeq: 16
02 04 01 00 07 02 12 80 c9 48 00 80 12 00 98 37 c7 00 80 18 44 00 80 3b c5 12 80 c9 4f 00 80 12 
00 98 37 c7 00 80 18 44 00 20 4b c6 
.........H.....7....D..;....O.....7....D. K.

GAME->Client [13:31:55 07/15/09] packet size: 662 CRYPTED, Flags: 7f ServerSeq: 16 ClientSeq: 14
82 09 84 fc 48 03 0b 00 02 0e 00 b3 5e af ed c6 00 c9 07 42 49 e9 f8 45 00 00 04 02 01 16 08 16 
80 bc 15 00 22 01 00 11 00 00 00 f2 03 34 00 00 00 00 00 00 00 00 16 80 bc 15 00 23 01 00 11 00 
00 00 ed 03 4d 00 00 00 00 00 00 00 00 16 80 bc 15 00 24 01 00 11 00 00 00 9f 00 19 00 00 00 00 
00 00 00 00 16 80 bc 15 00 25 01 00 11 00 00 00 f1 03 34 00 00 00 00 00 00 00 00 16 80 bc 15 00 
26 01 00 11 00 00 00 0c 02 34 00 00 00 00 00 00 00 00 16 80 bc 15 00 27 01 00 11 00 00 00 b7 00 
4d 00 00 00 00 00 00 00 00 16 80 bc 15 00 28 01 00 11 00 00 00 f3 03 46 00 00 00 00 00 00 00 00 
0b 80 bd 05 11 00 00 00 00 00 00 01 01 1e 0a 17 3a 05 00 11 00 0a 00 50 76 50 53 65 72 76 65 72 
00 04 00 06 00 00 00 1d 3a 05 00 17 00 10 00 50 76 50 4d 61 78 53 61 66 65 4c 65 76 65 6c 00 04 
00 0f 00 00 00 3f 3a 05 00 14 00 0d 00 57 52 5f 52 65 7a 45 76 65 6e 74 73 00 29 00 48 61 6c 6c 
6f 77 65 65 6e 5f 45 76 65 6e 74 2c 57 69 6e 74 65 72 33 50 6c 75 73 48 61 6c 6c 6f 77 65 65 6e 
54 53 45 43 00 1b 3a 05 00 19 00 12 00 45 76 65 6e 74 53 6c 6f 74 31 5f 45 66 66 65 63 74 00 00 
00 28 3a 05 00 19 00 12 00 45 76 65 6e 74 53 6c 6f 74 32 5f 45 66 66 65 63 74 00 0d 00 66 6c 79 
6d 61 6e 5f 69 64 6c 65 33 00 25 3a 05 00 19 00 12 00 45 76 65 6e 74 53 6c 6f 74 33 5f 45 66 66 
65 63 74 00 0a 00 66 6c 79 5f 76 69 72 75 73 00 1f 3a 05 00 1b 00 14 00 46 69 78 65 64 42 69 6e 
6b 49 44 4f 76 65 72 72 69 64 65 00 02 00 20 00 41 81 67 17 00 27 00 1c 22 00 c6 01 11 00 00 00 
00 00 00 00 37 00 00 08 0e 00 41 66 74 65 72 57 68 6f 72 75 4e 65 6f 00 0e 00 41 66 74 65 72 57 
68 6f 72 75 4e 65 6f 00 02 00 4d 00 00 00 00 00 00 00 41 81 67 17 00 27 00 1c 22 00 c6 01 11 00 
00 00 00 00 00 00 37 00 00 08 0e 00 41 66 74 65 72 57 68 6f 72 75 4e 65 6f 00 0e 00 41 66 74 65 
72 57 68 6f 72 75 4e 65 6f 00 02 00 4d 00 00 00 00 00 00 00 41 81 67 17 00 27 00 1c 22 00 c6 01 
11 00 00 00 00 00 00 00 37 00 00 08 0e 00 41 66 74 65 72 57 68 6f 72 75 4e 65 6f 00 0e 00 41 66 
74 65 72 57 68 6f 72 75 4e 65 6f 00 02 00 4d 00 00 00 00 00 00 00 
....H.......^......BI..E............"........4.............#........M.............$.............
.........%........4.............&........4.............'........M.............(........F........
................:......PvPServer........:......PvPMaxSafeLevel.......?:......WR_RezEvents.).Hall
oween_Event,Winter3PlusHalloweenTSEC..:......EventSlot1_Effect...(:......EventSlot2_Effect...fly
man_idle3.%:......EventSlot3_Effect...fly_virus..:......FixedBinkIDOverride... .A.g..'..".......
....7.....AfterWhoruNeo...AfterWhoruNeo...M.......A.g..'.."...........7.....AfterWhoruNeo...Afte
rWhoruNeo...M.......A.g..'.."...........7.....AfterWhoruNeo...AfterWhoruNeo...M.......

Client->GAME [13:31:55 07/15/09] packet size: 1 CRYPTED, Flags: 7f ServerSeq: 0 ClientSeq: 17
02 
.

GAME->Client [13:31:55 07/15/09] packet size: 40 CRYPTED, Flags: 7f ServerSeq: 17 ClientSeq: 0
02 03 0b 00 02 0e 00 ab 5e af ed c6 00 c9 07 42 49 e9 f8 45 03 00 02 0e 05 30 26 8e d9 c6 00 00 
be 42 6c 09 19 46 00 00 
........^......BI..E.....0&......Bl..F..

Client->GAME [13:31:55 07/15/09] packet size: 1 CRYPTED, Flags: 7f ServerSeq: 1 ClientSeq: 18
02 
.

